gis_files/fclayey.asc
ncols         625
nrows         694
xllcorner     895000
yllcorner     515000
cellsize      5000
NODATA_value  -9999
[rows 343 to 391 of 694, columns 96 to 191 of 625]
8810 9804 9857 8584 9515 9555 5865 8265 7155 3076 5536 6116 46 135 346 61 0 0 0 0 0 0 0 0 0 0 0 287 7802 9619 9671 9710 9538 9399 8854 9661 9748 9918 9741 7536 7533 4775 6820 5710 9199 6956 6543 9640 9867 7615 1802 0 0 2426 117 0 0 0 0 2422 8559 4050 9826 9821 8293 6855 6876 1913 58 669 0 0 0 0 0 0 6436 9668 9965 9291 9428 1248 0 832 9239 9246 5962 4316 9836 9861 7482 9913 9971 9952 4170 270
9653 9687 9944 9792 9938 9886 5426 1092 4624 5511 2927 3569 13 1777 0 0 0 0 2319 1963 5 402 2831 1981 0 0 320 1591 8897 9636 8241 9230 9898 9742 8757 6001 8260 9504 8446 4644 5537 9391 8978 8187 3607 6470 4534 6944 8925 3781 0 0 0 0 0 0 460 2989 2488 986 8742 9758 9581 9358 4748 4412 9733 8745 6732 6733 2905 0 0 0 1118 1222 1738 8370 3545 1590 3924 3145 2315 5919 9818 9760 8242 2950 8027 9916 7610 5195 3968 8303 1804 0
9953 9770 9817 9446 9683 9914 7265 4987 3614 1879 3090 0 261 0 0 0 0 0 0 467 2493 2471 4991 4248 455 0 279 7104 9872 9945 9840 9602 9751 9813 9589 8348 7395 7320 8510 1865 5301 9907 9689 9930 9500 10000 2943 0 520 1205 1588 0 0 0 0 0 2545 9682 9975 3345 4473 9747 9398 9763 3111 8174 9636 9774 8595 9724 7357 1259 329 3559 8792 7117 5215 7404 7722 8155 9562 9742 9270 9759 9544 9957 9959 9993 8006 6181 3390 809 1241 5854 5335 2599
9390 9658 10000 9991 9985 9774 6792 5782 3221 1862 871 0 0 0 0 0 273 4923 3076 1700 673 6841 5891 2784 40 0 1263 7503 9784 9666 9483 9755 9953 9826 9048 9045 8383 4641 3929 4715 8043 9522 9761 9857 9685 9776 5599 0 0 1885 3725 0 0 0 0 0 4045 9727 9486 9429 9451 9266 9658 9158 4372 8759 9863 9724 9782 9780 9818 9472 9303 9437 9284 9684 9778 9650 9777 9549 8837 9609 9753 9836 8713 8403 9133 7795 8316 10000 7833 7892 6659 4210 1502 4836
9880 9814 9823 9556 8823 9419 5715 3592 3782 2977 0 0 0 0 0 0 6753 9898 9583 9703 9663 5454 0 0 6 2105 7306 9604 9809 9764 9773 9519 7916 8569 8432 4729 3980 9572 9003 9755 9782 9945 9693 9314 9443 9878 9574 957 0 1059 5257 443 23 0 75 5047 9581 9881 8618 9124 9345 9627 9846 5259 9741 9284 8779 9336 9898 9903 9870 9547 9519 9328 9268 9543 9722 9038 9741 9201 9058 9187 8520 8427 8873 8677 9666 8429 6600 7780 6507 7714 5324 5517 3049 4823
9703 9821 9863 9716 7636 9231 2351 3856 5360 0 0 0 0 0 0 0 7520 9917 9747 9254 4062 2643 2801 5436 8079 9656 9126 9633 9803 9544 9732 9061 9102 9155 4721 3517 9260 9087 8382 9326 9481 9507 9359 9529 9829 9985 9931 8206 5491 8776 9559 9737 9157 1435 1327 9792 10000 9803 9911 8765 9867 9747 9608 9857 9928 9701 9938 9361 9886 9640 7946 8015 8311 8528 8336 8287 8690 7905 8654 8697 9446 8729 9707 9592 9675 6744 5859 6851 7194 7549 9614 7211 886 536 5409 3883
9882 9779 9472 9429 9756 9498 3742 8859 5486 283 0 0 0 0 0 855 8168 9882 9096 9801 2699 2648 8156 9511 9405 8516 9640 9432 9766 6832 7078 5753 5352 3180 5480 9335 9689 9633 9337 9467 9783 9835 9848 9240 9480 9704 9710 9871 9961 9957 10000 9691 9146 9043 2408 9876 10000 10000 9825 8623 9935 8755 8382 8401 8757 8483 8410 8503 8602 9088 9537 9587 9135 9245 8612 6820 5829 6423 6518 7191 7253 6633 6385 7193 6830 8180 9926 9849 9869 9490 4697 8994 2985 0 6498 7599
9857 9869 6469 3222 8061 9345 9014 5710 1175 0 0 0 0 0 0 34 8291 8497 9363 9206 1670 7511 9654 9650 9675 9480 9444 9679 9808 9734 9636 9829 2678 29 9046 9602 9789 9457 8926 9784 9897 9893 9938 9959 9697 9784 9871 7054 5478 7399 6611 5532 4552 8322 6106 7127 7964 8605 8593 9125 8438 8515 9647 9487 8845 9627 9204 8897 6891 5529 7169 5834 6321 3503 496 2281 9684 8754 2992 9851 9845 9941 9596 9757 9707 9691 9632 9818 9719 9438 4370 1308 7704 4061 2288 6890
9671 9375 3081 136 190 2776 5667 4609 2810 0 0 0 0 0 0 18 1322 3331 5588 2491 2529 6517 9667 9675 9556 9737 9675 9772 9380 9839 9768 9030 4918 3278 9385 9781 9629 9699 9599 9567 9793 9738 9660 9936 9909 9793 5753 162 0 0 0 0 0 964 0 0 3009 9924 7893 5020 3690 4691 6324 5732 4970 6630 7309 6956 2995 9811 9831 9984 9315 9841 8804 2868 9524 2143 55 7019 8443 9820 9808 9895 9798 7030 9797 9834 9766 9762 4793 474 5117 9887 9876 8774
8943 9221 3818 5993 3467 1680 234 1383 4 0 0 0 0 0 0 39 3636 1711 0 4 7002 9821 9945 9704 8781 9884 9809 7585 8683 5108 2809 5547 4727 5121 7171 7643 9706 9481 9550 9997 9909 9936 9927 9341 7225 3445 0 0 0 0 0 0 0 0 0 0 645 5555 7134 8430 20 550 2559 5549 9326 9780 9806 9076 2509 9737 9886 9797 9199 9725 9870 3462 4735 6454 3370 4031 9883 9496 8341 2566 3071 4122 9869 9643 6383 9868 7315 7854 9880 9936 9791 9836
9339 6442 2369 1346 1229 1475 0 24 0 0 0 0 0 0 0 0 0 0 0 3218 9695 9843 9231 9815 9848 9121 9849 8096 6051 3497 7331 7299 4691 6152 7086 5989 7120 9196 9871 9860 7183 3840 1611 58 0 0 0 0 0 0 0 0 0 0 0 0 0 6922 7292 632 0 0 0 47 6071 9594 9346 9465 2533 7466 9828 9466 9738 9805 9929 9728 9820 9464 8721 4402 3041 3082 4618 6670 6195 6845 9820 4210 4955 7210 1072 6551 7224 8268 9914 9835
5117 9235 9660 6203 780 197 261 0 0 0 0 0 0 0 0 0 0 0 4544 9578 9740 9787 9420 9803 9570 6991 8098 4690 6379 6727 4883 5538 6944 8879 9866 9833 5027 5960 4547 2269 147 0 0 0 0 0 0 0 0 0 1069 0 0 0 0 0 416 3729 8549 2346 0 0 0 0 123 5656 5898 3862 3386 7157 9624 9224 9400 9400 9930 9786 9211 9222 9482 9191 7734 9563 9533 9137 9908 9683 9279 898 4573 4685 0 343 1307 8555 9785 9716
9614 9641 9604 8066 2659 27 0 0 0 0 0 0 0 0 0 0 0 2028 9921 9903 8607 9642 9334 9438 9682 6187 8049 5208 5843 9251 8808 9792 9826 5275 9430 8679 5672 7398 3631 1870 0 0 0 0 0 0 890 2491 439 6195 3808 0 0 0 0 0 2187 2333 355 0 0 0 0 0 2601 414 6002 9732 9435 9907 9312 9656 9773 9766 9913 8899 7728 9728 9857 9890 9313 9846 9785 9077 9713 9793 9533 247 89 1785 2892 3665 9668 9758 9444 9459
9202 8078 9271 9304 4600 1149 459 0 0 0 0 0 0 0 0 0 0 1896 2914 4669 8304 9152 6797 8335 7872 7578 6729 4480 9653 9952 9910 9897 8870 6546 8542 4265 1638 60 1138 397 0 238 0 0 358 4463 9283 9513 8534 7211 28 0 0 0 0 0 0 0 0 0 0 0 0 0 6485 6893 0 3395 9631 9919 9832 9855 9881 9782 9759 9183 8924 9840 9985 9847 9657 9295 6104 6199 5424 2692 4122 6245 9155 9075 7230 7370 9450 9700 9758 9836
7959 4125 2884 7263 9513 9568 9247 3256 0 0 0 0 0 0 0 0 0 0 0 0 0 2576 3002 6593 4934 5794 6803 9614 9543 9149 9655 9936 9360 9399 9976 9989 9870 6883 5491 2663 5954 6924 0 0 7229 9814 9727 9929 9796 1490 0 0 0 0 0 0 0 0 0 0 0 0 0 0 876 5808 4944 3144 1635 7923 9882 9811 9746 9534 9736 9717 9856 9914 9673 9905 9608 9895 5951 5511 6533 7154 9668 9872 9914 9735 9751 9671 9694 7887 9356 9847
100 0 0 332 9109 9677 9901 9506 2032 0 0 0 0 0 0 0 0 0 0 0 0 112 676 445 3396 7964 9779 9812 9517 9660 9726 9885 9575 9833 9704 9616 9758 9723 9812 9894 9922 9956 1412 0 9234 9951 9997 9924 5295 0 0 0 0 0 0 0 0 0 0 0 0 0 0 0 3745 3836 5734 9510 9242 865 1983 5560 7298 2622 8913 9500 9620 9412 9779 9805 9815 9859 9903 9383 9859 9906 9884 9733 9685 9835 9244 4589 5821 4906 9023 9891
4086 28 0 695 5934 9505 9644 9887 7627 930 0 0 0 0 0 0 0 0 0 0 1179 6755 4451 6989 9625 9296 9782 9641 9786 9358 9332 9817 9568 9880 9592 9855 9999 9942 9852 9886 9956 9840 3664 0 8283 7727 7979 4236 446 0 0 0 0 0 0 0 0 0 0 0 0 0 0 0 7484 9596 7517 6703 9853 4962 0 0 0 2 5715 9702 9516 9799 9607 9740 9761 9955 9954 9232 9622 9932 9915 9907 9786 7204 3992 1716 5906 5091 9848 9555
9171 7420 5238 5668 5792 9201 9877 9961 7612 2323 0 0 0 0 0 0 0 0 0 41 7155 9745 6701 9020 9574 9258 9593 9610 9573 9623 9632 9663 9662 9744 9996 9911 9921 9993 9967 9969 9761 7938 1352 0 1191 0 0 0 100 199 0 58 1781 5277 6319 4950 0 0 0 0 0 0 0 0 6741 9716 9929 5342 9385 9756 4730 3003 3879 6375 9002 9871 9153 10000 9318 9914 6108 462 6395 9608 9935 6554 2802 7217 8777 150 4806 7860 9760 5256 9956 9753
9322 9825 7487 4656 3066 7877 9821 10000 10000 7762 0 0 0 0 0 0 0 0 0 5468 9210 9460 9270 9828 9877 9442 9569 9669 9716 9813 9292 9799 9932 9719 9811 9784 9946 8766 9815 9600 9315 1703 0 0 0 0 0 0 4897 5315 3863 8339 6762 9284 9243 2723 4972 3112 1071 204 0 944 6047 1904 554 6767 7948 7328 6549 9445 9746 9926 9837 9858 10000 9987 7720 9897 10000 8172 1211 1980 8358 9948 9987 7642 2672 2168 1806 4959 9790 9828 8730 5020 9924 9858
9491 9621 9557 3931 2092 8255 9703 10000 10000 4756 0 0 0 0 0 0 0 0 0 3043 4823 8344 9718 9809 9639 9661 9823 9841 9883 9914 9867 9900 9878 9687 9721 9852 9944 9639 9795 9320 8856 4585 1486 212 385 2708 2521 4507 8685 8906 8524 9471 9333 9546 3300 8844 9605 2129 7520 9042 7350 9480 9821 9573 4707 167 0 991 2298 2628 5373 6436 7475 9741 9999 7241 4972 6124 6102 624 0 0 2653 4138 1135 0 0 0 0 3 651 1614 285 924 7405 7712
9787 9604 9622 9720 4847 6148 10000 10000 9859 1175 0 0 0 0 0 0 0 8 5606 9365 9020 9550 9597 9718 8256 8916 9844 9858 9737 9818 9998 10000 9925 9997 9742 9990 9949 9664 9393 3466 624 0 1843 8268 6227 6571 6098 5676 2793 2303 3882 5830 9689 9560 8354 9503 5040 1043 9061 9871 9664 9593 8244 9500 9793 9332 8625 8290 1941 3097 2580 0 0 1093 1655 0 0 0 557 789 0 1703 7284 2264 0 0 0 0 1346 1988 0 2382 2246 0 0 1502
696 5609 8808 9595 1478 748 8960 10000 5193 0 0 0 0 0 0 0 0 878 3837 8805 8809 7840 8971 9646 9308 9967 10000 9937 9600 9820 8471 10000 10000 10000 9978 10000 9984 9983 5922 279 6030 5153 5944 4572 7300 2421 457 0 0 569 4312 7914 6270 8400 8553 8549 8849 1483 3836 7305 9033 9898 9252 9951 9844 9866 9433 9393 9385 2227 2080 1500 4295 1640 0 0 0 1145 6522 3705 1205 4794 10000 7150 796 0 0 2452 6395 7430 3940 0 2478 6076 4368 7771
4584 9055 9800 6566 934 582 9417 5690 37 0 0 0 0 0 0 0 805 3901 9749 9349 9382 8712 9606 8362 9076 9910 9981 9969 9789 9449 9716 10000 9986 9972 10000 10000 9741 5935 2299 4505 6644 9452 10000 9748 9782 8401 6754 5506 7100 8894 9921 9837 7272 6201 5086 6385 7613 5229 6588 7566 7911 9133 9701 9566 9759 9848 9404 9859 9730 9397 3790 4072 758 0 0 0 2478 9599 9728 8906 1420 2270 2844 308 91 0 0 0 0 0 64 1941 5258 7601 5582 5313
9872 9782 9696 8902 8943 7444 8401 257 0 0 0 0 0 0 0 0 0 1335 9209 9358 9029 6760 3662 251 1845 4828 9518 9682 8037 2580 9405 9927 9922 10000 10000 9822 2682 3911 8064 6774 6953 9864 9757 9496 8528 9746 8974 9566 8743 9586 7833 5470 7594 9876 7684 9540 8628 8261 6188 6724 8282 8349 9582 10000 9993 9673 7994 9985 9809 3466 888 0 0 0 0 0 777 1791 49 0 0 0 0 0 0 0 0 0 2100 1703 1863 3654 704 0 0 979
9774 9928 9832 9831 10000 9859 2284 0 0 0 0 0 0 0 0 0 1942 2762 3759 1887 2203 1952 6731 6888 6293 1205 4193 6750 94 0 854 3108 7034 8178 5653 3522 1279 3028 2764 8585 9781 9682 9706 9684 8361 3517 4875 7351 6175 5586 3480 0 0 2583 8969 9906 9698 9829 8945 7483 4862 9786 9878 9884 9821 9872 8314 8172 3280 134 0 0 0 0 0 0 0 0 0 0 0 0 0 0 0 0 0 1398 3104 9577 9810 6594 3755 4410 6998 9687
9781 9251 9988 10000 10000 9376 163 0 0 0 0 0 0 0 0 369 1837 313 438 2171 9114 9598 9877 9846 9821 7748 3109 2627 66 2537 1387 402 6224 5601 3749 210 5 466 8015 9879 9639 9684 9699 9124 6259 650 0 138 4056 0 1302 1626 820 39 5438 9571 9796 9642 9503 9550 6534 5642 8402 9893 9931 9084 9549 8125 2184 3885 6374 6165 3575 0 0 0 0 0 0 0 1514 127 0 0 28 1738 4001 9046 9235 9673 9845 9877 9750 8186 7769 7186
8421 6587 7464 10000 9070 4598 223 0 0 0 0 0 0 0 0 218 2406 1521 466 3159 9644 6839 9290 9798 9784 9666 9890 8917 6227 8986 2567 7065 9971 7858 9384 6340 5861 8420 8968 9787 9761 9550 9374 9520 9999 9877 6484 5023 0 291 6067 5284 9879 9367 9920 9881 9739 9387 9834 9508 9714 9266 6702 5820 8997 9891 9849 9665 9447 9703 9220 9775 8952 2987 3171 2908 2283 2196 3544 2672 6973 3303 2914 3697 7534 9441 8816 9809 9379 9127 5174 8843 8920 7462 3838 3483
9668 6547 3806 4775 268 0 0 0 0 0 0 0 0 0 0 0 0 298 126 324 9611 9218 7807 3589 2586 8842 9765 9749 8407 1047 2456 9687 9401 9732 9981 9817 9884 9563 9470 9101 9701 9139 9600 9850 8627 4227 3813 4 503 83 36 599 3914 9768 8811 9613 9178 9899 9952 9672 9858 8872 9687 7344 5668 8565 8945 8713 9026 9310 9042 9268 9143 9541 9656 9482 9348 8855 9553 9430 9085 8982 9374 9488 9450 8559 9723 9832 9905 9699 6054 3283 4677 3287 8 0
3318 0 0 0 0 0 0 0 0 0 0 0 0 0 0 0 0 577 3568 4395 8401 9294 9415 3062 4678 9417 9846 9750 8792 3837 8747 9563 7911 5072 5587 7390 6812 5727 6869 7207 5468 7895 8165 4200 1468 7105 1668 3735 5902 7241 7046 5073 8087 9544 9687 9584 9582 9975 9927 9905 9264 9906 9790 9616 8567 6676 6254 6569 5934 6071 7639 7798 6620 6960 7781 9330 9256 9400 9573 9505 9575 9567 9419 8171 8626 8944 9689 9913 9688 6604 6267 759 326 0 0 0
0 0 0 0 0 0 0 0 0 0 0 0 0 0 0 0 0 0 0 3571 9310 9552 9659 9866 9650 9623 9313 9319 9766 9493 9581 6791 2509 2691 3723 5942 6434 9 0 12 7419 4283 8381 4501 9979 9744 5460 2837 2037 2267 6548 3638 4722 6629 9970 9387 9749 9947 9455 8141 9317 9795 9850 9588 8953 9780 9686 9703 9593 8619 7686 6532 9751 8637 7640 6825 7229 6806 8399 8222 8856 9063 8013 6316 6589 7844 9003 5010 670 0 0 0 0 0 0 0
0 0 0 0 0 0 0 0 0 0 0 0 0 0 0 0 0 0 0 1471 3325 8200 9454 9585 9674 9804 9778 9732 9709 9949 9983 5907 4285 5376 3421 5275 2391 0 0 0 2311 5524 489 4075 7712 5553 8297 9093 9726 5809 2176 1148 2284 4353 7969 2811 8324 9835 9549 9531 9385 9757 9232 9595 7065 9770 9682 6958 9256 9698 9410 9625 9259 8692 3090 8619 9688 8576 6047 3584 5146 8655 9124 9856 8412 8303 4326 553 0 0 0 0 0 0 98 2753
0 0 0 0 0 0 0 0 0 0 0 0 0 0 0 0 0 0 0 6504 4246 8204 9761 8785 10000 9769 9727 9869 9523 9571 5905 4336 2791 123 0 3025 558 0 0 0 0 0 0 0 1957 243 696 1427 8470 9248 8960 3735 6057 2503 1097 4060 2867 2561 730 8118 9317 9901 9720 9886 9404 9046 9051 6499 8624 7615 7281 9638 9869 8885 4299 2202 8518 9141 9839 9578 8982 8110 9463 5350 1584 1705 6328 7382 4564 2839 2884 2179 301 2194 3167 8819
0 0 0 0 0 0 0 0 0 0 0 0 0 0 0 0 0 0 0 5097 6372 9848 9622 9305 9427 9359 9579 9431 9610 9966 7866 129 0 0 0 0 0 0 0 0 0 0 0 0 222 1260 7683 1546 860 3476 8985 8232 6819 3474 6344 1257 3200 1080 481 2384 9000 9859 7448 9904 9343 5101 18 3676 3701 2668 31 8814 8373 3015 8686 6640 9569 9197 9825 9774 9803 7010 4336 5903 5415 444 4472 3824 9577 9542 9578 9471 5426 5716 9875 9841
0 0 0 0 0 0 0 0 0 0 0 0 0 0 0 0 0 0 0 1057 3844 8510 9604 9723 9708 9845 9992 9712 9570 9772 10000 1471 0 0 0 0 0 0 0 0 0 0 0 7232 9859 9845 7647 6414 6470 4213 405 4327 3320 7388 8789 7519 5610 3539 2210 4918 9896 9839 6301 5446 9280 4273 210 579 3698 2788 2753 9371 4410 1758 7041 8610 9834 8136 5061 6242 6993 7874 2330 8732 3297 7366 968 5849 9432 9890 9743 9729 9755 9813 9529 9662
0 0 0 0 0 0 0 0 0 0 0 0 0 0 0 0 0 0 0 0 188 3447 7901 8656 8070 9805 9697 9779 9704 9750 8459 66 0 0 0 0 0 0 0 0 0 0 1138 7128 4938 6963 1370 105 1322 0 0 0 6325 1822 5401 7074 8318 7195 7237 8537 9857 9762 6058 4197 4922 9263 5648 2272 7892 7532 7864 9675 2295 4272 8297 9836 9200 8611 9362 5653 4336 4368 1328 643 8340 6550 3862 8806 8577 9684 9440 9811 9952 9670 9690 9680
0 0 0 0 0 0 0 0 0 0 0 0 0 0 0 0 0 0 0 0 2895 2224 5950 8736 9527 9718 9897 9956 9786 9418 9913 5285 6 0 0 0 0 0 0 0 0 0 1 0 0 0 752 540 0 0 0 0 0 300 4609 758 1010 481 2044 4587 7859 3395 3266 6880 2486 8406 2462 0 665 4089 8640 1513 1275 9836 9818 9775 7585 9660 9036 7939 4023 5960 6236 8025 9749 9794 8747 4085 3859 9719 9552 9899 9888 8567 9917 9654
0 0 0 0 0 0 0 0 0 0 0 0 0 0 0 0 0 0 0 0 4160 9647 9396 9806 9764 9808 9637 9363 9875 7889 6826 7660 2770 0 0 0 0 0 0 0 0 0 0 0 2281 3603 4315 6156 4836 569 1908 2838 356 0 0 628 5851 6049 7920 9495 3963 1472 2384 2236 4005 9497 1457 2905 5646 8592 2652 3381 7138 9507 8839 6963 3123 6986 4216 6863 7158 280 8106 9927 9778 9873 7412 5461 9671 9672 9842 9943 9912 9626 9753 9846
0 0 0 0 0 0 0 0 0 0 0 0 0 0 0 0 0 0 0 0 1693 9655 9890 9842 9839 9867 9911 9695 9009 6850 5368 4152 1033 0 0 0 0 0 0 0 0 0 0 0 0 0 1659 4761 4987 5505 8107 5459 3713 3421 3090 4971 2370 3992 1663 5008 2318 6602 7385 5588 8075 8640 2177 4942 3984 763 5828 8898 9675 9895 5645 1951 8165 4949 161 5142 9678 6532 1237 8305 6409 4490 2154 6617 9561 9682 9787 9659 9562 9785 8520 4826
0 0 0 0 0 0 0 0 0 0 0 0 0 0 0 0 0 0 0 0 0 6558 9644 9630 9987 10000 8001 1738 1566 2798 2001 0 0 0 0 0 0 0 0 0 639 4655 7707 382 3620 1704 361 0 0 0 1972 4448 4986 6313 5639 3583 4650 7530 4613 5224 6546 8569 8603 4394 4901 1584 802 333 2656 1260 6395 7956 7570 4847 1770 3927 3707 8464 4995 0 5115 6110 4235 3002 4185 0 0 5621 9686 9303 7369 4371 9752 9725 5743 323
0 0 0 0 0 0 0 0 0 0 0 0 0 0 0 0 0 0 0 0 0 3107 9330 9540 9316 5611 30 0 0 0 0 0 0 0 0 0 0 0 0 0 3757 7574 2447 1054 7215 9572 7971 968 0 0 2392 1375 6261 4396 2236 6434 4378 7028 2517 2145 6063 2871 2349 833 484 2021 1145 3606 9490 9781 9678 7816 8095 6048 3384 5485 4548 3978 4558 1685 6241 1873 8140 1703 2838 294 0 5141 9341 6124 5513 1972 5401 9808 5869 32
0 0 0 0 0 0 0 0 0 0 0 0 0 0 0 0 0 0 0 0 0 3486 9371 9795 8098 2137 0 0 0 0 0 0 0 0 0 0 0 0 0 0 1161 4239 4153 7160 2590 6614 9663 5710 2256 1230 272 4688 7105 3726 6133 5666 7255 9055 8896 9525 3168 534 2985 3039 7301 7125 7330 9188 9210 9651 7442 5521 4998 7770 3803 1101 7122 3520 3266 5238 4341 2513 7196 1907 0 0 683 5866 5730 3619 5866 1265 1033 5705 2811 0
0 0 0 0 0 0 0 0 0 0 0 0 0 0 0 0 0 0 0 0 0 6820 9668 7851 480 0 0 0 0 0 0 0 0 0 0 0 0 0 0 0 0 475 4782 8484 9233 5424 4056 8448 9140 3629 5085 6282 8509 6460 4053 3831 2868 5623 1485 3697 6537 8280 9161 6005 9374 9229 9403 9257 9585 6203 3609 7406 6542 7685 4861 742 788 2929 5109 2582 3420 3679 3506 5683 0 101 1241 3480 1214 0 3346 8568 5267 4384 66 0
0 0 0 0 0 0 0 0 0 0 0 0 0 0 0 0 0 0 0 0 3167 9862 9871 7545 0 0 0 0 0 0 0 0 0 0 0 0 0 0 0 0 2642 6424 4 1782 8603 9767 9468 9796 9954 9796 7332 8845 9872 9867 6868 1828 456 1635 947 4837 7191 9753 8854 8848 8620 9333 9218 8395 7924 2741 0 8133 5275 1935 41 373 3278 8713 9320 9928 9922 9638 9823 8185 2682 5333 8481 5483 5426 7400 8803 9677 9478 9825 5357 896
0 0 0 0 0 0 0 0 0 0 0 0 0 0 0 0 0 0 0 0 8068 9700 9719 7000 0 0 0 0 0 0 0 0 0 0 0 0 0 0 0 0 0 157 2467 6938 6721 626 555 690 828 713 1181 9086 9552 4731 9558 7920 3715 0 2841 9233 9715 9924 8742 7962 9405 8512 7054 5808 2828 1019 0 5158 1228 371 3137 7999 9674 9869 9910 9802 9872 8562 8967 9795 5837 4369 4762 6183 5524 3421 3014 682 6879 9672 8912 9378
0 0 0 0 0 0 0 0 0 0 0 0 0 0 0 0 0 0 0 0 4555 9726 9480 1351 0 0 0 0 0 0 0 0 0 0 0 0 0 203 1553 2671 0 0 0 485 760 0 0 0 0 63 7596 4707 2189 5308 2859 8650 5446 0 3459 8833 9808 9391 9490 9611 5306 4547 6100 3717 3162 0 230 1968 5855 9344 9810 9735 8099 9885 9719 9821 9844 9873 9434 9203 2183 569 3998 3812 5386 7455 1782 0 2605 7504 9874 9926
0 0 0 0 0 0 0 0 0 0 0 0 0 0 0 0 0 0 8 321 3963 8699 8685 474 0 0 0 0 0 0 0 0 0 0 0 0 0 87 1613 7222 6569 4314 495 0 0 0 0 0 0 0 830 0 1116 2475 0 2359 356 1410 2118 7396 9676 9617 9572 7443 2686 5662 430 3035 297 4126 9194 9810 9827 9800 9752 9822 9781 9688 9861 9597 9928 9682 9647 9287 6209 661 0 2291 2758 3455 8113 1149 0 4409 9899 9810
0 0 0 0 0 0 0 0 0 0 0 0 0 0 0 0 0 0 1669 7814 7434 4676 484 2983 5714 0 0 0 0 0 0 0 0 0 0 0 0 0 65 2348 6732 9630 8938 2976 5664 2897 1289 1369 0 0 0 0 0 0 0 0 173 6822 9800 9754 9777 7433 8021 1869 132 2714 0 1188 7510 8428 9186 9911 9850 9794 9758 9885 7970 9685 9700 9796 9101 9839 9621 9737 7311 0 524 4928 7272 6473 7230 8618 4917 5049 9773 9924
0 0 0 0 0 0 0 0 0 0 0 0 0 0 0 0 0 0 5505 9759 8140 2877 1269 6752 9041 2519 19 1173 124 300 45 1838 0 0 0 0 0 509 2081 8990 1275 2026 4669 1462 1064 5703 6793 5991 3797 27 0 0 2881 3782 255 546 6213 9532 9925 6082 2875 412 0 0 83 0 0 246 2612 4507 5201 7155 9906 9820 9913 9791 9351 9920 9525 9891 9689 9939 9616 9841 8978 1499 1370 0 3654 7674 3629 5992 5091 8625 9879 9660
0 0 0 0 0 0 0 0 0 0 0 0 0 0 0 0 0 0 8158 9816 4543 0 0 26 1642 5594 2251 9115 3774 7793 8493 1292 0 0 0 0 0 3922 3224 4733 7024 398 4032 0 0 6062 6351 5086 9852 7891 1765 3209 5460 7953 8104 9206 9156 9518 8341 18 0 53 117 0 3393 7825 2436 4158 6007 9629 9846 9570 7440 9363 9846 9361 9672 9604 9319 9113 9673 9682 9692 9684 9620 5390 6824 1144 504 1585 3088 4151 508 5829 9794 9796
