gis_files/fclayey.asc
ncols         625
nrows         694
xllcorner     895000
yllcorner     515000
cellsize      5000
NODATA_value  -9999
[rows 539 to 587 of 694, columns 192 to 287 of 625]
0 4958 8544 9707 1327 7880 9151 6640 520 7185 3064 124 5500 78 0 0 0 0 0 0 0 0 0 0 0 2822 5204 5477 2992 2969 6659 9207 9446 4009 0 0 0 1992 9030 3746 0 0 6876 7968 680 0 8705 9712 8935 9008 9416 5234 3 0 0 2184 5320 4225 2382 2197 6226 7739 5936 3226 4658 0 1348 7448 4572 1244 3258 0 104 1100 288 5 0 5283 3297 0 0 0 0 0 0 0 0 0 0 0 0 0 0 0 0 0
0 4430 9731 7271 4520 9752 7637 139 0 1553 79 0 0 0 0 0 0 0 0 0 0 4 2372 1764 515 4481 4773 3458 6363 9429 9513 9171 9288 533 0 0 0 0 5 0 0 0 3221 1175 0 4226 4652 6200 5395 9412 9084 4470 0 112 0 852 7825 9719 9474 5708 9014 8492 7090 4350 2066 0 1267 7785 5851 158 1713 0 622 3288 54 0 0 618 3564 0 0 0 0 0 0 0 0 0 0 0 0 0 0 0 0 0
0 2568 9249 9906 9648 9854 8619 3123 0 0 0 0 0 0 0 0 0 0 0 0 0 1428 9984 9641 9834 8900 9334 7754 9282 9643 9448 9395 8989 1146 0 0 0 0 0 0 0 0 0 0 181 5788 953 1662 6138 4729 1945 7698 8865 9297 493 6688 8042 7013 2807 4217 7377 8138 4617 0 0 0 62 3605 1402 0 0 0 0 3963 3557 682 58 0 3054 622 0 0 0 0 0 0 0 0 0 0 0 0 0 0 0 0
86 292 9178 9846 9718 9306 9582 1968 0 0 0 0 0 0 0 0 0 0 0 0 0 2384 9836 9155 9509 9618 9625 9558 8463 8383 8357 6870 1193 293 0 0 0 0 2333 3283 1839 1944 1450 0 0 0 2 2122 585 1061 8840 8591 7883 7789 5798 5606 2200 6527 7332 7539 2922 1807 3363 324 0 1 5681 3875 0 0 0 0 0 2035 8613 5469 586 0 460 2514 0 0 0 0 0 0 0 0 0 0 0 0 0 0 0 0
6230 419 4797 9056 9441 8967 8778 565 0 0 0 0 0 0 0 0 0 1153 0 173 794 3339 9139 7555 9479 9090 9793 2663 0 0 0 489 0 0 0 0 0 1421 9430 9556 9001 7977 2131 415 412 1746 3136 4764 2115 4323 9052 3319 3152 8993 5196 361 7033 9655 9841 9280 4453 8293 7615 6629 5061 3774 5534 3377 0 0 0 0 0 3745 6566 8496 6896 6339 2255 2859 0 0 0 0 0 0 0 0 0 0 0 0 0 0 0 0
7469 9083 104 6795 8563 7441 1482 0 0 0 0 0 0 0 0 0 6526 4421 2572 7100 3273 7404 9551 9209 9725 8026 8581 6672 0 0 0 0 0 956 0 0 0 4256 9254 8717 8694 5946 5026 5383 3379 3503 7016 3938 0 2372 9310 1506 1131 2536 5094 6832 9647 8435 8648 9254 9504 7136 3712 9904 9950 8024 7991 5518 868 0 0 0 0 1025 5401 6790 3890 6468 5702 1648 0 0 0 0 0 0 0 0 0 0 0 0 0 0 0 0
502 7694 1930 4318 8161 7083 2016 0 0 0 0 0 3531 133 0 0 4075 6139 8673 9130 8921 9635 9335 9431 9410 9220 8882 3122 0 0 0 0 0 6648 17 0 0 6223 8474 7031 3767 3748 2468 8207 7421 6035 755 0 0 2356 3045 488 2290 4580 6528 4799 8564 912 4647 8293 6319 719 5438 7746 8543 8009 8952 9865 8378 3080 0 0 0 0 4643 5310 2060 8156 5987 4889 0 0 0 0 0 0 0 0 0 0 0 0 0 0 0 0
9537 9579 5545 5505 2583 3077 1199 471 3436 2939 0 70 6424 2831 1983 0 0 4995 8067 7694 9408 9438 9339 9461 8389 7237 1704 0 0 0 0 0 18 7350 3 0 0 1633 543 0 0 4726 4830 6768 5497 144 0 605 4560 3149 4339 7301 6688 5341 3276 5005 8157 4792 6861 4185 0 0 5178 9295 7988 9033 9920 9996 9852 8146 273 0 0 0 1768 4516 7774 8257 7501 5560 1281 0 0 0 0 0 0 0 0 0 0 0 0 0 0 0
3935 3302 8935 5268 2913 3220 5278 5229 7052 3353 0 0 4921 5512 1423 0 230 8293 9232 8098 9420 9331 8546 9299 9309 9215 2063 222 0 0 0 0 0 1343 0 0 1410 1308 5871 203 3377 5827 6103 6776 9031 4439 0 1021 6036 6395 8519 9404 8828 4172 385 2449 8484 9546 7715 198 0 0 1547 6475 7281 8422 9648 3374 3270 1461 0 0 0 1256 7638 6410 8064 8582 6099 6957 1272 0 0 0 0 0 0 0 0 0 0 0 0 0 0 0
9428 7170 9606 3867 5228 2965 3415 6080 2333 3641 1244 0 883 5097 3776 0 4143 9564 8696 8956 9170 8369 6729 8843 9103 9444 9597 2288 0 0 0 0 0 0 0 440 4617 6183 6093 7619 8094 9298 8866 9535 9181 1593 1665 4990 5587 5237 9470 9382 5857 6247 731 196 7545 7415 1275 0 0 0 1450 3342 3831 7032 8948 5054 0 0 0 0 0 2538 8979 5187 4673 5681 2222 8557 420 0 0 0 0 0 0 0 0 0 0 0 0 0 0 0
3242 5071 7012 6607 4128 0 0 0 745 6639 665 207 6100 6485 4107 0 8095 8234 8055 8928 7865 8035 8830 8952 9407 9614 9565 4289 0 0 0 0 0 0 0 0 0 6789 9657 9527 9437 9356 9537 7433 9247 2976 0 2035 5451 8929 9605 3192 919 4094 5641 94 1133 2001 4121 4442 29 4102 4070 6626 5656 2330 9636 5720 152 0 0 0 3493 4997 5003 2449 1408 1912 2303 1352 0 0 0 0 0 0 0 0 0 0 0 0 0 0 0 0
4577 4548 3492 2892 1554 358 4184 5496 8806 4416 0 0 0 0 2940 3853 6870 8206 8332 5782 5606 8245 9286 7210 9466 7858 8817 4637 0 80 0 0 0 0 0 0 0 6700 9497 9733 9724 9771 5877 38 3617 1899 2304 9829 9894 7643 4826 8 8186 9374 6901 0 196 6859 9237 7849 5399 3105 5761 3852 7053 7864 5481 1626 4467 0 0 3348 2479 3186 3278 34 1 404 839 0 0 0 0 0 0 0 0 0 0 0 0 0 0 0 0 0
377 8628 5318 4774 7270 2695 6650 7557 6348 1258 0 0 0 1448 9423 9098 7454 6197 3002 2748 2310 5261 9514 6228 7290 9408 9734 4035 0 4766 4612 132 0 909 12 0 0 6672 9601 9758 3555 6767 1417 0 0 0 4165 9497 10000 9752 5956 897 8607 9757 3464 0 0 1916 5474 5701 3414 4312 3167 3465 5033 5606 2175 2481 6694 0 3412 3307 3480 3757 758 0 85 175 3222 10 0 0 0 0 0 0 0 0 0 0 0 0 0 0 0 0
6183 6175 3588 5240 6363 4289 0 0 2410 3134 0 0 0 1308 9546 9381 9434 8273 765 930 580 1704 2618 5168 9185 8766 9636 4708 2056 589 8284 2908 919 7866 1110 0 0 7553 9766 9418 6963 28 0 0 0 0 23 6012 9637 9118 8687 7621 7867 9707 888 0 0 0 2155 4190 3947 1742 4939 5874 3887 8101 7866 8960 3457 0 3783 2283 2638 0 801 1507 777 2899 7006 419 0 0 0 0 0 0 0 0 0 0 0 0 0 0 0 0
1900 4925 6333 5786 2706 0 0 0 0 6 0 0 0 0 4142 8643 8629 4330 341 30 249 104 4 2738 8449 8653 4745 2889 7656 1453 2795 6141 1343 8410 4322 1624 1284 7459 9390 9420 9753 4074 0 0 0 0 0 4005 4248 1215 875 930 405 1627 0 0 0 0 101 633 839 1693 2238 7507 7369 3501 4890 4337 10 2844 3923 0 0 1532 4659 1186 1060 1110 29 0 0 0 0 0 0 0 0 0 0 0 0 0 0 0 0 0
0 0 4185 5356 2758 829 0 0 0 0 0 0 0 0 1156 9751 7812 1640 375 97 59 2 211 2282 8581 8799 43 0 5448 4157 4107 6671 2202 8913 5298 9042 9213 9406 8252 8965 7716 85 0 0 0 0 0 0 0 844 902 1070 304 1270 5184 3586 1272 22 0 0 1378 2884 4837 5966 2320 0 1275 4056 5264 5785 2683 4723 3859 440 1156 1524 717 0 0 0 0 0 0 0 0 0 0 0 0 0 0 0 0 0 0 0
0 3441 6449 3875 7476 3163 0 0 0 0 0 0 0 0 647 5656 2715 5910 321 18 0 0 881 3435 8188 6376 0 0 559 765 5554 5557 1483 473 9855 9361 9395 8690 7415 4638 893 0 0 0 0 0 0 0 0 5348 6419 5800 4077 5982 9995 9919 9311 6888 3428 0 0 0 291 0 1895 6459 6981 6889 5543 1636 7026 3677 2777 3373 6049 1305 3625 897 0 0 0 0 0 0 0 0 0 0 0 0 0 0 0 0 0 0
884 8652 6571 100 5515 6468 0 709 0 0 0 0 0 230 6530 6201 5242 7518 515 5 0 0 0 4000 6322 2571 0 0 0 0 816 6686 352 31 9543 9633 6597 151 1598 238 0 0 0 0 0 0 0 0 0 239 12 2257 9234 8478 9988 9815 9328 8378 8697 6556 4936 5546 3492 1121 456 3163 5690 5889 7878 7704 7810 1830 120 2756 4188 1974 8815 850 0 0 0 0 0 0 0 0 0 0 0 0 0 0 0 0 0 0
1232 3145 9405 8231 5788 6545 5281 2420 0 0 0 0 0 22 9041 2995 5889 1558 6096 2143 0 0 0 2596 3060 0 0 0 0 0 30 4251 0 589 9651 9524 6534 0 0 0 0 0 0 0 0 0 0 0 0 0 0 2098 9409 9134 9946 9731 9438 9266 8335 7921 7408 8044 7904 7213 5968 1963 95 18 2293 6743 6960 1285 629 6304 3750 2315 2835 0 0 0 0 0 0 0 0 0 0 0 0 0 0 0 0 0 0 0
4342 163 3843 1951 3594 4154 6175 226 0 0 0 0 0 0 8213 2029 4783 7396 9284 5394 0 0 45 7245 2449 0 0 0 0 0 857 8347 0 0 7890 9629 7803 2260 0 0 0 0 0 0 0 0 0 0 0 0 0 2577 9578 9252 9189 9953 9304 8235 8618 8300 8732 7769 2835 2441 4511 8863 8089 6344 4687 3565 1501 115 91 2616 2853 585 4416 88 0 0 0 0 0 0 0 0 0 0 0 0 0 0 0 0 0 0
5697 0 0 0 118 4092 4840 4878 0 0 0 0 0 0 5330 7281 2036 8678 9719 9690 2962 254 2024 6387 409 0 0 0 0 0 1079 5667 898 0 2165 7466 9360 4529 0 0 0 0 11 865 0 0 0 0 0 0 0 1438 9991 9690 9414 8852 8208 8142 8642 8447 7958 8820 7614 1918 4174 4561 3718 7675 7603 6119 4017 4409 5399 5123 3926 3663 4220 571 0 0 0 0 0 0 0 0 0 0 0 0 0 0 0 0 0 0
5677 0 0 0 2501 7297 221 7272 271 1706 0 0 0 0 2845 9646 8377 8635 9562 5778 7014 9153 6187 420 0 0 0 0 0 0 3518 9988 4935 361 0 306 8902 9683 3389 0 459 3057 6214 6941 3333 0 0 0 0 0 0 1390 8211 9635 9199 9094 7040 8009 8278 7745 8380 8740 6687 7877 3186 2599 4498 7581 4948 71 5519 6779 5158 6619 7854 2979 831 0 0 0 0 0 0 0 0 0 0 0 0 0 0 0 0 0 0 0
7312 0 2441 409 367 7990 1608 4149 2487 6420 14 0 0 0 3085 9236 9464 9498 9251 4348 9981 9840 9667 3076 268 0 0 0 0 0 5677 9607 9170 3217 0 432 8556 9939 2230 973 7536 5450 357 4619 5989 0 0 0 0 0 0 0 30 318 5311 8782 9165 7942 8052 8434 7665 8093 7470 8528 7087 6127 2663 4131 902 0 1888 5168 4622 2118 4978 7216 1461 0 0 0 0 0 0 0 0 0 0 0 0 0 0 0 0 0 0 0
7715 0 429 3488 6229 1914 1 2825 5123 4597 0 0 0 0 180 7217 8689 8837 4035 5674 9933 9544 9948 9865 5268 0 0 0 0 0 7037 9398 9516 3202 0 571 8988 9982 9406 9664 9233 1041 1529 9581 2861 0 0 0 0 0 0 0 993 285 29 6509 8621 8173 8644 8142 9213 8135 6206 1200 75 269 5281 8180 1646 0 0 1819 4325 3444 7202 1959 0 0 0 0 0 0 0 0 0 0 0 0 0 0 0 0 0 0 0 0
4314 0 0 122 5699 6443 7402 7509 8524 7358 0 0 0 0 0 4568 5340 4595 0 21 6986 9855 9808 9879 8969 3204 0 0 0 0 4587 9238 8575 3114 2649 0 3317 6070 7745 9469 9190 6387 8108 2376 0 0 0 0 108 2558 29 0 5872 5969 5275 8514 8276 8856 8078 8527 8959 8664 8315 6817 5944 5986 8389 8099 1097 0 0 1602 6896 3838 6674 4919 0 0 0 0 0 0 0 0 0 0 0 0 0 0 0 0 0 0 0 0
8249 765 3007 0 6293 9048 8740 8831 8824 6556 0 0 0 0 0 1857 5011 0 0 0 449 8341 9836 9923 9126 2858 0 0 0 0 330 752 6654 225 7439 1959 412 3590 22 6199 4743 3266 2264 0 0 0 0 0 4865 6163 4516 4562 7833 8470 8537 9107 9047 8888 8425 9041 9056 8850 8568 8942 7828 8808 8793 7697 2805 0 0 14 5662 6064 6615 3728 376 0 0 0 0 0 0 0 0 0 0 0 0 0 0 0 0 0 0 0
7263 5384 3650 599 3057 6784 6041 167 1442 3827 0 0 0 0 0 383 5752 0 0 0 0 820 4294 8293 8112 0 0 0 0 0 0 0 7830 5722 8324 9112 2179 917 0 4900 7354 8994 691 0 0 0 0 0 1549 4094 8659 9074 8382 8409 8811 9314 9192 8807 9263 9259 8044 8470 8310 8891 8226 8645 8702 6536 5 0 0 0 832 3442 5097 5695 0 0 0 0 0 0 0 0 0 0 0 0 0 0 0 0 0 0 0 0
6037 6812 7817 5207 8083 8912 8282 3109 343 0 0 0 0 0 0 0 387 0 0 0 0 0 0 76 0 0 0 0 0 0 0 0 3380 5167 9270 8447 3306 0 0 733 9375 4896 0 0 0 0 0 0 4388 9093 9164 8863 9261 8987 9146 9592 9083 9269 8831 8942 8855 8208 8820 8817 8461 9005 9031 3885 0 0 0 1858 7005 4388 774 0 0 0 0 0 0 0 0 0 0 0 0 0 0 0 0 0 0 0 0 0
5540 7620 8062 9082 3836 2279 990 2940 4870 515 0 0 0 0 0 0 0 0 0 0 0 0 0 0 0 0 0 0 0 0 0 0 0 3867 9382 8945 4561 5020 7399 8756 9189 28 0 0 2727 2896 1786 5434 9080 8131 8517 9220 9452 8925 9237 8721 9157 8275 9341 8926 8873 8573 8831 8720 9112 8817 7308 310 90 1858 2062 7657 5700 2768 0 0 0 0 0 0 0 0 0 0 0 0 0 0 0 0 0 0 0 0 0 0
3681 8933 6243 9054 9091 9281 6058 9511 7575 0 0 0 0 0 0 0 0 0 0 0 0 0 0 0 0 0 0 0 0 0 0 0 0 1619 9498 7802 9694 9741 9936 9821 9549 2907 0 25 3892 2941 7647 9000 8736 9487 9201 9785 8727 9115 9270 9258 9024 9326 9181 9021 8903 8976 8444 9438 8876 8819 4462 2481 1662 6337 1024 6919 6887 133 0 0 0 0 0 0 0 0 0 0 0 0 0 0 0 0 0 0 0 0 0 0
9081 9100 9626 5953 8829 9261 9375 8713 5853 0 0 0 0 0 0 0 0 0 0 0 0 0 0 0 0 0 0 0 871 390 791 0 0 0 260 5053 9578 9220 9425 9923 8971 3719 0 0 1355 6162 4654 9337 9070 8049 9156 8884 7462 9106 9428 8685 9148 8590 5741 6051 8829 8691 8984 8878 7364 5948 7380 4156 1563 4317 5122 3048 1979 591 0 0 0 0 0 0 0 0 0 0 0 0 0 0 0 0 0 0 0 0 0 0
9475 9849 6109 4565 4635 2211 1745 8410 7198 0 0 0 0 0 0 2283 0 0 0 0 0 0 0 0 0 0 0 0 6170 7168 8959 3380 5040 7230 6805 6536 9234 9499 9544 9894 8766 684 0 0 1410 2148 0 3070 8969 5212 9328 7914 7069 9064 8854 9121 9440 8894 3079 6037 9214 8835 9062 8396 7200 4767 1320 1126 3594 6266 9401 5515 2835 2639 0 0 0 0 0 0 0 0 0 0 0 0 0 0 0 0 0 0 0 0 0 0
8704 9280 5930 7741 948 0 2562 5302 5904 3966 1425 0 0 0 702 5186 0 112 0 5423 7703 6480 861 0 0 0 2564 6845 9510 9743 8538 9380 8317 9764 9893 9938 9628 9865 9808 9736 3592 0 0 0 0 0 0 3637 9887 3471 8271 8904 9146 9430 8792 7353 1663 3364 5235 8802 8950 8744 8864 8199 8663 8376 8956 3475 5372 2083 1944 8673 6813 0 0 0 0 0 0 0 0 0 0 0 0 0 0 0 0 0 0 0 0 0 0 0
7637 9470 9310 9775 2873 0 0 1480 7047 884 5159 2087 0 966 8306 1127 1606 6269 7253 9978 9976 10000 6058 816 548 0 0 1809 7826 3257 6493 9479 5233 9493 9953 9848 9849 9443 9986 9695 1360 0 0 0 0 0 0 0 3522 486 7104 9248 8500 8569 8946 8918 5617 4573 8855 9126 9154 8907 9044 8546 8370 8755 8694 7779 1163 0 212 5313 1650 0 0 0 0 0 0 0 0 0 0 0 0 0 0 0 0 0 0 0 0 0 0 0
9319 9197 9826 6062 2373 466 0 2955 1843 0 0 0 1952 7698 8375 2419 7941 5132 9985 10000 10000 10000 7168 8082 6513 0 0 4 247 7066 9975 9227 1558 3195 9981 9350 9536 9837 9940 7521 0 0 0 0 0 0 0 0 0 0 4767 9376 9212 8745 8707 8489 8871 3485 9228 8767 9214 9028 8664 7801 8525 8984 9388 8995 6348 1553 1 4517 0 0 0 0 0 0 0 0 0 0 0 0 0 0 0 0 0 0 0 0 0 0 0 0
9806 9467 9386 9859 9816 9005 7282 7327 3 0 0 2103 9287 2124 8252 9808 3587 130 9204 9993 9875 7843 6873 10000 3994 0 0 0 0 5269 5948 2691 37 1955 2263 1206 4058 7781 5280 1313 0 0 0 0 1145 3549 0 0 0 0 355 7822 8252 9030 8795 9128 9453 9136 9463 7070 3977 1770 7496 8516 9265 9334 9274 8274 9686 8503 6600 1691 0 0 0 0 0 0 0 0 0 0 0 0 0 0 0 0 0 0 0 0 0 0 0 0
9811 9842 9854 9548 9825 9647 9592 8979 747 0 0 2752 4936 0 1982 2308 28 1207 9981 9994 10000 6293 9164 10000 3770 0 0 0 0 32 143 0 0 0 726 2722 6542 2708 0 0 0 0 0 0 6580 9530 690 0 0 0 0 286 2524 7031 7475 5234 6400 9318 8727 8882 3334 6431 8442 8968 9006 9222 8977 7964 6734 1095 1879 0 0 0 0 0 0 0 0 0 0 0 0 0 0 0 0 0 0 0 0 0 0 0 0 0
9541 9929 9791 9807 9790 9080 8769 9253 3905 0 0 523 136 0 0 0 0 4515 9936 9895 6586 5533 6594 6143 2132 0 0 0 0 0 0 0 0 403 9158 9821 9608 3666 0 0 0 0 0 1577 7109 1870 993 0 0 0 0 0 0 806 1782 0 1590 8176 7971 8922 4626 3402 9503 9016 9770 9433 8738 5600 1020 1226 172 0 0 0 0 0 0 0 0 0 0 0 0 0 0 0 0 0 0 0 0 0 0 0 0 0
9626 9682 9896 9786 9912 9684 9046 9467 2403 0 0 0 0 0 0 0 314 9003 10000 10000 3360 6888 4636 857 0 0 0 0 0 0 0 0 0 6481 9924 9895 9385 5810 0 0 0 0 0 2348 9688 782 0 0 0 0 0 0 0 0 0 0 297 4309 7302 8032 7451 7808 9302 9142 9724 9463 9356 9238 6791 8734 3098 0 0 0 0 0 0 0 0 0 0 0 0 0 0 0 0 0 0 0 0 0 0 0 0 0
9497 9801 9880 9537 9901 9626 9203 6008 0 0 0 0 0 0 0 0 1049 6273 8102 9126 5107 10000 6495 3688 191 0 0 0 0 0 0 0 1405 8171 1954 8264 9869 3057 0 0 0 0 0 6701 8763 831 0 0 0 0 0 1306 2468 3787 288 3150 2848 53 7472 7796 8223 8032 7427 8119 9039 9130 7791 9326 9064 10000 2220 0 0 0 0 0 0 0 0 0 0 0 0 0 0 0 0 0 0 0 0 0 0 0 0 0
6818 9815 9802 9717 9773 9962 9655 5707 0 0 0 0 0 0 0 0 0 57 0 3649 5015 8127 9960 4895 28 0 0 0 0 0 0 988 8022 3889 0 6740 6669 0 0 0 0 0 5553 9900 7209 473 0 0 0 0 0 150 6229 8258 6032 3750 3023 1838 1657 4670 8499 9059 8346 9366 8307 7809 8459 9225 9530 9350 125 0 0 0 0 0 0 0 0 0 0 0 0 0 0 0 0 0 0 0 0 0 0 0 0 0
7552 9969 9816 9798 9649 9910 9866 8820 368 0 0 0 0 0 0 0 0 0 0 0 56 3042 6855 1 0 0 0 0 0 0 544 6643 10000 5992 1697 5530 401 0 0 0 0 636 6408 9940 8197 56 0 0 0 0 0 0 396 20 0 0 0 0 0 0 3743 8611 8568 8599 9106 8610 7355 2564 9782 7074 0 0 0 0 0 0 0 0 0 0 0 0 0 0 0 0 0 0 0 0 0 0 0 0 0 0
8151 9655 9343 9968 9822 9864 8895 2278 0 0 0 102 5892 5815 0 0 2159 3683 1794 0 5332 6233 4026 0 0 0 0 0 0 1397 7797 9567 8732 9570 7459 437 0 0 0 0 71 5003 9999 10000 8414 3725 3769 296 8870 4932 0 0 0 0 0 0 0 0 191 1768 148 2402 9444 9893 9743 9762 9719 6556 9902 4451 0 0 0 0 0 0 0 0 0 0 0 0 0 0 0 0 0 0 0 0 0 0 0 0 0 0
9282 9998 9992 10000 9826 9870 2799 0 0 0 0 1012 2948 2 0 0 5155 8 8602 7788 9066 6206 886 0 0 0 0 0 0 1002 6836 3947 2087 3382 0 0 0 0 0 0 0 0 5379 4566 4241 3148 2881 7496 6524 3619 6532 1411 0 0 0 0 0 0 873 8577 6991 3977 9367 9807 9904 9898 8169 2448 6987 1903 0 0 0 0 0 0 0 0 0 0 0 0 0 0 0 0 0 0 0 0 0 0 0 0 0 0
4729 4484 9508 9977 9988 5439 0 0 0 0 0 1201 8504 5105 1631 0 0 1664 9138 5934 5105 471 0 0 0 0 0 0 0 0 4889 6997 2600 55 0 0 0 0 0 0 0 0 63 2331 4760 9054 4992 2911 3754 1622 2433 4909 702 0 0 0 0 0 0 6 4983 7234 7585 9725 9459 8862 6527 1485 8961 249 0 0 0 0 0 0 0 0 0 0 0 0 0 0 0 0 0 0 0 0 0 0 0 0 0 0
9970 9864 9976 9929 3622 4 0 0 549 6986 8113 4381 7950 9667 9917 5456 5184 8339 1727 0 0 0 0 0 0 0 1407 6379 537 0 0 2864 180 0 0 0 0 0 0 0 0 0 0 1659 7973 8521 9022 7486 5507 3592 4724 2620 7361 1040 0 0 0 1248 311 74 4010 7582 8793 8348 7274 840 638 3573 3059 0 0 0 0 0 0 0 0 0 0 0 0 0 0 0 0 0 0 0 0 0 0 0 0 0 0 0
9894 10000 10000 10000 8649 7054 4974 5347 6942 9852 6316 8619 8982 8006 8283 9621 9711 3570 0 0 0 0 0 0 14 5217 9652 9947 8149 2796 0 0 0 0 0 0 0 0 0 0 0 0 0 2664 9169 9233 9341 9152 9535 7452 7469 2643 3057 839 0 2135 6768 6373 1939 4884 7707 8026 7692 3476 229 0 0 0 0 0 0 0 0 0 0 0 0 0 0 0 0 0 0 0 0 0 0 0 0 0 0 0 0 0 0 0
9825 9881 9405 9518 8367 8131 9890 9996 4929 2312 15 0 126 1606 1637 2290 294 0 0 0 0 0 0 842 8157 9641 6778 2867 1758 0 0 0 0 0 0 0 0 0 0 0 0 0 0 1948 9029 9312 9723 9399 8651 9459 9674 9509 9582 8779 8339 7965 9063 8672 2114 8326 8460 8532 3488 0 146 454 0 0 0 0 0 0 0 0 0 0 0 0 0 0 0 0 0 0 0 0 0 0 0 0 0 0 0 0 0 0
8484 5026 644 170 566 3187 4960 8754 3113 0 0 0 0 0 0 0 0 0 0 0 0 0 705 7465 9412 4294 1 0 0 0 0 0 0 0 0 0 0 0 0 0 0 0 2957 8356 3140 4986 9661 9655 9656 9004 9332 9461 6215 8503 9438 9411 8117 8203 8404 7972 8587 8550 7262 5842 5006 3547 123 0 0 0 0 0 0 0 0 0 0 0 0 0 0 0 0 0 0 0 0 0 0 0 0 0 0 0 0 0
