gis_files/fclayey.asc
ncols         625
nrows         694
xllcorner     895000
yllcorner     515000
cellsize      5000
NODATA_value  -9999
[rows 294 to 342 of 694, columns 96 to 191 of 625]
0 0 0 0 0 0 0 0 71 735 4311 1686 0 0 0 0 0 0 0 0 0 0 0 0 0 0 0 0 0 0 0 0 0 0 0 0 0 0 0 0 0 0 0 0 0 0 0 2318 4721 480 5327 0 0 0 0 0 0 0 0 0 0 0 0 0 0 0 67 185 0 0 0 0 0 0 0 0 0 530 5435 9578 9722 9676 9725 9772 9690 9826 8095 322 0 0 0 6678 9842 9817 7524 7039
0 0 0 0 0 0 0 0 0 0 0 0 0 0 0 0 0 0 0 0 0 0 0 0 0 0 0 0 0 0 0 0 0 0 0 0 0 0 0 0 0 0 0 0 0 0 0 0 0 11 4933 0 0 0 0 0 0 0 0 0 0 0 0 0 0 1928 9046 1803 0 0 0 0 0 0 0 0 0 0 2485 6359 9737 9376 9756 9652 9670 9341 8415 3498 0 0 0 3503 9983 9752 9755 9591
0 0 0 0 0 0 0 0 0 0 0 0 0 0 0 0 0 1351 708 0 0 0 0 0 0 0 0 0 0 0 0 0 0 0 0 0 0 0 0 0 0 0 0 0 0 0 0 0 0 0 2 0 0 0 0 0 0 0 0 0 0 0 0 52 3705 7576 9949 7814 4945 2082 18 0 0 0 0 0 0 0 5586 8545 9647 9886 9711 9566 9596 9577 9781 9444 5319 66 0 0 3111 8772 9826 9770
0 0 0 0 0 0 0 0 0 0 0 0 0 0 0 0 3782 9652 1583 0 0 0 0 0 0 0 0 0 0 0 0 0 0 0 0 0 0 0 0 0 0 0 0 0 0 0 0 0 0 0 0 0 0 0 0 0 0 0 0 121 0 0 1243 4147 2661 9139 9910 9866 9887 9811 7504 2336 26 0 0 0 0 0 4957 9700 9720 9526 9658 9874 9227 9340 9796 9139 9692 4323 0 0 0 498 4271 6523
0 0 0 0 0 0 0 0 0 0 151 565 137 0 1089 3900 6180 3568 2535 0 0 0 0 0 0 0 0 0 0 0 0 0 0 0 0 0 0 0 0 0 0 0 0 0 0 0 0 0 0 0 0 0 0 0 0 0 0 0 0 6920 3228 7531 2886 5259 1622 6754 9724 9859 9852 9964 9160 9766 7454 76 0 0 1624 2587 6353 9360 9387 8535 9284 9129 9564 9848 9854 9851 9363 9071 2126 0 0 0 175 3605
0 0 0 0 0 0 0 0 0 1 6845 9429 9584 7153 9782 4192 36 0 0 0 0 0 0 0 0 0 0 0 0 0 0 0 0 0 0 0 0 0 0 0 0 0 0 0 0 0 0 0 0 0 0 0 0 0 0 0 0 0 0 7699 4493 7254 3978 2248 6486 6729 8945 9612 9777 9707 8194 3014 2051 55 2343 1835 8655 2491 8123 9388 9848 9482 9328 9352 9669 9844 9835 5305 5821 9783 9538 4533 155 85 4586 9642
0 0 0 0 0 0 0 0 17 4070 5592 9818 2311 5197 5614 630 0 0 0 0 0 0 0 0 0 0 0 0 0 0 0 0 0 0 0 0 0 0 0 0 0 0 0 0 0 0 0 0 0 0 0 0 0 0 0 0 0 0 0 4394 8788 1429 177 385 7151 2252 6684 9485 9294 7986 5910 1173 5882 6176 64 4958 9753 9553 9603 9659 9676 9555 9603 9618 9557 9759 9718 3554 7228 9752 9801 9965 7705 1657 5725 6664
0 0 731 2910 0 0 0 0 912 9025 9635 5378 1843 74 0 0 0 0 0 0 0 0 0 0 0 0 0 0 0 0 0 0 0 0 0 0 0 0 0 0 0 0 0 0 0 0 0 0 0 0 0 0 0 0 0 0 0 0 0 235 7082 5921 93 3973 2224 1181 1473 3494 9746 9922 9727 4313 522 1280 5943 8583 9793 9206 9737 9521 9155 9467 9398 9727 9722 9763 8431 1777 9225 9392 9696 9874 9908 9398 2738 53
0 0 2784 3105 0 0 0 0 19 4872 5461 593 0 0 0 0 0 0 0 0 0 0 0 0 0 0 0 0 0 0 0 0 0 0 0 0 0 0 0 0 0 0 0 0 0 0 0 0 0 0 0 0 0 0 0 0 0 0 0 0 199 8631 6919 3628 1574 5149 4365 4906 9822 9744 9415 8298 4124 7114 9777 9894 9903 9458 9678 9394 5153 9513 9573 9753 9855 9787 5362 2911 9384 9884 9885 9791 9787 9570 4236 0
0 0 6457 4519 112 0 0 0 2336 7601 914 0 0 0 0 0 0 0 0 0 0 0 0 0 0 0 0 0 0 0 0 0 0 0 0 0 0 0 0 0 0 0 0 0 0 0 0 0 0 0 0 0 0 0 0 0 0 0 0 882 6042 9568 9891 6261 6541 4061 3382 4737 9697 9822 9827 9966 4587 4023 9686 9722 9818 8983 9648 1909 5674 9433 9796 9817 9816 9327 8363 2754 5606 4428 9576 9806 9788 7431 329 0
0 1056 9597 7106 21 0 0 0 136 465 0 0 0 0 0 0 0 0 0 0 0 0 0 0 0 0 0 0 0 0 0 0 0 0 0 0 0 0 0 0 0 0 0 0 0 0 0 0 0 0 0 0 0 0 0 0 0 0 1492 8472 9276 9377 9143 4473 8632 5487 1718 9565 9913 9871 9900 9777 9938 9385 9564 6342 4131 9720 8620 4102 9134 9401 9478 9791 9758 9767 9655 2060 0 2087 9692 9792 9809 5813 4911 1254
0 683 5757 2173 1046 0 0 0 0 0 0 0 0 0 0 0 0 0 0 0 0 0 0 0 0 0 0 0 0 0 0 0 0 0 0 0 0 0 0 0 0 0 0 0 0 0 0 0 0 0 0 0 0 0 0 0 0 509 8507 9673 9882 9889 6251 0 8782 6290 8998 9663 9972 9633 9900 9912 9846 9397 8548 9334 6752 5475 3604 5629 8362 6966 9576 9473 9584 9759 9412 1818 0 6019 9725 9924 9736 9934 9783 6644
1653 6486 9397 6728 6286 2336 0 0 0 0 0 0 0 0 0 0 0 0 0 0 0 0 0 0 0 0 0 0 0 0 0 0 0 0 0 0 0 0 0 0 0 0 0 0 0 0 0 0 0 0 0 0 0 0 0 0 0 3413 9826 9084 9318 9844 5155 0 5950 9689 9744 9652 9905 9903 9877 9371 9855 3768 4473 9464 9881 8289 4405 9049 8292 3066 3296 1121 8896 9646 8996 1903 1436 4233 9849 9841 9779 9677 9583 9429
8461 8841 7264 6815 3441 839 2028 1449 1839 1211 0 0 0 0 0 0 0 0 0 0 0 458 4415 7709 4880 1000 1001 412 0 0 0 56 2430 0 0 0 0 0 0 0 0 0 0 0 0 0 0 1095 1245 0 0 0 0 0 0 268 5056 8126 9616 9815 9948 9450 3815 0 125 6792 9948 9844 9911 9827 9920 9380 8507 201 982 6716 9408 9871 7392 843 1009 3487 731 0 8085 9693 9509 9098 5983 1932 9865 9899 7806 9852 9652 9444
1623 550 1388 1848 7531 8702 6943 8713 8390 2269 0 0 0 0 0 0 0 0 0 0 0 616 5433 9740 8489 9496 9736 7909 2724 0 0 4122 8201 0 0 0 0 0 0 0 0 0 0 0 4199 8184 7993 9624 8814 2213 0 0 1020 5862 3380 2245 9967 9812 9400 9882 9670 9444 6423 0 0 7282 9640 8678 9877 9890 8055 9719 6304 48 2935 9714 8682 9182 1538 0 0 0 496 2158 6473 9801 9375 9909 9327 3454 8995 9764 9834 9951 9393 9522
6507 9432 9587 9038 8424 5912 2216 1496 26 0 0 0 0 0 0 0 0 0 0 0 0 4556 8211 6991 1456 9277 9514 9838 6089 26 0 4350 2184 0 0 0 0 0 0 0 0 0 0 0 147 2786 4154 5233 5971 9632 5375 568 3100 6217 5907 8064 9996 9876 9469 9818 9662 8737 9065 1534 1594 9717 9712 6075 9201 7973 1350 3430 0 0 7383 9780 4782 6633 4758 0 0 0 0 4128 5604 9631 9660 9906 9821 9180 9624 9519 9891 9803 9853 8700
9864 8056 4530 1957 59 0 0 75 93 0 0 0 0 0 0 0 0 0 0 0 0 1543 4831 9447 5555 3950 9484 9757 7243 1982 1591 4499 4894 0 0 0 0 0 0 0 0 0 0 0 0 0 0 0 2108 8592 6622 4899 4805 1359 9194 9278 9776 9772 9722 9867 9868 2608 9009 2463 6451 9734 8871 3396 3045 1385 25 0 3129 6288 9893 9297 2767 1611 8378 5572 4765 3435 0 0 7382 9846 9679 9486 9685 9599 9910 9568 9602 9901 9956 9871
4780 246 0 0 583 2232 2813 7629 1160 0 0 0 0 0 0 0 0 0 0 0 0 0 4324 9805 9396 9640 9842 7156 264 3336 3409 6173 2816 0 0 0 0 0 0 0 0 0 0 0 0 0 0 0 4644 5027 8013 8277 830 6223 9945 8948 10000 9615 9624 9753 9843 3525 9258 426 7456 9855 9897 5020 1957 0 2001 2374 8095 7485 9857 9541 9562 5016 6018 9908 8661 5149 651 914 7720 9917 9898 9467 9854 9408 9954 9584 9506 9374 9953 9739
0 0 0 0 2057 4200 8027 3709 0 0 0 0 0 0 0 0 0 0 0 0 0 0 6583 6906 6437 7855 8130 2 4052 9671 8157 3280 2102 0 0 0 0 0 0 0 0 0 0 0 0 0 0 24 5413 9266 8797 917 2967 9945 9705 9051 9733 9239 9682 9858 9815 5167 4608 0 6067 9824 9839 9723 6869 341 6380 8146 4401 9678 9897 9580 9490 9954 9679 9729 9688 9820 7972 8295 9582 9930 9508 9615 9784 9747 9873 9836 9598 9810 9867 9931
0 0 0 0 0 0 0 0 0 0 0 0 0 0 0 0 0 0 0 0 0 0 0 3319 3354 5240 8606 3120 9085 9744 5191 6615 5244 0 0 0 0 0 0 0 0 0 0 0 0 0 0 4320 6548 3619 5952 0 4856 10000 9355 9885 8288 9731 9723 9842 9790 2311 611 0 2847 9813 9844 9924 9663 7267 9155 4327 6043 9964 9963 9857 9645 9930 9849 9583 9835 9724 9897 9879 8677 9693 8738 9897 9365 9313 9903 9967 9740 9829 9651 9802
0 0 0 0 0 0 0 0 0 0 0 0 0 0 0 0 0 0 0 0 0 0 0 5961 2825 7394 4722 8548 9944 9765 4343 9938 3578 625 0 0 0 0 0 0 0 0 0 0 20 0 380 8758 6393 9125 8950 2780 6961 9988 9222 7188 6951 9376 9863 8434 6724 281 0 0 2917 9891 9909 9895 9627 9869 9905 9662 9897 9893 9940 9948 9599 9885 9913 9891 9715 9954 9966 9894 9689 9804 9958 9697 9442 9863 9943 9905 9642 9859 9435 9785
0 0 0 0 0 0 0 0 0 0 0 0 0 0 0 0 0 0 0 0 0 0 0 3185 3888 3317 732 6329 3779 2167 5375 7236 2716 5773 2378 0 0 0 0 0 0 0 0 0 215 5338 7124 8323 5126 5794 9347 8553 9583 9742 7780 1270 8422 9419 9684 4673 0 0 0 0 2070 9773 8361 9877 9615 9944 9908 9596 9917 9889 9930 9882 9711 9921 8162 9969 9861 9758 9967 9935 9926 9779 5696 7964 7120 9561 9940 9327 9906 9463 9685 9471
0 0 0 0 0 0 0 0 0 0 0 0 0 0 0 0 0 0 0 0 0 0 0 0 0 0 0 0 0 0 4565 9078 9767 8274 6192 0 0 0 0 0 0 0 0 0 0 4258 9295 5067 7560 5549 7029 9445 6734 7738 6116 4043 7978 9781 9354 4964 0 0 0 0 2217 9833 9816 9917 9669 9876 9903 9626 9771 9864 9822 9641 9578 9976 9796 9840 9988 9747 9992 9796 9933 4989 3373 597 3235 9660 9898 9800 9867 9434 9486 9837
0 306 762 247 0 0 0 0 0 0 0 0 0 0 0 0 0 0 0 0 0 0 0 0 0 0 0 0 0 0 1115 7016 9855 9805 3192 0 0 0 0 0 0 0 0 0 198 5237 3058 1386 26 0 1470 8673 7304 8984 4357 4794 9900 9223 8517 6508 0 0 0 0 5957 9781 9851 9665 9819 9844 9908 9655 9819 9804 9929 9896 9692 9506 9848 9920 9543 9699 9574 9872 9460 1978 7904 5501 7665 9014 9953 9957 9848 9464 9235 9686
8703 9401 5086 299 0 0 0 0 0 0 0 0 0 0 0 0 0 0 0 0 0 0 0 0 0 0 0 0 0 1466 6695 9092 9610 5411 897 0 0 0 0 0 0 0 0 1766 6380 8011 6 3616 0 0 0 3638 9494 9929 8041 3856 9864 9576 8441 5039 48 0 0 5430 9933 9929 9863 9701 9853 9804 9847 9810 9670 9855 9944 9924 9795 9058 9658 9454 9822 9911 9879 9753 9902 6938 3920 6060 6147 5009 9823 9990 9597 9467 9806 9872
9866 9838 9571 9223 5239 0 0 0 0 0 0 0 0 0 0 0 0 0 0 0 0 0 0 0 0 0 0 295 5412 9232 9543 8783 2668 3916 1092 4562 1616 963 0 0 0 0 2122 5967 6372 5520 4158 4116 0 0 545 3046 9000 9951 8986 9543 8113 9831 9783 9468 337 0 0 8636 9937 9765 9855 9880 9822 9284 9471 9720 5659 9047 9779 9742 9510 9914 9768 6098 6530 9871 9490 9629 9807 9765 9188 3586 4316 9169 9884 9574 9845 9486 9883 9846
9870 9727 9835 9688 8535 0 0 0 0 0 0 0 0 0 0 0 0 0 0 0 0 0 0 0 0 0 0 3023 9789 9919 9899 9461 8622 7505 6742 5871 6976 2826 0 0 0 0 978 5995 9641 2965 2718 0 0 0 3666 9687 9758 9763 8289 2796 3653 9553 9908 9218 6921 4444 3317 6721 9755 9674 9739 9766 9727 9596 9561 9684 9640 9731 9972 9735 9543 9670 9905 6449 5923 9894 9880 8995 9489 9837 9794 3890 2556 7181 7947 9647 9712 9473 9740 9431
9745 8500 5173 2693 2824 0 0 0 0 0 0 0 0 0 0 0 0 0 0 0 0 0 0 0 0 0 0 2065 9536 7805 4822 2306 3663 3873 8529 9316 368 1063 0 0 0 0 388 9831 5213 1000 0 0 0 0 1648 9001 9745 9916 4981 214 6306 9482 9280 9699 9814 9041 9730 3465 7198 6052 9812 9695 9802 9804 9839 9924 9496 9456 9868 9300 9680 9765 9866 9919 6396 6255 9908 9886 9606 9724 8846 8303 1809 8996 6931 9873 9881 9623 9653 9772
2690 4331 1251 0 0 0 0 0 0 0 0 0 0 0 0 0 0 0 0 0 0 0 0 0 0 0 486 2530 2616 26 0 0 0 0 6514 9171 37 0 0 0 0 0 197 4907 5187 8745 2371 0 0 0 0 3130 9867 9988 9719 5629 9723 9965 9409 9540 9593 449 6809 3738 7029 8306 9567 9722 9260 9784 9804 9956 9715 9477 9849 9702 9732 9933 9591 8829 5053 809 3059 8499 9586 9282 9574 6715 5502 9071 9823 9798 9665 9416 9612 9412
9604 5817 3375 0 0 0 0 0 0 0 0 0 0 0 0 0 0 0 0 0 0 0 0 0 0 0 62 1 0 0 0 0 0 0 3532 2680 0 0 0 0 0 0 4184 5867 144 8950 9825 5003 0 0 0 0 3384 7444 3301 1216 9890 9824 9607 9517 5376 0 0 3229 9647 8964 9809 9841 9678 9674 9668 9841 9717 9425 9861 9727 9713 9941 9783 8184 5208 1270 4283 9878 9785 9376 9815 9435 9893 9602 9693 9760 9787 9487 9718 9684
4567 6600 5667 428 0 0 0 0 0 0 0 0 0 0 0 0 0 0 0 0 0 0 0 0 0 0 0 0 0 0 0 0 4573 2327 0 0 0 0 1335 1086 2284 2001 5670 1207 0 3547 9924 9920 1071 0 651 6601 397 0 6724 6269 9908 9693 9596 9133 8760 6723 266 3607 2766 9446 9724 9417 9863 9913 9888 9603 9869 9555 9759 9939 9739 9885 9887 9374 6539 8154 9057 9808 9400 9611 9480 9221 9734 7490 9728 9916 9796 9521 9798 9346
2344 9934 9800 7238 0 0 0 0 0 0 0 0 0 0 0 0 0 0 0 0 0 0 0 0 0 0 0 0 0 0 0 0 5846 4718 168 0 752 2676 7986 9258 8442 4695 4016 3374 739 5256 9895 9839 7632 3181 3882 9456 6785 483 7281 9864 9909 9739 9739 4753 1 1357 0 0 0 5116 9794 9836 9851 9639 9862 9893 9634 9932 9688 9983 8334 9488 9960 6625 5042 8777 9916 9975 9818 9602 9748 9691 9773 9836 9853 9707 9675 9525 9785 9599
0 6881 7630 170 0 0 0 0 0 0 0 0 0 0 0 0 0 0 0 0 0 0 0 0 0 0 0 0 0 0 0 600 3171 5 0 0 785 3084 1093 15 0 0 1952 6381 124 9314 9526 9401 9770 9362 4726 8286 9912 8182 8759 9830 9764 7491 961 0 0 0 0 0 0 1507 8526 9887 9693 9850 9922 9847 9792 9887 9689 9891 9192 9303 9906 9470 5444 9453 9301 9853 9891 9546 9772 9577 9447 9738 9605 9833 9606 9808 9701 9735
0 79 7101 685 0 0 0 0 0 0 0 0 0 0 0 0 0 0 0 0 0 0 0 0 0 0 0 0 0 0 688 5879 306 0 0 0 0 0 0 0 0 0 96 6027 6424 9864 9172 5370 9663 9381 4537 3660 9943 9897 9859 9573 9568 3195 0 0 0 0 0 0 0 0 5855 8048 6056 9826 9804 9736 9856 9848 9609 9987 9591 9921 9634 9926 9436 9761 9638 9843 9564 9704 9757 9642 9471 9842 9430 9547 9599 9907 9907 9838
0 0 2068 840 3318 858 0 0 0 0 0 0 0 0 0 0 0 0 0 0 0 0 0 0 0 0 0 0 0 1348 6483 1452 0 0 0 0 0 0 0 0 0 3256 2227 91 4645 5375 1444 1040 9470 9597 6662 673 6011 6412 9571 9349 9351 6603 782 0 0 0 0 0 156 6706 8774 7889 2622 9674 9770 9143 9851 9933 9697 9909 9542 9899 9528 9220 9583 9557 9649 9916 9680 9716 9659 9738 9890 9810 9789 9334 9940 9883 9869 9923
222 0 0 521 8654 893 416 524 7468 2223 760 0 0 0 0 0 0 0 0 0 0 0 0 0 0 0 0 0 0 6856 4026 2448 0 0 0 0 3581 2 0 0 0 603 1 0 22 724 328 6660 7796 9337 9752 1892 0 0 1814 6425 6806 5978 20 0 0 0 0 0 165 9706 9730 9663 1391 8821 9871 9900 9763 9945 9661 9812 9920 9719 9818 9794 9647 9868 9683 9789 9817 9391 8992 9508 9530 9717 9430 9539 9851 9690 9640 9856
1623 0 0 4291 6985 7687 7435 2956 9742 8368 1742 0 0 0 0 0 0 0 0 0 0 0 0 0 0 0 0 0 0 4097 2803 1795 0 0 54 1879 9042 6539 222 0 0 0 0 3372 7812 7437 3366 9721 9458 9917 9885 4497 0 0 0 1 898 8360 8617 6935 0 0 0 0 1223 9632 9888 9772 5002 7238 9715 9896 9964 9835 9781 9989 9778 9577 9923 9825 9153 9361 9690 9476 8804 4115 9208 9848 9866 9773 9708 8762 9569 9927 9221 9894
3760 0 0 10 8540 9003 5477 8850 9857 8328 135 2083 2759 0 0 0 0 0 0 0 0 0 0 0 0 0 0 0 0 177 591 833 0 0 946 9479 9676 9677 8209 2619 1753 0 690 8597 9728 9376 3395 9939 9412 9565 9664 5194 0 0 0 0 4059 9575 8838 5342 5833 9 0 0 1331 9823 8883 3441 9470 9943 9862 9939 9785 9744 9833 9805 9653 9394 9875 9744 9807 9673 9583 9386 8037 9168 9826 9825 9673 9918 9865 9607 9416 9988 9899 9939
8727 720 0 0 5928 3272 3253 9742 9677 9623 8417 7703 4273 0 0 0 0 0 0 0 0 0 0 0 0 0 0 0 0 0 0 0 0 0 5592 8512 9873 9635 9597 8704 2637 0 6184 9470 9840 9747 5002 8335 7007 9453 9830 2761 0 0 0 0 2546 4500 4237 6489 6742 1236 0 0 6407 9910 9387 5309 9981 9876 9830 9875 9826 9744 9811 7509 9918 9435 9748 9923 9635 9644 9742 9415 9664 9960 9830 9663 9765 9882 9881 9610 9851 5290 8653 9956
5101 1345 0 0 887 0 1742 9903 9906 9618 5190 5041 221 0 0 0 0 0 0 0 0 0 0 0 0 0 0 0 0 0 0 0 2731 5887 9468 5278 5843 9881 9676 9228 4008 1103 9730 9708 9727 9979 9825 9868 8685 9659 9612 8224 2398 180 0 4491 9525 9564 9894 8040 0 0 2593 6372 8849 9764 9659 9857 9966 9970 9946 9944 9807 9775 9625 9518 9553 8952 8516 9870 9621 9779 8426 8780 9658 9703 9821 9648 9894 9933 9842 9623 9820 5929 3416 9426
5077 2527 5 9 484 286 4685 9035 9704 9880 9897 8526 1456 0 0 0 0 0 0 0 0 0 0 0 0 0 0 0 0 0 0 0 928 2313 6299 3199 8934 9689 9796 9721 2599 950 6539 9930 8635 9541 9943 9641 9760 9624 9470 9614 9768 2824 2455 8611 9783 9629 9167 2816 0 0 9203 9557 8381 9760 9415 9678 9856 9881 9931 9841 9754 9607 9716 9883 9754 9206 8756 9690 9613 4839 4551 8790 9283 9648 9643 9819 9953 9855 9236 9656 7195 3441 7013 6895
5514 3750 8638 4240 9157 4798 6440 8661 9739 9940 10000 9811 2589 0 0 0 0 0 0 0 0 0 0 0 0 0 0 0 0 0 0 0 0 1270 3882 9685 9627 9542 8896 8494 8250 1796 5227 4469 251 3006 9935 9695 9703 6927 9468 9832 9817 7267 6950 9581 9623 9704 8360 2244 0 0 9021 9564 9636 6445 9650 9910 9774 9814 9877 9763 9838 9609 9725 9767 9689 9833 9686 8709 5276 1697 1561 8441 9763 9561 9809 9879 9971 9703 9575 5091 9336 3255 1767 981
6032 3690 8244 7328 7669 7465 9489 9874 9889 9964 9989 9930 8305 837 0 0 0 0 0 0 0 0 0 0 0 0 0 0 0 0 1494 5360 5647 9096 7762 9325 9508 7341 2837 4579 9462 7366 3923 82 0 0 5593 9847 9651 9301 9434 9860 9067 2969 9524 9609 9639 9734 9041 2457 359 0 4769 9202 9183 2897 5342 9623 9792 9973 9875 9873 9894 9609 9475 9777 9518 9546 9818 9530 3480 2476 4038 9231 9872 9398 9698 9812 9971 9955 7833 3398 6272 4124 0 3214
9131 8281 8270 9954 9907 9746 8761 9916 10000 9855 9956 9580 9461 3583 0 0 0 0 0 0 0 0 0 0 0 0 0 0 0 0 747 4242 5432 2646 1622 2865 5981 8056 7952 3064 3572 9236 4402 4 0 0 2899 8792 9904 9785 9959 9923 4271 4544 9536 9299 9658 9642 8764 7436 657 0 4485 9460 8546 3254 2193 9612 9892 9963 9923 9793 9879 9635 9796 7303 8112 9608 9814 9724 6033 7154 8250 9839 9805 9835 9831 9868 9986 9267 1993 4465 8676 1628 0 2372
9691 4284 6535 9448 9875 9719 8799 9821 10000 9758 10000 9456 5992 2529 0 0 0 0 0 0 0 0 0 0 0 0 0 0 68 4017 4294 4544 8376 9589 9830 9617 9548 5605 2931 9910 9762 9836 9929 7288 3206 3465 9228 9789 8731 3496 8623 7437 349 7575 9221 9271 9924 9759 7574 6614 1494 0 653 8604 9557 5675 4826 9739 9893 8903 6496 9273 9852 9789 9830 9434 8688 7018 8422 9162 9258 9614 9463 9757 9815 9513 9833 9251 6540 2131 4165 9585 1466 0 0 2395
9819 8381 7401 9632 9856 9802 9575 7978 9991 5091 9670 5147 5833 8165 1587 0 0 0 0 0 0 0 0 0 0 0 0 0 2913 9189 8680 6744 4076 4199 6238 9651 9617 7875 7616 9757 9882 9984 9903 9825 9983 9978 10000 9997 8175 7098 9374 9082 3675 7132 2253 2522 9790 9784 9648 2929 3699 5647 9023 9967 9711 9842 9638 9228 7208 7334 1404 1120 9653 9739 9839 9909 9931 9558 8825 7490 9631 9814 9757 9944 9997 10000 9468 2834 0 56 1831 2527 0 0 1515 7470
9995 9835 9761 9926 9985 9964 9949 8568 4889 2858 4951 368 7424 8783 5986 159 0 0 0 0 0 0 0 0 0 0 0 98 6981 8760 8794 9472 9640 9865 3305 394 7456 9973 9801 9352 7248 9025 9815 9600 9990 9958 9802 10000 8186 1950 2880 6291 9837 2213 0 0 5791 9837 9798 7171 5191 8565 10000 9976 9908 9941 9073 2097 321 262 0 2400 9747 9665 9725 9788 9729 9728 9030 8919 9827 9986 9874 10000 9021 7579 3064 0 0 0 595 394 0 0 7750 9960
9429 9157 8903 9938 9900 9904 9892 9921 9822 2073 2445 4505 9882 9499 1908 0 0 0 0 0 0 0 0 0 0 0 0 194 7629 6509 9411 9501 9535 7893 80 2319 9331 9965 9943 9910 7563 4780 9358 9925 9649 9981 9270 5596 1917 0 0 2403 5744 0 0 0 153 4841 9317 5180 6743 4460 9499 9931 9595 10000 8707 56 0 0 0 1817 4277 9870 9561 7846 9782 9676 9438 9868 9981 8089 7447 5857 1440 0 0 0 0 1597 0 0 0 2486 9674 10000
9128 9959 9917 9849 9934 9826 9853 8264 7093 467 3231 7497 8224 916 0 0 0 0 0 0 0 0 0 0 0 0 0 28 2536 6850 7959 7169 9462 8502 1221 5728 9999 9542 9844 9600 9340 9486 9251 7700 9556 9405 3195 2049 5564 6002 466 0 1361 1389 0 0 0 0 4297 7029 1378 5640 9675 9803 9730 8214 6799 69 0 0 0 0 709 3202 695 34 6975 9806 9853 9117 9937 3957 0 13 221 421 364 441 4739 9258 2392 9225 8218 8193 9993 7956
