gis_files/ffallow201314.asc
ncols         625
nrows         694
xllcorner     895000
yllcorner     515000
cellsize      5000
NODATA_value  -9999
[rows 294 to 342 of 694, columns 288 to 383 of 625]
581 53 102 28 36 238 741 1643 1469 261 710 1910 1019 803 808 345 1263 1483 697 340 723 516 438 569 662 248 260 474 707 443 278 235 335 554 59 61 18 1 3 74 174 479 873 985 473 463 616 1050 355 1691 3403 3298 699 1261 1697 814 828 2070 1952 1019 429 600 706 455 992 1066 553 1288 3381 1845 2921 1441 440 578 562 184 506 14 4 638 2020 1676 2775 2096 3795 3554 3116 3842 4037 5558 5487 6396 5147 5078 5889 6059
104 85 113 93 802 1655 1396 148 232 319 375 582 784 743 1252 779 602 588 534 411 659 401 513 188 117 35 64 416 350 263 163 25 521 1249 295 54 68 85 94 34 281 497 374 266 607 212 1651 1757 4060 3555 2540 1903 186 1226 1257 679 987 1399 1504 2390 1424 1904 2672 1858 1784 1888 1185 2210 2614 2707 1587 564 356 246 509 246 5 8 1044 4591 5691 4615 5192 4635 3601 3259 3516 4136 4171 3772 4836 5610 4434 4878 4405 6057
50 90 212 566 390 171 223 277 430 380 526 501 489 541 477 368 414 671 381 507 365 275 792 738 423 1088 1039 537 61 143 363 197 194 95 28 70 9 38 8 104 82 1963 740 492 1195 48 77 1707 3308 2520 1046 243 215 325 499 976 2179 4089 2943 2947 1281 225 1449 2973 2145 2561 2063 1108 1454 2143 443 118 41 48 171 21 1305 3618 5432 4107 3086 780 3378 3319 3510 3120 4521 4586 4891 4739 4898 4796 4561 3337 4178 5566
132 287 220 408 172 282 364 453 256 110 146 110 186 1138 1060 487 927 642 143 731 429 749 1766 1466 2864 2928 631 142 30 30 0 112 38 74 70 20 5 33 43 53 189 824 1332 1470 1004 30 255 1283 4198 2905 852 396 458 454 463 1059 1213 2722 3831 3176 394 158 986 1369 2139 680 914 947 1893 1695 602 169 352 1734 878 381 4042 5616 4645 3315 3526 3151 1267 1037 2471 1898 2161 2499 2786 1328 3783 3980 5045 4060 4649 5197
54 270 406 745 1020 649 299 178 187 403 623 2092 1155 716 536 872 637 463 340 271 277 835 982 714 1744 2918 1997 1404 20 5 6 58 144 143 252 45 24 61 38 118 80 913 558 213 53 181 1315 1621 3604 3315 3189 1619 1503 361 745 1409 1015 1430 4167 1934 287 14 600 766 60 513 315 21 1165 447 61 904 2214 5517 1760 603 2346 3004 3371 2757 1601 2106 2218 1724 2426 3733 1405 3034 3140 3263 4226 3709 4684 4759 4799 5485
120 144 450 1019 931 513 508 537 585 1301 1969 1650 1641 1210 1402 2181 654 644 627 235 285 257 364 553 1330 1170 906 458 54 80 108 0 24 146 4 0 30 68 28 0 10 1405 756 1565 1298 1860 1688 909 2286 2732 3408 1998 585 295 1257 483 319 10 4 18 31 6 492 637 65 51 593 129 320 260 1006 528 1257 3253 1420 1070 1525 1479 1315 2475 1234 1609 943 1869 1879 3004 4560 3031 2587 3806 4346 5008 4996 3959 3171 5489
447 227 395 527 623 1116 1140 718 1091 2040 2095 2011 681 971 531 236 572 87 879 56 140 350 385 503 798 746 709 222 196 103 30 30 40 72 14 0 58 166 55 253 861 2109 1303 1290 1449 1904 2055 112 823 2582 3229 1691 1158 671 2220 1267 493 455 1434 1095 847 316 68 24 152 256 398 361 107 1283 2119 1246 3689 1604 586 1190 1007 1140 2149 3278 2186 1056 248 174 3118 3830 4040 2135 1829 4101 4045 2693 2398 4611 2193 3161
433 507 394 503 2294 2077 3014 2351 2930 3472 2372 218 18 370 593 211 479 780 182 246 370 385 641 867 935 694 531 534 33 368 146 9 20 61 99 621 381 321 68 93 237 94 178 35 497 977 1188 788 731 2116 3167 2747 3213 2647 1979 3885 1928 3046 1404 1216 1731 212 25 33 63 240 581 374 23 568 1224 1667 1809 434 904 1705 1978 1415 593 36 309 225 906 832 457 399 123 2401 3126 2930 3557 2978 4488 5432 5070 1933
359 371 948 531 1026 1730 1711 1277 1310 1198 1473 2403 1948 1410 581 2189 1429 1435 1337 549 445 147 235 248 771 495 582 923 105 0 0 0 63 366 937 201 172 55 28 26 70 93 66 354 770 992 834 608 1696 1267 2899 1994 2860 2697 1954 1745 1519 1663 2898 1742 1370 1229 957 1192 430 78 864 18 447 345 504 1321 79 2032 1175 864 1478 1006 557 4089 2400 2057 2143 1809 901 828 1780 1365 1671 2885 4069 5330 3926 5138 4132 2815
346 371 622 2238 1202 775 857 248 2151 1663 2333 893 1648 706 1661 3046 2584 2513 617 958 783 19 100 518 1350 606 581 366 143 0 0 0 0 671 793 161 174 102 225 309 104 305 133 423 551 304 368 518 637 517 1523 1443 2560 2445 1262 1667 2107 1491 2148 2242 1337 2950 2839 3289 1066 183 183 287 879 137 399 1766 1274 837 271 295 426 373 1027 3238 3261 1552 1676 1407 1217 1512 665 616 947 2930 4804 5631 4382 3870 3086 758
1256 502 516 529 1094 613 1489 248 464 562 819 1193 1124 1833 464 3181 3282 3081 1283 350 479 152 161 156 738 383 285 0 0 6 161 72 118 873 404 110 184 209 221 483 356 649 65 271 222 332 149 120 28 53 152 463 1747 1693 1459 2461 1944 1611 2375 2440 504 997 3042 2087 817 70 45 53 332 695 1647 529 912 438 380 128 334 300 1177 2781 1440 1535 1594 1313 1221 289 391 1021 1428 2625 3043 2568 2914 5065 4676 1419
544 992 247 506 220 933 655 8 26 702 245 1755 1268 1153 902 1266 928 2365 1760 361 68 492 247 225 316 449 74 0 24 110 355 176 291 804 94 272 178 404 105 420 684 616 50 35 231 437 198 307 295 231 123 122 529 405 1234 2179 1210 2190 975 901 266 966 226 368 537 14 236 199 1759 2097 982 278 750 1303 220 112 183 285 666 1199 4500 2155 886 537 1168 1622 2012 2249 1034 317 2258 2520 928 1828 5805 5497
2284 4172 646 110 34 83 453 360 77 140 189 771 479 163 1333 2761 2195 677 317 503 92 129 590 420 194 460 467 341 110 255 651 1414 1469 932 189 139 94 542 317 0 798 800 128 56 72 607 499 439 237 179 177 152 130 112 189 1076 443 1154 1819 221 532 1066 245 56 238 18 797 2099 2069 2398 1041 237 186 1149 872 769 687 1267 186 660 429 1044 886 1819 1094 428 902 1350 2245 305 1592 3006 2190 482 5334 5655
1484 2824 2001 218 410 292 450 626 644 400 558 729 1720 88 26 637 472 1340 3110 1439 595 211 702 773 273 751 366 95 43 161 312 575 2440 516 88 144 123 413 887 356 1203 334 40 1394 381 238 80 278 102 156 617 538 684 245 140 186 856 654 502 878 3032 2186 280 70 164 339 1453 2450 4000 4799 3121 1054 1991 1909 1918 867 1149 1700 1532 896 89 223 2210 823 5 15 63 11 644 85 1205 2030 4274 314 4128 6923
927 3726 2846 1049 395 173 460 147 0 70 157 360 1066 135 435 162 184 1360 4755 209 10 8 44 233 172 80 92 107 368 495 867 253 449 272 30 184 2001 1443 2176 2069 1435 401 401 389 845 421 457 253 517 460 793 882 225 198 502 736 674 100 273 304 1124 2349 1052 19 679 1361 2441 2679 3073 2323 1475 1912 1508 1764 2351 277 54 600 1572 1322 68 143 1367 617 1519 2656 1685 118 1062 2288 2879 1261 715 1111 2053 2691
923 720 477 968 503 541 1489 1335 255 0 78 55 16 381 329 567 197 1173 3372 1774 898 0 35 467 149 100 128 70 132 1922 3552 2686 2278 2520 1826 1729 2057 3588 3083 4428 2411 1559 1499 305 1991 232 684 935 950 1036 623 282 432 309 326 339 337 233 14 168 113 399 463 1031 1259 2346 4049 1066 729 3076 1380 1779 1552 243 2041 174 1 108 1321 787 2045 2228 1231 1320 2424 1352 2184 1025 1396 2470 4453 5197 4814 2824 4311 2131
716 753 671 482 125 554 794 883 390 183 40 1 0 36 15 49 135 452 1037 871 174 253 191 66 208 33 3 287 100 305 514 3604 3634 2658 738 1216 1301 1941 3325 1195 1445 1484 2272 6410 5144 2363 1910 4300 1532 1843 104 3 336 110 15 419 18 58 65 140 94 474 2164 1651 2302 1286 3583 1136 697 2572 645 1726 1597 928 3090 1130 620 490 495 1740 1228 4424 4508 1187 2420 3315 4488 2042 1735 1190 1502 3358 1125 1034 3644 1302
754 652 548 610 556 1246 936 268 315 255 548 9 0 122 19 213 30 125 59 31 110 99 49 43 65 179 95 326 39 0 26 448 9 0 79 251 383 600 154 14 40 29 0 112 2372 1690 3475 5996 3689 2171 192 64 64 152 0 250 273 88 83 63 8 53 1292 1628 2316 1400 1212 119 1094 1860 409 2043 2153 1357 839 278 408 544 2309 1690 1291 2622 4955 2510 4438 3924 2349 1843 1164 4380 5083 4723 4076 3261 3603 2526
1459 824 360 719 1996 2381 1513 1317 940 883 1362 758 215 654 591 21 66 82 48 16 14 291 140 117 148 0 143 69 0 55 4 1 0 0 43 0 0 93 465 2269 1962 651 5 85 858 3571 5879 5971 618 509 1 39 61 127 56 169 89 41 243 580 58 80 169 1208 1032 820 144 347 1836 1303 965 766 544 1116 932 202 551 458 1396 1073 2420 3282 4324 1783 3245 3684 3332 1495 2860 4850 4911 6783 5590 2899 5449 4464
637 1312 1443 1224 2219 1647 940 301 261 295 403 339 1343 973 118 20 148 137 273 21 129 876 911 265 20 54 0 51 54 149 93 61 275 251 350 533 625 231 1435 2026 918 444 345 255 161 411 1221 696 1074 1313 203 0 0 56 0 0 0 5 0 193 134 40 36 24 201 85 39 340 186 130 329 102 100 393 475 400 1362 1759 248 532 990 840 1855 2200 2977 3813 2214 2602 3660 4077 1111 4596 6529 2498 5075 4007
1460 2886 2264 2348 2322 1360 329 8 104 317 317 699 260 1 4 21 19 49 5 30 0 5 41 0 0 0 99 235 0 172 290 30 3 199 408 1152 511 68 455 867 93 164 294 829 384 815 3028 2272 2634 1213 174 316 114 82 8 240 674 0 40 105 181 87 231 424 220 930 211 1968 1366 706 218 467 956 444 1335 972 1622 2410 469 147 65 316 203 685 1086 1834 3515 3535 1983 3475 1125 1101 6545 2170 4724 2790
922 1642 676 1702 625 391 0 443 820 537 400 154 36 0 3 39 73 149 10 0 6 95 0 0 191 592 253 0 54 117 162 189 0 33 93 242 295 117 329 299 204 182 369 494 94 1887 1633 2053 2582 1298 2007 1681 405 490 504 770 546 102 38 230 98 2471 622 218 766 472 1569 1996 2250 1614 1030 1765 1716 2681 2635 3894 2332 2516 3169 2756 966 1647 1953 1237 1036 606 1622 1825 1485 2085 823 1557 1726 626 2426 2696
1017 1845 861 659 334 156 404 2060 1732 55 51 171 152 19 5 271 55 0 24 15 110 49 0 28 276 444 558 184 68 54 8 213 171 644 213 477 1001 1394 354 216 262 250 113 217 23 167 50 854 2139 1208 997 371 253 734 1061 5119 1742 25 379 620 1061 2130 79 677 670 426 1991 3289 3902 3818 1988 1059 2161 3397 2771 1476 2003 2785 3845 2761 3524 3018 1755 977 452 1947 556 61 714 1291 3376 2600 1197 1248 3561 3345
1187 1448 260 606 1415 649 3788 3680 3689 903 396 226 45 21 38 36 41 0 0 46 41 46 68 149 124 5 0 85 487 158 240 51 43 50 87 21 278 256 317 317 286 400 692 396 399 297 835 117 176 305 140 0 321 1327 2858 6905 5740 1631 38 745 1301 127 41 478 143 2368 3095 2635 4064 3433 3073 2671 3639 2911 2651 1851 1402 3009 4289 6515 1742 1608 1883 2137 805 139 133 193 3 1276 1602 3463 1994 1910 3240 4018
1899 2053 1219 2077 2114 3783 4129 1234 2104 1110 761 3269 1392 751 378 310 15 128 176 80 39 183 261 438 716 46 1 294 235 51 98 70 113 176 548 401 166 349 429 557 58 102 931 2501 780 263 723 282 363 119 60 593 2682 1909 1036 4635 4176 878 1152 748 3634 1180 1108 824 220 2484 3406 1716 2139 2686 3120 3367 3164 2689 2916 2220 1004 2022 3406 2413 8 952 1594 460 127 1194 281 282 409 909 4135 4713 3774 1898 1652 1252
557 617 793 1843 2047 1791 2327 896 503 152 723 982 2740 1529 454 586 472 74 316 433 432 115 147 1075 247 64 46 203 100 43 285 485 661 712 263 886 409 761 280 921 607 562 888 995 384 523 716 638 1762 674 897 2807 3827 2940 675 927 1460 311 2358 2799 3274 4251 1238 877 891 2424 2869 2316 2164 2286 2272 2883 3303 3039 2417 2228 1875 1821 2111 1540 503 2395 1908 1233 1001 483 334 4122 4446 5647 4145 4412 2464 1658 132 178
380 1031 1971 1752 734 995 903 1273 618 332 781 1651 1721 3879 1643 878 226 1698 1724 167 92 10 201 745 1313 241 714 10 117 236 789 380 1612 1683 702 665 1367 1776 1012 511 364 285 178 457 360 573 445 577 2376 3240 1612 495 2036 1276 1599 2947 4311 1345 1735 2042 2067 1330 290 4306 3145 3231 4463 5114 1933 3445 2842 2651 3356 2524 1790 1483 2179 1981 1445 2357 1805 2968 4742 1924 310 903 2457 4482 3946 5985 5809 2373 1498 2863 418 399
1143 1765 358 736 1076 770 1683 1569 691 1928 1504 415 1512 1300 896 542 1128 2593 1739 54 245 453 361 273 452 302 814 1147 178 734 956 379 1440 2016 480 511 730 771 223 258 228 241 199 314 566 541 411 856 770 2164 2124 1249 1035 1642 605 2529 4220 425 1549 2145 2551 1698 1011 5016 5218 4875 4807 4265 3787 4133 4027 4597 3634 2454 1212 306 728 3443 2658 2761 1972 1131 1539 723 246 1312 1845 3817 4436 5363 6059 3907 2223 2538 2952 549
779 1234 966 744 1745 457 513 1968 758 631 945 938 898 822 810 1614 587 2247 3231 262 941 173 858 406 161 199 1302 44 294 468 923 903 425 891 610 419 952 817 576 235 275 383 166 202 429 966 429 681 930 1483 1446 1011 832 432 143 931 3159 4555 4214 2543 1902 682 667 2639 2841 3692 5187 5429 5807 4763 4906 2982 4166 4382 3155 2526 2262 4592 3135 1049 2372 2550 2091 687 36 1677 4783 7069 5908 6142 6941 6655 3240 3556 3461 1108
271 914 1006 935 822 1071 577 1135 770 894 1224 1096 1219 918 1057 2367 1604 3981 3136 743 416 480 1572 2018 222 519 114 162 231 970 499 839 761 1055 837 379 912 332 531 255 494 788 401 325 49 309 1027 795 330 299 3107 1964 3007 1702 169 1362 3896 4122 3848 1386 774 404 231 1375 3244 3892 5062 4358 5523 4178 3986 3180 1846 1073 4086 2894 2109 3688 4013 4227 4367 1515 494 248 832 4270 6213 6021 6182 7358 7204 4989 4267 4542 4114 2989
434 383 787 445 1057 828 897 620 1258 924 1129 444 689 569 622 2609 1264 1365 1608 31 645 769 1374 884 1588 2141 531 919 687 473 194 748 784 871 493 595 536 163 287 429 386 194 995 655 265 528 1389 814 0 112 844 2723 662 3312 950 1493 2265 3353 2166 3430 1656 1062 442 2390 4486 3746 4279 4754 2921 3527 2545 3376 3362 4663 3761 4203 3782 4998 4256 3407 3372 1327 1433 659 97 3154 3118 4408 4857 3452 3683 4368 4402 4734 2747 5184
868 105 199 541 704 406 613 1544 222 289 1120 822 511 907 1798 374 218 1903 1254 913 972 1443 437 573 1055 1152 2022 3027 1081 999 625 472 818 988 1011 701 1110 227 459 664 420 576 514 531 871 1320 1345 997 154 0 361 1869 1757 1924 1131 457 628 1172 2185 2082 2659 468 474 1210 5859 5133 3392 3083 3245 3149 2967 3621 3497 2925 2785 3418 4553 2090 2593 3556 3665 2016 1928 1887 148 506 1948 4732 6819 4819 6114 4284 4728 3798 1165 1673
1195 243 240 666 517 265 2471 2217 460 330 457 1065 1641 1543 1249 2233 632 1470 651 334 282 152 603 506 194 329 1249 508 158 194 513 218 670 740 1900 587 766 602 576 294 514 1148 1606 137 800 1111 1071 482 359 9 5 375 350 1391 1098 1640 1025 1484 4343 4203 3699 2277 526 537 1632 3255 3505 3817 3330 5009 2538 1190 3294 2770 3265 4468 3549 2210 1739 2930 2594 1075 2250 233 712 883 1926 3754 6271 5003 3945 2731 4262 5834 3562 1670
1793 378 426 723 1138 671 1624 1194 928 1224 690 448 802 523 731 665 627 645 1469 1164 405 528 1259 271 59 218 888 419 80 117 154 179 490 336 213 241 399 271 480 666 270 1130 289 490 631 938 183 983 1000 253 0 20 125 818 840 1392 746 2411 1771 3761 2801 2057 1143 679 1494 1458 4348 5103 3068 5570 3379 3235 1944 4150 4552 4272 3653 3940 3046 3438 2212 825 404 207 322 390 508 568 403 524 557 981 275 2137 2623 3068
3157 2007 1887 1426 736 389 349 626 246 527 351 501 586 1239 2154 1159 710 473 363 587 578 638 346 38 84 283 237 142 265 406 83 146 569 31 60 173 215 316 435 325 332 198 518 551 507 299 241 140 93 484 421 78 489 549 995 2412 1678 4989 2494 2919 961 2102 1781 2776 1049 2429 3767 4630 4624 4334 4560 2074 2338 5598 4589 2970 3362 2861 1868 562 428 1110 335 78 127 95 137 750 1530 432 225 124 98 369 3330 3283
2520 2332 2970 2278 908 459 366 260 533 697 603 153 827 1769 2259 1340 701 657 516 1347 1992 1233 385 191 393 296 317 97 142 464 839 359 376 374 119 154 143 391 115 347 501 309 248 477 618 485 418 199 273 393 197 341 479 611 912 1022 1268 4424 2145 1415 1929 1041 3929 2001 1239 366 4382 3235 3841 3855 5222 2595 2955 3213 4131 1883 1114 376 168 182 941 1047 337 336 283 65 49 439 2116 4660 2196 1627 612 189 1996 3526
2060 3155 1476 1360 701 738 531 232 301 567 705 294 681 1829 1678 1869 2691 637 355 1379 912 1386 99 161 453 24 14 0 316 527 438 271 147 395 280 104 423 775 174 1587 1045 390 687 667 376 117 221 92 1067 628 363 430 169 416 810 1049 1798 2894 2706 1638 1222 2974 2168 1227 2015 1420 3823 4651 4316 4437 2827 2099 4300 3004 2080 2748 2846 654 122 82 691 873 937 499 271 474 576 3039 2037 3152 3102 2669 1890 2627 5223 5196
3324 2465 1241 1025 819 749 580 973 516 521 1640 1509 1074 603 263 1384 277 413 233 99 114 132 104 189 130 4 92 82 285 311 350 291 162 364 416 296 467 953 1194 983 1086 238 916 465 611 218 659 341 104 370 321 271 444 425 1114 705 1305 842 2033 1426 1769 4118 3515 724 1214 198 2874 5724 4023 3769 2484 1638 3070 1821 602 499 1222 391 470 245 322 176 166 164 103 1717 2898 3064 5435 4520 7455 7143 6231 5427 6808 5837
3813 3956 3981 1795 1257 493 383 1120 1104 1343 1057 1801 2457 2939 1693 893 193 468 334 390 30 147 262 72 0 0 0 66 130 400 251 124 0 97 1174 575 642 1248 818 1421 1183 662 255 425 243 278 309 235 171 265 123 311 554 642 2165 2003 1182 503 130 1290 470 1084 538 1224 2079 1242 2825 3031 4895 4437 4846 2985 1785 781 569 538 577 74 783 386 201 66 53 110 1888 5117 6336 7860 8308 7426 7134 5350 5892 6535 6476 6943
2283 3451 3047 3394 2228 2085 1720 513 1660 590 2091 641 588 1155 2742 321 425 808 133 514 179 134 114 240 112 21 74 119 146 25 30 39 82 125 830 680 591 292 588 1668 835 578 188 498 330 9 213 879 271 143 276 212 354 784 581 3253 4606 2903 152 775 687 266 1352 2498 1690 2198 286 163 2055 2472 1696 2079 2368 302 105 1524 164 146 743 206 147 20 418 65 1343 5114 6635 5011 5280 4649 4555 5196 4360 7278 6762 7504
1419 3328 3041 1574 2189 2348 1931 635 247 434 1369 1203 1089 1480 2878 685 228 499 671 346 173 211 117 168 9 125 521 255 98 140 194 177 99 137 198 497 267 301 300 774 329 477 838 778 216 257 275 204 93 149 719 275 512 248 370 1519 2669 2146 339 1425 3785 2589 4462 4777 4220 3432 231 1205 3261 918 438 2595 1882 252 640 1816 360 127 1223 0 140 1404 162 280 1451 3590 6182 1065 2352 1739 4749 5884 5113 7490 7691 6202
2368 1312 2751 1302 1066 2183 913 176 458 312 676 616 153 162 1357 498 723 405 310 199 156 97 99 241 220 117 41 98 202 228 225 92 8 94 151 140 314 290 646 464 410 173 1508 467 309 142 385 551 439 48 135 447 720 1098 603 586 251 774 2309 3826 5554 4679 4867 5704 4382 1160 1264 26 191 478 862 2045 2832 983 215 1559 292 739 765 715 20 6 669 1790 5085 4729 2684 2230 0 425 4941 5192 7100 5773 5070 3396
2565 1673 2978 1510 1602 656 374 281 316 240 281 759 532 236 276 65 231 485 258 153 33 128 46 109 287 89 16 25 125 261 125 41 82 49 72 394 1502 564 278 373 300 270 664 443 97 72 435 1076 1113 206 674 394 1071 662 842 398 1810 1873 4735 3753 6481 5582 4305 4162 3924 2386 1638 246 345 901 1074 1052 276 48 26 623 1553 1336 924 1458 257 105 209 2439 3216 3876 1180 5 1268 4591 4493 5531 6656 6229 6716 3475
1340 194 2164 645 1006 383 56 0 289 77 159 112 75 396 501 61 695 795 85 763 10 157 204 176 147 350 144 39 33 4 151 0 0 0 78 371 692 1228 430 330 173 667 716 312 260 197 454 1463 706 638 391 173 657 651 933 1458 1721 2707 3662 7498 6266 5708 1258 2336 4699 2868 1804 645 2492 706 586 844 50 329 1005 2456 1725 971 646 468 345 59 675 4108 1193 36 0 25 1661 5383 3404 7214 6576 5563 7341 7439
176 381 769 1325 399 255 178 40 85 0 0 522 356 41 38 133 63 78 112 0 187 123 167 257 98 83 129 117 0 0 0 0 0 0 232 499 410 278 487 113 676 681 997 527 567 395 769 432 242 340 256 304 478 405 4922 3536 2979 4786 7294 4974 2741 1109 78 426 3023 1065 1035 1213 433 144 295 46 273 2282 4443 3246 2382 2697 1579 573 344 72 58 1236 8 33 107 130 2045 3580 5141 7864 6967 8793 7521 6977
159 157 228 454 8 33 21 40 108 33 114 114 102 371 156 56 151 26 241 124 638 153 46 334 529 364 1425 958 75 0 0 6 0 44 435 580 282 445 849 114 260 350 428 1251 537 354 778 114 241 153 301 128 607 626 1321 6540 4951 1777 2482 1138 625 1746 4064 2400 1385 2718 2610 1593 1619 430 2115 1624 3900 5655 4868 7205 1642 1064 1979 790 146 90 95 537 335 51 758 504 952 1791 5391 6974 6824 8329 6011 7267
163 355 212 77 130 82 20 0 0 28 154 122 240 581 49 90 153 44 184 74 332 70 400 804 689 566 2910 965 236 321 369 144 0 46 336 675 940 311 364 602 696 462 679 938 1105 941 469 400 526 553 83 115 137 595 336 640 256 272 2405 3643 1027 3021 3473 1351 2058 2771 4373 6391 3800 3241 5097 4646 5565 6458 7421 5358 2357 1318 2644 2378 196 576 222 206 159 129 366 1366 810 4112 2689 5812 3516 7151 7728 7662
193 270 89 88 18 21 19 198 74 132 35 220 183 884 245 147 176 405 253 403 316 581 425 452 528 862 1194 985 403 368 237 654 258 241 531 563 1004 548 983 339 887 1099 1569 430 886 498 1070 637 513 374 236 120 314 632 758 4335 3530 3169 2575 3631 1086 1581 590 2210 4993 7715 7107 7531 3806 3773 5840 4103 6121 6946 6878 5795 4044 3122 1439 960 46 469 278 319 64 50 527 127 587 1174 2333 1537 1083 6903 7594 6770
281 63 235 814 21 113 188 271 8 6 56 11 5 166 235 390 228 283 287 159 306 1209 922 1039 1678 1394 1343 1598 290 354 319 277 151 295 169 1254 1376 568 327 434 186 2307 1317 1330 1010 769 1377 1310 590 223 220 1391 2121 5598 5516 5172 5341 4543 1647 1061 1928 943 2451 5435 5657 3502 4358 4259 5694 6451 6660 4505 5800 7313 6044 7159 4241 2929 483 3 174 566 238 460 177 1656 3170 2099 3374 5692 4806 3295 426 3087 2209 5174
