gis_files/ffallow201314.asc
ncols         625
nrows         694
xllcorner     895000
yllcorner     515000
cellsize      5000
NODATA_value  -9999
[rows 441 to 489 of 694, columns 96 to 191 of 625]
0 0 0 0 0 0 0 0 0 0 0 0 0 0 0 0 0 0 0 137 452 489 1263 1037 598 355 508 483 502 146 68 256 83 260 773 608 408 508 999 1509 2135 5169 3436 5401 5391 7682 6323 7311 4379 2755 2086 1710 1498 828 2037 2500 2169 2476 1252 1910 1101 576 299 129 383 332 2880 5003 3905 5503 5680 7032 6049 3194 6400 6295 5394 4748 4221 5058 4117 4599 4198 3268 4434 5108 5711 4776 4201 2278 1315 354 1700 1673 1680 1348
0 0 0 0 0 0 0 0 0 0 0 0 0 0 0 0 0 0 0 0 347 543 176 162 581 506 373 559 457 305 198 541 287 514 966 977 553 1256 161 310 751 2193 4567 3088 6281 6423 6800 6974 4336 4720 4395 4197 3078 4553 1248 2129 4220 2470 937 723 971 966 240 225 46 347 3785 7321 4848 6707 7627 5815 5189 3038 3515 5050 5582 7165 6057 6423 5952 5966 4701 5122 3526 4201 5301 3077 4528 4841 4078 1863 2294 3234 1751 1663
0 0 0 0 0 0 0 0 0 0 0 0 0 0 0 0 0 0 0 0 245 760 238 132 406 416 495 1111 644 171 63 55 586 937 972 889 583 638 805 252 567 1172 1942 3200 2835 2746 4522 7395 5479 3731 2599 3118 4683 3875 5617 2498 2200 1596 1247 1010 632 694 187 139 29 562 6015 7498 6922 7880 6882 5340 4650 3795 3150 5837 6705 7347 7135 7479 5622 5179 5952 5260 4715 3645 4205 4463 1499 3067 3619 3902 2104 2321 3418 2408
0 0 0 0 0 0 0 0 0 0 0 0 0 0 0 0 0 0 0 0 0 102 209 257 434 529 1007 1471 705 204 523 146 588 957 784 552 534 973 437 351 342 2385 1726 3261 3767 2997 3068 5496 3606 2047 6084 7851 4434 3569 3992 3906 3836 1632 1466 685 364 216 250 179 85 88 1021 5364 4916 6831 5943 5310 4071 5109 4190 5335 7741 7431 5168 4653 4956 5507 6586 7667 5640 4679 2697 2578 2530 2125 1345 2048 2400 909 2765 1565
0 0 0 0 0 0 0 0 0 0 0 0 0 0 0 0 0 0 0 0 0 225 403 676 728 716 606 849 985 573 1096 199 542 967 528 518 626 317 404 950 70 630 1150 2992 4091 1869 2860 2795 1565 2827 6328 8697 5528 5955 5078 3023 4162 2514 1205 2227 1190 621 1036 573 79 1915 2580 770 1552 1375 1150 4750 3342 6313 4852 2881 6089 7138 5528 2955 4469 5833 3722 5641 5610 6460 5094 2036 2975 2179 2260 1382 2041 1833 847 857
0 0 0 0 0 0 0 0 0 0 0 0 0 0 0 0 0 0 0 0 0 46 306 413 552 642 567 649 940 1088 583 388 275 853 399 718 750 591 685 1093 1179 434 385 78 1981 2751 2072 2200 1583 3536 5427 7139 6564 5265 4931 5834 3975 3639 2355 2176 642 389 487 390 301 271 113 776 3875 853 462 2429 3847 4002 3711 3141 6563 6223 6520 6277 3292 4328 1592 4299 5489 5053 5749 4364 3966 2189 2979 873 1002 1596 1687 935
0 0 0 0 0 0 0 0 0 0 0 0 0 0 0 0 0 0 0 0 0 60 197 375 332 236 467 297 1059 798 719 406 153 55 46 795 903 337 616 482 513 941 946 631 1732 2297 1777 4304 5833 4133 5496 6722 6129 5011 5726 5874 7646 6316 2430 4237 1226 1518 830 1680 873 2060 2175 651 2612 625 605 547 2459 2072 2292 3249 3043 4252 6820 6204 4491 3353 3629 6203 5009 3372 5151 4055 2218 2693 1874 1445 1450 474 753 933
0 0 0 0 0 0 0 0 0 0 0 0 0 0 0 0 0 0 0 0 0 297 692 551 253 31 454 469 1002 439 370 355 262 10 15 74 730 325 1044 1144 1039 454 710 690 783 1505 3344 5294 5996 6129 5814 6198 5215 6280 7026 6157 6811 7161 2713 3616 2869 2159 1175 1675 971 838 1233 1456 877 585 139 381 598 1157 2411 2247 2390 3820 4747 1249 1173 4829 4013 6956 4285 3609 4925 3034 2795 1984 1732 938 564 351 278 213
0 0 0 0 0 0 0 0 0 0 0 0 0 0 0 0 0 0 0 0 0 163 582 773 420 286 479 504 215 184 410 470 454 112 10 118 666 220 421 1548 521 1907 670 276 1067 1691 2935 5709 5062 6697 7213 5553 4694 3261 6998 6312 4476 5048 5488 2229 5797 2396 1681 2977 2003 1032 2504 3340 2678 2910 388 159 919 1882 5660 4970 3817 5215 4842 2243 1282 5324 4905 4275 4707 3289 2452 4631 2426 1739 1195 309 364 409 112 85
0 0 0 0 0 0 0 0 0 0 0 0 0 0 0 0 0 0 0 0 0 94 1177 655 444 290 460 376 262 385 188 354 482 113 5 70 304 245 322 1083 1554 1446 1320 172 440 1276 1752 4211 6268 6251 7301 7312 3963 3638 4399 5838 6761 3453 4367 4942 2927 4922 3576 2240 1859 1430 2134 1780 3132 1576 2060 1119 1248 3542 5447 6833 3761 3565 4961 5907 5428 4418 2854 2618 3599 4315 2311 3059 2215 2368 1288 1290 872 253 161 300
0 0 0 0 0 0 0 0 0 0 0 0 0 0 0 0 0 0 0 0 0 0 97 483 472 346 582 694 340 157 760 516 223 50 25 307 992 344 861 1101 2120 832 475 276 1162 2375 4203 5058 6029 6256 4020 6133 5094 2954 5268 4362 7886 5896 7114 5325 3833 2664 5534 3811 4266 3014 5227 2953 3021 6372 5261 1890 1919 1317 1993 5348 7312 5878 3472 3974 5021 3557 3463 3470 4343 3821 2880 1668 2100 1125 538 1490 1298 439 263 326
0 0 0 0 0 0 0 0 0 0 0 0 0 0 0 0 0 0 0 0 0 0 125 733 755 433 453 805 472 157 378 385 247 4 38 325 728 426 230 621 830 616 390 400 649 2992 3155 6446 6692 6063 5541 7209 6480 3836 4937 6374 5424 6431 5528 6503 4791 5482 5240 6647 7116 6228 5568 4717 6661 5782 3068 586 2410 2825 1251 3557 6618 7844 6678 3532 1927 4755 3391 3693 3802 3874 2104 1241 1395 1348 608 626 314 147 419 1337
0 0 0 0 0 0 0 0 0 0 0 0 0 0 0 0 0 0 0 0 0 0 596 1320 724 459 578 317 213 237 294 286 286 58 424 477 551 876 176 120 301 465 647 1172 1682 2402 3838 5065 7728 7751 6315 6298 6687 5268 4451 7449 4885 5961 5723 6578 6428 6820 7017 7367 5983 5933 6047 3978 6108 5059 5181 3915 5872 4473 873 1966 5687 6637 5227 2324 2203 3777 3276 2427 2431 4081 2127 1598 1455 608 381 366 287 256 498 938
0 0 0 0 0 0 0 0 0 0 0 0 0 0 0 0 0 0 0 0 0 0 0 1515 585 524 1067 773 312 305 263 187 44 1298 521 435 415 628 192 166 211 287 327 1131 1218 3348 3729 4178 5248 6266 5907 7278 5908 3046 5468 7700 5465 3964 4018 6351 7393 7905 7737 6070 5518 6241 6495 3802 4365 5744 7292 7622 7168 7099 2801 679 421 3264 1076 743 2086 3406 2686 3042 2028 2121 2486 1596 1168 1155 306 334 453 335 714 982
0 0 0 0 0 0 0 0 0 0 0 0 0 0 0 0 0 0 0 0 0 0 13 706 940 650 783 546 271 350 341 477 151 23 173 400 335 410 617 268 268 188 202 608 913 2291 1831 2298 4916 2875 4873 4158 4255 3714 2827 5814 5575 4892 6903 5758 8470 7906 6218 7183 6794 7755 6919 5272 6854 5739 6668 8154 8351 7361 6606 1971 2199 896 3600 543 718 1701 840 1573 1729 1562 1356 1904 2012 1563 1226 738 384 654 840 590
0 0 0 0 0 0 0 0 0 0 0 0 0 0 0 0 0 0 0 0 0 0 89 936 1119 567 383 183 128 296 235 292 19 158 122 326 360 153 283 401 575 171 408 712 319 2041 1254 1762 2845 3653 6276 4325 1912 1603 3282 3282 6918 4605 6928 8136 5543 8446 7742 7648 8195 7752 8415 4826 7837 8201 8499 8670 7573 8665 7109 7674 5203 4283 3058 1603 608 320 275 401 51 829 509 808 700 1545 1036 215 314 360 84 807
0 0 0 0 0 0 0 0 0 0 0 0 0 0 0 0 0 0 0 0 0 0 0 943 3118 1372 335 273 212 390 458 522 167 39 238 191 280 43 174 564 1054 817 179 468 63 490 1671 2081 1762 4857 3067 3491 1440 2896 1588 3688 3726 5903 7028 8043 7284 8876 6049 6292 6762 5652 5867 6116 9155 7307 8379 7925 8635 8620 7493 8796 6547 6804 5800 2824 1967 2016 853 602 470 457 485 596 463 139 142 480 373 95 203 1323
0 0 0 0 0 0 0 0 0 0 0 0 0 0 0 0 0 0 0 0 0 0 0 20 982 2186 736 453 290 403 337 506 112 4 117 672 1558 295 677 137 818 2022 736 231 53 425 1210 2470 1974 2664 5632 4857 2208 2031 1690 1882 2282 2427 3404 4375 7064 6971 5642 5744 6150 4793 5662 8630 8322 8726 8751 8129 7775 8065 6461 7684 8361 6951 4822 4995 4086 3103 556 1222 336 818 386 376 331 355 128 216 223 304 649 1065
0 0 0 0 0 0 0 0 0 0 0 0 0 0 0 0 0 0 0 0 0 0 0 0 256 1004 1725 710 243 391 452 477 99 0 21 103 1375 566 130 386 1483 1138 569 118 97 438 337 1081 1101 1071 3342 2770 5075 2980 1535 1490 1282 2973 3502 4165 6298 6390 4624 5176 7148 5758 5207 5872 7993 8102 8338 8859 8319 6130 7728 6481 6066 5449 7787 6405 3768 1470 661 807 867 716 670 334 201 347 354 395 424 272 273 238
0 0 0 0 0 0 0 0 0 0 0 0 0 0 0 0 0 0 0 0 0 0 0 0 162 485 2696 961 516 207 327 933 300 56 146 378 122 904 671 1348 968 1246 873 125 161 109 90 186 682 2511 1676 2553 2406 2607 2465 2161 2050 4320 3364 6688 5813 8032 7121 5894 5773 7055 6280 5024 5577 8095 6216 7802 6698 7746 6286 4703 4142 5062 6721 5973 6132 5132 557 543 242 230 373 544 82 100 297 172 159 153 325 842
0 0 0 0 0 0 0 0 0 0 0 0 0 0 0 0 0 0 0 0 0 0 0 135 355 1143 2920 1736 370 85 283 317 620 462 61 0 11 396 1459 953 364 319 659 704 541 278 243 137 168 642 1667 1120 3019 2101 1839 3248 3322 3476 4921 6059 6360 3018 5031 6192 5459 8120 9547 8509 4858 7540 8780 6820 5385 5695 6287 4395 4982 5576 6695 6938 5378 3285 1415 1365 563 154 569 830 83 176 285 124 135 72 420 452
0 0 0 0 0 0 0 0 0 0 0 0 0 0 0 0 0 0 0 0 0 0 0 64 807 980 1843 646 331 166 208 569 351 411 361 85 306 240 1313 1164 356 263 754 650 2525 1382 765 250 138 445 853 955 1760 1298 2380 2277 2866 3475 4720 6088 5853 5580 4666 6093 6227 7259 8568 8353 5603 7459 8757 7622 7578 6850 7917 6545 5804 4632 6681 5636 4760 4905 1346 812 804 1707 443 1549 138 201 65 25 192 593 386 322
0 0 0 0 0 0 0 0 0 0 0 0 0 0 0 0 0 0 0 0 0 0 0 0 725 1359 568 625 159 162 265 651 250 465 159 211 507 498 419 527 251 140 374 513 1310 271 640 613 439 258 404 760 978 3417 2776 2420 2875 2763 4267 6002 6883 5651 4915 3848 5440 8216 8532 8554 5316 6568 6844 6114 7109 8282 7119 7503 6953 6170 6093 1490 3039 2679 1910 2928 2283 4190 768 1809 31 0 43 80 92 312 541 406
0 0 0 0 0 0 0 0 0 0 0 0 0 0 0 0 0 0 0 0 0 0 0 0 2355 2362 1293 379 152 312 350 405 268 415 272 5 359 213 433 606 132 207 495 702 65 253 425 650 378 193 228 238 626 2594 3162 1808 2421 2595 4857 4944 4838 6262 7506 5038 4833 6494 6690 8338 7311 8818 7717 7505 8644 7264 6931 8743 7577 4318 4748 3052 2878 3016 1893 4580 2457 3530 2077 1227 39 215 10 130 38 212 914 164
0 0 0 0 0 0 0 0 0 0 0 0 0 0 0 0 0 0 0 0 0 0 0 0 162 1039 1301 211 140 276 409 576 435 273 167 139 272 310 475 429 156 197 327 242 103 80 78 157 706 983 694 827 1234 4920 4717 3199 3304 2651 3478 6093 4141 5997 6951 5788 6532 5710 6338 6555 7839 7935 8707 7530 7435 7158 7869 7718 7239 4365 4895 3708 3569 4284 3931 5332 1757 739 2018 2249 302 1025 275 99 50 82 124 49
0 0 0 0 0 0 0 0 0 0 0 0 0 0 0 0 0 0 0 0 0 0 0 0 469 869 196 157 543 227 591 559 419 122 266 275 522 686 646 311 149 225 337 995 769 2304 559 469 227 381 571 414 1362 2953 3480 3356 3411 3162 6790 6468 4801 4878 6162 6253 7190 5272 5760 3177 3923 7119 6780 7588 5795 5321 7720 5344 4477 8160 8604 4855 5449 7100 4143 2924 2131 730 1183 1641 968 807 581 226 108 152 207 151
0 0 0 0 0 0 0 0 0 0 0 0 0 0 0 0 0 0 0 0 0 0 0 0 161 751 215 336 302 287 245 592 477 300 290 554 691 299 401 413 596 472 319 146 899 3358 2032 1793 1786 923 519 676 958 814 3126 3833 3448 3368 6566 6123 5366 4252 5307 7064 7191 3559 6655 7018 5935 4129 5117 5380 5427 4156 5337 1594 2543 5975 6939 6471 7864 6904 7056 3156 1687 4221 961 1124 740 716 148 449 592 960 1629 861
0 0 0 0 0 0 0 0 0 0 0 0 0 0 0 0 0 0 0 0 0 0 0 0 26 1126 729 146 142 649 654 613 509 677 443 270 63 506 399 77 28 51 216 233 315 1656 1399 1968 3111 3389 3058 1110 394 411 945 2457 3414 5110 4956 5477 4185 5956 6007 6594 5080 4844 5567 6977 3379 3936 3026 1850 4265 3349 4595 3836 3559 2313 3206 3295 3115 2027 3077 5690 3872 4333 1574 2462 3483 1202 428 215 154 420 1345 1182
0 0 0 0 0 0 0 0 0 0 0 0 0 0 0 0 0 0 0 0 0 0 0 0 9 1676 398 198 149 499 595 667 410 645 980 151 930 1051 208 72 40 92 56 297 260 586 295 1864 3083 2672 435 420 649 319 1046 3190 5236 2989 2174 2620 3768 4315 6862 4779 6296 7026 5963 7283 5921 6140 4097 3649 1993 1330 2296 2425 1774 2741 2925 1522 689 575 380 896 1276 1788 1582 2158 2765 3166 1839 294 161 72 1055 1115
0 0 0 0 0 0 0 0 0 0 0 0 0 0 0 0 0 0 0 0 0 0 0 0 0 644 773 566 571 198 184 997 682 628 676 375 261 448 483 125 98 156 112 763 746 1212 704 389 462 391 321 562 381 1780 720 1747 1979 1076 961 1099 1099 2970 5625 4128 3953 4906 6523 5306 4384 6700 4941 6064 5474 2117 2436 1321 715 1741 3634 1964 883 899 650 705 299 292 680 605 423 1636 1015 399 472 272 892 704
0 0 0 0 0 0 0 0 0 0 0 0 0 0 0 0 0 0 0 0 0 0 0 0 36 1184 983 991 186 475 337 1036 631 526 697 945 312 769 464 178 334 189 191 181 590 1737 1998 763 874 3200 1263 1407 498 1637 1552 2183 956 977 652 1093 913 813 1547 696 1120 325 2332 3261 1601 4812 7447 6793 6811 2940 2085 753 518 1514 2569 888 1272 381 470 744 502 469 230 276 115 327 390 645 1318 755 1282 769
0 0 0 0 0 0 0 0 0 0 0 0 0 0 0 0 0 0 0 0 0 0 0 0 18 304 1253 1407 1037 457 364 1034 995 1073 1050 724 971 143 536 233 117 48 108 329 815 1251 1326 804 1160 1507 753 447 420 785 759 3196 1174 1098 225 302 2027 1596 1147 783 479 355 306 549 358 2820 5824 4148 7202 6971 5756 3412 2410 1258 2464 1099 1084 1062 886 1148 990 232 255 162 331 275 396 541 238 59 97 315
0 0 0 0 0 0 0 0 0 0 0 0 0 0 0 0 0 0 0 0 0 0 0 0 0 681 1992 1485 736 93 448 1129 1507 1128 955 526 435 499 156 110 73 147 237 292 1293 1661 1478 993 242 401 1342 785 1210 1210 1047 211 383 665 384 77 965 1283 1315 728 501 932 503 342 519 837 988 3349 4314 5133 5967 6320 6207 3939 3664 1788 1518 2031 741 933 975 479 435 297 418 226 154 1078 0 98 312 358
0 0 0 0 0 0 0 0 0 0 0 0 0 0 0 0 0 0 0 0 0 0 0 0 0 169 839 1017 612 421 489 1017 1836 946 503 641 119 583 370 216 99 265 243 220 995 4230 4851 824 375 3631 4733 4372 2322 2607 2731 1870 759 324 783 80 233 676 233 169 157 135 376 191 299 682 845 897 289 655 2175 2726 4301 6287 4254 3815 5489 3229 3032 1282 1006 1306 1064 1034 245 429 406 894 336 671 473 950
0 0 0 0 0 0 0 0 0 0 0 0 0 0 0 0 0 0 0 0 0 0 0 0 0 38 627 585 415 440 183 1147 2344 1577 1340 462 73 479 448 118 78 92 246 203 319 862 1126 1005 1287 2608 4850 2880 1868 2447 2166 5344 5601 3279 694 114 1 243 184 118 2122 2661 1412 1004 1461 734 289 139 115 280 1197 1194 1456 3437 5148 3485 3093 5010 5557 5473 2582 1676 1741 2642 632 602 975 2131 135 322 296 690
0 0 0 0 0 0 0 0 0 0 0 0 0 0 0 0 0 0 0 0 0 0 0 0 0 3 147 820 652 731 124 442 651 1001 1011 120 272 139 241 316 115 87 246 163 1352 1198 2851 2344 3846 3460 3511 5314 5877 2893 4049 6755 5416 6465 2745 547 2089 606 379 2264 2725 2353 1982 644 1958 263 201 386 43 306 114 394 2028 729 2418 2704 1093 3280 4281 4640 1974 1366 1538 1454 1865 2392 1969 477 468 2058 897 759
0 0 0 0 0 0 0 0 0 0 0 0 0 0 0 0 0 0 0 0 0 0 0 0 0 0 539 785 927 401 137 310 702 1189 1069 391 731 9 184 102 240 295 247 467 615 483 992 1997 1952 3450 2525 4842 6833 3260 1479 6283 6825 1621 103 23 103 129 119 245 335 282 291 238 310 115 135 917 1200 1321 1680 385 287 1676 2069 2164 3220 2913 5339 4476 2873 4764 5379 6208 5048 1622 3559 1614 123 107 564 2365
0 0 0 0 0 0 0 0 0 0 0 0 0 0 0 0 0 0 0 0 0 0 0 0 0 0 226 664 656 400 312 580 770 972 1020 933 182 133 186 321 271 428 217 404 236 631 215 871 2410 2934 2914 2130 5994 1821 218 418 1805 124 25 252 60 98 260 197 359 567 637 1101 252 1634 192 20 1417 1584 1712 1370 77 0 60 569 2085 2957 2932 4252 5632 6295 5593 7461 4987 1347 1436 312 167 396 567 730
0 0 0 0 0 0 0 0 0 0 0 0 0 0 0 0 0 0 0 0 0 0 0 0 0 0 331 1109 563 276 420 216 449 705 1187 1401 329 25 322 659 242 309 596 179 181 383 1111 1326 1367 2184 1949 3835 4187 1884 1011 34 18 51 84 176 736 2117 2885 1642 1785 1343 901 503 1126 700 1564 1295 586 531 1306 635 31 814 840 3372 2196 2672 2191 4955 5268 4829 5226 7210 7647 1862 632 712 928 758 1253 1683
0 0 0 0 0 0 0 0 0 0 0 0 0 0 0 0 0 0 0 0 0 0 0 0 0 0 53 606 321 615 526 265 454 1672 1578 1213 642 64 201 600 603 603 681 375 376 227 266 344 411 1182 2130 3880 3187 294 257 1134 578 148 543 730 3034 3032 3965 4636 3851 4834 2400 2037 385 536 1448 1762 936 689 1198 1287 812 1243 4758 6848 6138 6298 4326 5245 6050 6193 5764 4493 3900 1183 381 1011 1407 1586 3345 3234
0 0 0 0 0 0 0 0 0 0 0 0 0 0 0 0 0 0 0 0 0 0 0 0 0 0 0 358 467 375 1050 360 499 1770 654 507 646 320 315 950 711 305 437 567 329 100 232 833 1698 2937 2516 1355 774 368 1194 824 638 335 617 818 4500 5383 7855 7185 5829 6692 5894 5321 1060 1598 3693 1133 1404 2785 958 569 3662 6040 7500 5978 5726 5760 3703 4207 5147 4479 6331 3318 260 1749 1834 1667 2417 4727 6056 3698
0 0 0 0 0 0 0 0 0 0 0 0 0 0 0 0 0 0 0 0 0 0 0 0 0 0 0 127 602 233 462 700 485 720 716 265 532 598 572 425 326 1091 2140 1210 1036 607 291 311 2144 3843 2840 204 423 1425 1149 459 1525 820 1233 924 1988 4793 6562 6153 5846 8895 7110 3704 4858 6672 6271 2694 2602 1553 2206 3239 2239 2107 4453 6257 5701 4710 6702 4117 4216 1961 1527 196 631 2416 3014 1888 2990 6481 5506 3790
0 0 0 0 0 0 0 0 0 0 0 0 0 0 0 0 0 0 0 0 0 0 0 0 0 0 0 128 1272 423 1236 1469 709 837 492 177 206 137 295 0 494 326 1104 1444 878 327 331 194 1119 3334 2232 812 932 812 1407 1882 230 536 1535 2569 4341 4471 7883 6394 5639 6751 6665 6100 6744 5585 5787 5118 3652 3690 4679 5133 4229 3086 2942 3496 4755 4482 3746 2748 6357 6593 5554 4700 3969 5054 6200 3051 3249 6121 5376 2016
0 0 0 0 0 0 0 0 0 0 0 0 0 0 0 0 0 0 0 0 0 0 0 0 0 0 0 0 748 610 501 517 490 356 499 590 945 304 636 169 225 13 1188 950 424 444 578 355 1076 771 608 236 489 182 1147 289 299 1326 3194 4903 7682 7112 7430 7181 7125 5522 8756 9592 8560 8364 5167 5886 6468 4858 6267 3152 765 4212 2201 2041 4042 3709 2168 4546 6429 7140 4814 6870 5299 3871 5995 6981 6719 6588 3320 3389
0 0 0 0 0 0 0 0 0 0 0 0 0 0 0 0 0 0 0 0 0 0 0 0 0 0 0 0 347 1012 409 591 671 902 1057 319 100 704 470 755 54 178 1952 1091 610 485 438 414 755 537 489 110 83 215 296 163 2338 903 1253 3925 6056 7785 8896 7947 5258 2879 3687 7545 7235 4397 6349 6543 6969 8616 6771 4063 1300 2762 2224 5807 4410 3398 5237 5178 6582 6534 5782 7648 8162 4612 5485 4117 4066 2417 4808 5089
0 0 0 0 0 0 0 0 0 0 0 0 0 0 0 0 0 0 0 0 0 0 0 0 0 0 0 0 74 440 674 215 260 787 320 310 379 169 188 848 413 744 1720 970 803 483 230 442 140 154 117 207 44 85 63 1727 7944 5439 3670 4806 4109 1826 2072 4166 3467 1105 1310 1221 1328 1695 3278 4104 3017 3539 3182 1217 1094 956 1062 2474 4848 5926 7460 6128 7631 7110 7534 8754 8150 6129 3780 3209 3421 2628 4265 6898
0 0 0 0 0 0 0 0 0 0 0 0 0 0 0 0 0 0 0 0 0 0 0 0 0 0 0 0 0 13 309 421 220 524 438 268 230 14 55 753 469 899 1663 420 266 147 237 332 393 331 50 73 148 43 347 3236 6214 7711 5335 522 1695 2233 265 482 1106 611 927 1192 2521 3068 4546 1530 1522 1045 1034 602 597 457 912 735 1648 3270 5324 5253 7786 7863 7658 7505 8642 8072 6767 5171 2807 4147 5543 4497
0 0 0 0 0 0 0 0 0 0 0 0 0 0 0 0 0 0 0 0 0 0 0 0 0 0 0 0 0 0 20 386 664 645 509 380 281 24 21 337 356 340 1540 1848 374 784 201 209 102 19 44 119 617 394 1050 3268 5761 4720 4378 112 133 409 202 576 603 1070 1944 2839 2983 1257 716 1163 871 592 182 262 99 1498 2385 1264 738 681 2168 4985 5970 7417 8463 7454 7097 5751 4244 2757 3787 5873 7213 3807
0 0 0 0 0 0 0 0 0 0 0 0 0 0 0 0 0 0 0 0 0 0 0 0 0 0 0 0 0 0 0 409 294 361 591 938 342 177 36 53 218 94 102 330 55 509 125 166 83 19 103 585 674 921 1061 785 1105 1449 2569 1397 292 394 316 913 2155 4841 2233 2053 4469 3319 1199 790 1809 1086 554 983 2538 1257 1224 1983 1700 1184 1890 4779 5691 5907 9097 9160 6973 2756 2624 1473 4754 8051 4002 139
