gis_files/ffallow201314.asc
ncols         625
nrows         694
xllcorner     895000
yllcorner     515000
cellsize      5000
NODATA_value  -9999
[rows 441 to 489 of 694, columns 192 to 287 of 625]
1849 498 251 320 379 1019 434 282 123 571 238 529 297 877 789 647 339 941 366 157 804 784 1006 1242 601 449 345 605 128 193 100 110 225 393 986 906 1024 485 690 1330 1519 2158 1641 1114 563 428 784 573 769 1205 879 1529 1474 1532 945 601 1094 287 966 406 164 187 674 50 114 40 59 199 538 312 262 603 493 0 385 69 289 335 14 98 0 128 733 231 146 774 270 186 286 0 138 351 499 457 54 286
3082 1517 250 80 65 582 46 133 68 144 216 109 548 178 84 104 657 295 221 138 444 928 819 1219 1292 919 642 355 469 208 283 386 225 302 586 659 373 635 1591 1361 2045 2822 3116 728 46 176 928 354 675 442 1366 1617 1296 928 1100 664 1078 971 576 447 538 381 177 95 117 35 108 153 380 278 66 326 295 134 176 72 790 1025 266 54 894 72 385 0 73 1062 3544 225 421 311 241 236 98 161 379 263
1594 976 171 149 380 232 58 82 253 181 130 50 215 143 268 173 378 245 217 344 1364 1030 725 808 1177 1647 631 495 956 503 340 164 123 161 781 671 665 628 591 798 990 956 1303 665 1234 331 1552 679 230 452 575 1125 893 371 960 938 889 438 503 669 304 235 203 75 87 107 35 39 29 312 194 350 277 90 157 65 707 2237 1071 364 794 286 0 0 0 134 108 199 365 265 518 79 122 46 395 25
1140 561 125 104 330 167 115 201 623 376 77 77 164 60 109 350 113 371 107 1075 1149 2402 1567 251 537 370 763 677 823 415 406 220 208 98 253 815 522 1111 454 840 957 1183 707 1264 1473 1436 1054 666 389 504 804 756 670 1032 913 395 605 853 798 761 426 512 154 65 107 125 60 31 24 107 153 51 144 68 630 1 286 370 1004 733 1175 192 97 171 0 470 385 188 324 951 646 123 79 44 956 1
564 543 137 85 146 192 169 263 494 135 78 65 79 73 40 49 519 340 398 1548 635 622 835 423 702 182 702 690 904 467 458 399 459 602 359 317 931 686 853 2347 1819 1170 1258 848 894 1321 1283 779 976 735 856 754 1025 1966 554 108 664 1473 840 582 714 690 189 34 48 215 108 82 65 186 202 107 53 251 679 73 458 516 9 537 710 29 740 1306 1084 0 616 189 352 1428 716 1009 56 130 1184 637
736 310 25 56 157 11 87 197 130 225 56 48 45 102 69 44 10 189 988 1348 3061 1252 948 1090 381 695 546 1375 1170 1015 534 1414 487 277 112 439 482 1361 991 1292 1524 1236 1248 666 674 829 961 1149 718 626 1712 982 960 569 162 312 1194 1340 1399 474 273 363 122 157 151 138 123 178 114 206 250 416 1 59 3 35 453 636 729 948 1049 410 1673 1216 1461 148 536 152 443 1386 600 1047 785 83 419 345
770 340 235 459 174 345 108 133 358 173 171 257 273 93 90 383 15 169 830 2296 3295 1658 469 129 123 157 425 1407 810 930 280 804 904 554 148 701 368 776 1703 1297 1128 774 1603 1214 386 273 553 961 1253 430 630 795 1187 748 267 147 845 903 2036 1606 651 1307 607 132 151 125 28 105 124 118 287 270 0 83 330 957 1488 1044 1257 1540 506 304 1455 707 330 14 715 813 434 1374 188 536 889 403 15 26
226 233 351 373 311 203 156 117 140 140 423 202 322 513 255 112 416 878 1210 1933 3023 1376 1040 845 597 266 278 504 454 354 458 544 1119 590 72 1153 2181 903 1781 1948 1449 1173 1592 1687 1315 597 117 638 1002 370 1020 1286 1386 907 867 291 784 1192 2427 2496 1361 383 528 171 168 144 64 188 148 104 330 468 479 965 544 936 1204 464 977 914 882 775 161 751 823 1258 443 347 977 1318 1914 804 2265 696 56 310
146 217 872 2183 1613 1034 344 104 488 753 277 1362 623 557 384 207 347 859 1685 1290 660 1499 1167 1426 1366 317 577 1216 270 386 460 1104 625 314 120 632 583 1380 1209 1623 2338 1248 1518 2487 1996 1538 985 575 1458 1589 1239 1800 1616 903 862 467 719 906 536 1548 1217 1596 1233 345 193 143 103 70 72 69 82 222 345 933 1269 705 509 794 488 921 2935 1214 859 2227 631 472 620 301 1222 1362 1246 1695 1044 771 625 789
118 593 938 743 399 809 537 508 171 280 186 130 202 531 317 164 212 1588 1435 724 566 376 485 649 497 389 758 810 464 859 1425 1052 1099 346 626 1069 1859 1559 1765 1094 1641 1375 1959 3189 2411 2850 1357 1271 982 1227 1233 1359 1924 1676 1834 986 746 1362 670 425 1266 1148 1213 700 334 218 103 439 212 206 250 118 192 603 813 802 597 617 245 501 671 894 975 881 1170 494 576 928 931 1155 168 290 398 432 566 751
275 458 864 646 334 664 789 656 253 394 202 184 113 152 262 370 162 610 334 715 617 665 1611 1697 932 424 621 286 312 623 612 730 626 1126 2491 1070 1182 848 1381 1453 1213 660 976 3847 4730 2360 1493 1479 2235 1823 1238 1116 2085 1597 833 1708 568 2906 1149 1340 1606 2299 1706 573 315 140 209 172 410 227 196 202 139 587 869 187 445 1098 1169 1485 1574 383 1450 558 1338 992 447 243 1981 435 153 0 26 73 567 433
1140 577 1512 1004 1071 899 927 1387 586 611 307 151 43 238 138 15 70 127 217 415 838 914 1195 1044 416 583 654 787 633 636 342 489 1559 1039 1106 405 952 72 134 340 1069 2533 2253 1873 5716 3100 2536 1831 1987 1330 667 2403 1504 607 1632 844 563 2909 1069 2198 2100 1714 1681 1070 894 383 217 289 425 322 59 247 334 189 625 275 406 780 1100 337 531 168 681 857 454 489 576 1029 1673 1111 153 0 4 336 394 549
1643 1683 1998 1035 1445 1657 701 1756 1035 671 434 1001 369 302 797 286 92 6 1034 352 1647 677 914 935 473 310 1067 1219 773 421 1070 1436 1152 805 606 87 89 0 0 0 58 912 1658 1808 1938 2698 2990 2628 2569 2352 795 1849 1934 1209 908 738 546 485 1200 1591 2225 1865 1618 739 567 523 942 607 301 261 122 701 390 119 215 243 492 339 454 196 128 179 977 2429 1401 216 300 1274 1598 445 138 0 369 797 858 331
1767 2593 1752 1869 3406 5442 1714 1187 1030 988 1147 480 1213 575 682 448 290 104 1542 2178 756 326 238 728 151 622 263 1120 462 785 1147 809 1086 1371 1835 647 93 0 0 0 228 301 879 2983 1490 1867 1918 2063 3014 1073 2237 2040 2854 2577 948 277 275 595 766 1973 1777 1535 1410 1331 1734 741 549 923 478 278 166 123 220 286 181 281 389 347 223 597 217 196 523 723 913 482 725 395 739 70 192 247 669 1258 808 307
1641 2028 4239 2864 3105 1806 1179 1047 983 531 1178 548 1224 568 538 124 418 528 336 314 807 849 112 166 542 2081 827 294 1525 1717 2681 1839 700 812 509 1685 41 23 0 20 178 354 1183 882 434 1330 1327 1179 587 685 1178 2000 1939 1086 778 751 438 132 426 2327 2915 1229 1469 597 645 980 823 494 649 389 286 134 169 342 494 490 231 419 202 898 1310 1007 544 790 912 398 684 300 0 122 874 87 140 268 838 918
2100 5903 3940 88 2652 2471 1340 1203 1090 363 345 255 490 97 23 44 2170 3418 1820 1328 519 1125 473 861 365 662 1212 1706 1069 2393 2485 2850 1044 815 1414 588 533 1 18 1 564 1096 833 1770 1489 1514 2691 2456 1387 1835 2099 440 735 661 864 897 453 204 156 756 2326 1924 883 1438 261 1012 1036 745 492 243 192 103 258 516 454 285 358 606 292 233 235 4 0 35 542 1046 468 209 97 143 473 924 936 738 424 908
1527 5445 4635 4224 4091 2870 4700 3536 1386 586 222 235 38 70 523 363 2821 1481 792 1216 393 554 265 559 1014 478 266 892 1071 1274 3569 3187 2122 1543 2784 977 506 719 938 2432 1335 1395 261 492 789 1594 1678 4340 4151 1717 2387 1534 1850 2091 840 1277 184 230 172 607 1475 2716 636 726 1312 1461 1518 2036 572 232 124 267 715 410 292 468 428 218 351 694 87 169 778 991 917 191 227 435 245 700 966 830 420 808 379 492
707 1703 2249 4081 2847 2521 2519 1377 325 305 93 156 395 217 363 556 1317 351 334 781 537 345 246 626 118 296 75 600 134 1485 2071 2597 1242 1466 1390 784 1022 958 839 4304 2501 666 487 463 876 1290 1149 2556 2140 2781 1986 1606 1719 1801 1234 1429 1121 405 490 434 776 2356 1256 507 960 1642 1524 1142 502 617 139 379 946 330 679 632 302 70 134 206 147 302 379 359 620 429 656 996 277 997 755 344 350 1483 1335 280
716 1453 999 706 1210 1537 1047 342 240 380 356 204 378 347 808 2086 3713 1327 1094 877 1296 2391 1399 557 253 113 611 222 342 268 712 620 817 746 1086 794 2681 2016 3126 4878 3579 970 675 1293 276 375 1588 2042 1823 1840 1200 1402 2265 1207 1885 1303 2144 1411 807 507 415 1721 2225 2081 2121 1640 1103 615 439 1330 220 439 704 503 247 140 80 383 233 74 390 359 235 171 482 215 306 304 166 670 370 265 568 495 1050 1005
1208 548 1104 386 1101 2816 848 278 587 528 690 640 275 1204 1671 1915 553 595 702 607 539 2041 2567 1402 608 534 401 60 53 248 149 172 522 281 815 1711 2466 1750 620 1853 2183 1140 896 849 547 20 2071 1958 1453 1579 1180 1622 1522 1666 615 1829 1607 2411 2086 790 595 725 1696 3236 1961 1884 1084 572 39 212 330 30 55 307 276 79 197 78 130 98 398 105 120 33 60 77 39 68 296 1177 585 257 265 311 508 1088
341 252 383 48 644 686 1830 755 1608 631 704 733 261 682 1007 686 1088 1681 1528 1877 958 3182 2193 1261 573 134 662 311 331 198 61 304 689 1128 1554 1262 2456 1598 1892 1828 1505 829 654 1036 1863 638 1261 1819 569 714 1441 1634 1754 1830 1591 1933 814 1695 2841 2174 411 336 965 3014 1574 1081 518 129 154 143 152 107 39 220 132 176 82 112 243 227 330 73 48 120 77 203 230 139 311 642 1574 192 268 728 517 564
912 613 342 399 536 527 1296 1170 147 84 143 125 352 463 423 760 973 2199 2555 2842 1392 1426 1537 1493 342 396 408 154 395 923 1327 787 968 958 1131 1434 1621 3141 2498 1583 2045 761 413 406 848 191 1030 2243 864 712 506 1323 1434 2057 1821 1121 1490 2914 3377 1766 359 459 475 2342 1848 854 163 223 70 25 534 75 177 325 110 183 74 202 384 143 171 173 102 261 161 194 299 445 442 1619 2450 951 309 649 521 252
1597 251 1420 307 88 266 1212 2245 1025 187 521 1913 1302 549 601 690 434 1766 1268 1705 1929 2555 1165 1157 773 705 192 361 761 472 764 937 1568 1702 1311 1022 876 1581 1144 1786 1707 1387 1775 1099 662 154 823 1438 958 1110 1202 936 1310 1826 2944 2445 1379 1622 1438 2208 1744 432 152 715 2400 400 24 268 48 158 31 20 39 118 118 4 93 117 123 33 188 168 93 93 63 53 281 350 339 474 650 839 919 680 231 497
39 492 559 711 25 278 1426 3875 1071 445 470 630 921 843 464 983 2731 4357 3382 3187 3344 2711 1478 1070 1695 1116 556 419 748 985 812 1524 1175 1262 1353 844 1969 1815 982 336 370 509 1761 1882 1509 265 319 753 260 1290 1389 933 759 810 1815 1325 2737 2603 1867 1371 1392 164 193 212 1046 447 29 35 4 148 95 344 168 10 156 48 36 204 135 46 108 72 113 204 142 85 232 99 503 990 1505 1042 1212 531 78 109
10 188 56 55 0 152 1228 3866 1436 1118 393 3182 1425 559 526 898 2711 4607 5152 2402 1425 2116 1454 1242 902 1110 370 1024 1133 2001 2794 2481 1576 1278 1730 366 1422 1917 743 641 677 384 522 1939 1114 1572 1327 893 1877 2272 3223 1963 1601 1210 1390 1424 1430 2703 1599 734 198 49 77 104 75 206 1 15 114 19 334 206 404 44 31 31 24 127 336 363 154 48 396 226 74 11 378 43 283 552 1142 656 212 119 0 281
207 514 149 109 21 66 1148 2713 1449 823 59 445 2122 665 236 435 2040 4186 5019 4645 4634 3131 1508 1266 2396 1754 449 881 1295 1164 1735 1647 2026 1552 3386 1234 1700 710 958 593 1300 1345 780 2135 2304 1735 1056 2120 2297 1372 2758 1142 310 1298 863 1352 1973 2436 448 805 133 120 161 88 10 256 25 20 20 31 907 147 723 87 9 26 85 344 215 157 146 518 410 168 144 241 115 6 1387 946 632 428 65 506 252 132
672 1325 83 24 204 504 2270 2411 2671 2704 1873 1047 454 523 480 327 917 4606 6192 4670 5223 3167 2095 2623 2136 1717 1471 613 898 808 1209 1199 913 1666 1864 2500 2070 1505 1475 1306 2618 991 1125 926 1875 2482 2765 1507 1914 1819 2102 522 1111 710 1188 902 430 489 124 34 633 127 54 151 8 6 11 49 207 590 652 240 314 154 11 14 10 69 132 70 191 361 209 306 257 115 48 53 1168 1895 1910 650 1006 536 266 480
765 58 66 92 591 423 1929 2288 2909 2609 3282 2620 835 2254 864 745 803 1927 3890 3477 3571 3524 2661 1939 1550 1646 1300 943 447 548 839 790 721 987 1890 2444 3107 1115 2425 2407 2222 2778 2023 2627 2701 2190 1533 2489 2619 3051 2726 1119 586 484 321 670 132 19 13 0 38 75 191 371 49 290 80 947 1675 29 88 227 83 299 29 120 187 326 152 148 44 213 209 612 196 94 186 603 1279 1088 408 2023 1227 142 142 326
393 89 286 345 168 640 2005 2717 1273 1261 2263 2727 2165 1934 2723 2081 1900 2889 3581 3771 3284 1799 2413 1444 1900 839 189 283 740 719 985 787 684 1777 2010 3527 1091 1545 2538 2259 3043 2821 1401 1796 1192 1581 2096 3950 1549 1923 1915 1139 773 257 689 1091 24 102 8 118 118 365 810 822 473 780 970 1111 764 34 156 558 30 257 88 311 409 408 223 174 143 329 227 684 247 109 307 385 1362 1840 690 601 401 109 194 30
363 365 526 709 1361 1066 847 2737 2746 2072 2894 2604 3271 2372 1989 3584 4788 5971 4668 4634 1380 1005 1584 1212 430 1537 1696 1651 2031 2238 842 775 215 611 2048 3628 1722 2007 3525 2696 3704 2011 2169 2402 1966 2498 2627 1421 1953 1754 1089 485 265 421 440 601 240 215 163 867 206 1214 1277 810 943 271 1036 627 53 326 261 4 297 281 173 1350 212 152 468 231 0 395 671 364 156 104 485 1274 893 1894 463 128 335 716 51 78
1525 1449 345 458 529 883 1642 1672 3024 1268 2620 3378 3771 3206 3488 3349 4050 5113 5942 4190 4414 1579 2992 1771 3088 2308 902 1024 1727 1829 843 787 1241 1706 2609 2573 2274 2260 2040 2761 3113 901 896 2579 2795 3068 3295 3432 1986 519 458 375 186 986 248 277 203 307 1949 358 2040 2406 798 391 1803 204 1041 702 306 188 50 312 213 137 73 912 517 380 1706 1947 438 191 1210 879 1 315 700 376 1678 2977 336 129 631 252 3 5
541 300 448 162 189 1357 2164 1823 3003 3842 1410 3705 3446 2617 2930 2567 3317 4961 5719 4349 4117 3487 2333 2323 4708 4395 2580 2022 2175 1742 736 789 1285 1433 3150 2095 2144 2206 2871 2434 2282 1954 2531 1346 1956 1420 1924 2435 1579 1369 542 583 701 536 258 14 549 1134 957 986 2954 1357 51 36 1683 40 21 198 383 662 233 31 58 40 50 152 72 242 647 2528 1571 593 242 439 77 815 723 300 1327 2121 20 528 181 5 0 0
311 670 817 53 217 1256 2150 3578 2508 3208 1793 3023 3258 2785 2487 3309 5218 5483 5448 3356 4191 3653 4252 923 5582 5349 3522 2770 4346 1755 864 147 301 672 854 1167 1369 1726 2212 2085 5038 4145 2189 738 760 2055 1772 884 373 623 644 218 0 0 0 16 217 271 176 127 967 3 164 3 689 11 53 30 327 347 43 73 134 148 120 202 290 321 780 877 283 509 794 442 492 261 1123 1315 1163 238 159 371 157 0 0 1
383 780 1647 310 232 414 775 1012 2879 1609 730 638 4255 3938 2944 4308 5447 7520 6439 4823 3430 1263 2371 1345 3327 4538 2618 2489 2924 2747 3379 235 712 432 723 571 454 1174 3164 3801 3456 1907 1658 2164 455 976 2299 2188 379 339 347 162 72 0 154 770 1348 359 117 33 4 20 68 3 113 5 80 586 1046 161 112 127 351 215 275 30 322 822 978 68 881 2153 1355 156 355 299 818 618 1567 383 240 711 255 138 256 9
129 930 2865 2056 1116 1325 1951 1888 2953 1626 2057 207 1450 2127 4157 8160 7573 7090 6879 6704 3960 1599 3131 2186 5478 2327 3144 3570 4945 2109 546 327 247 563 512 1040 261 304 2134 2208 2476 2948 3131 4409 1757 0 70 167 892 1214 600 477 649 138 51 177 647 394 817 151 87 226 6 8 56 13 18 455 2112 201 297 163 302 423 132 93 163 1272 236 209 1789 2840 1581 2546 832 282 296 99 2208 1622 913 1612 478 345 11 21
1500 631 1603 3052 3126 3535 3115 1430 4078 3748 1626 963 818 1174 3066 6983 7348 7909 6959 5588 6480 3235 2802 2112 2580 3669 3343 4660 3944 4044 1380 677 581 339 1489 883 962 1239 1529 1963 2205 3981 3123 3340 1197 0 393 433 506 277 526 0 41 4 868 696 650 548 700 610 207 21 310 79 266 176 226 31 20 6 169 526 569 799 161 186 453 1725 70 321 2494 1959 997 1592 514 887 778 2827 4173 1745 690 563 390 15 75 90
1496 1953 1550 3694 1035 1425 2733 2758 3930 3404 4987 2204 544 661 241 2794 3192 3713 6187 5365 2599 3526 3130 2565 2094 1899 1908 3842 3875 3164 1569 1618 2519 637 1431 1239 710 1268 1986 1131 1412 2689 1357 480 398 1348 1994 923 396 546 103 51 605 750 1259 1115 1159 176 174 304 137 262 77 0 123 97 51 59 59 3 166 437 149 449 166 148 445 797 487 1076 1757 2856 1204 331 119 835 2666 4663 2750 691 283 283 184 255 53 139
671 878 1066 3455 2021 2508 3231 3266 3877 4286 3670 3098 1900 1340 953 1737 3027 950 1387 1571 1434 608 1979 1502 1673 1967 2713 3256 1613 1640 837 1480 2578 1853 942 1613 764 817 1781 1369 814 2001 157 20 406 460 262 97 64 74 241 59 15 0 95 818 398 266 230 215 88 51 477 892 864 518 55 386 369 285 35 56 21 82 1031 861 315 1387 1430 311 1248 134 227 641 56 585 1283 2395 1000 203 758 327 213 426 38 98
1598 1174 437 1356 1579 2947 3318 3864 3417 3884 1984 2259 1624 2750 3116 3397 4122 3270 2863 4620 4629 4472 2467 1725 2063 551 3147 2434 1498 632 704 901 1736 1640 1577 1498 845 1874 1134 258 503 591 0 0 20 13 39 0 0 8 83 0 275 18 124 331 311 304 0 0 41 263 433 671 109 227 1189 725 21 60 137 250 315 237 799 167 1873 1757 2127 324 1483 72 301 455 24 6 137 1231 163 153 220 109 80 33 46 369
2429 1325 2957 1503 1952 2699 4580 4580 2498 2240 2279 1790 1629 1213 2380 2992 4236 4898 7111 5907 4580 6268 5714 1502 608 965 1103 3598 2501 2376 1179 1577 3688 1494 2186 1210 479 1360 646 266 171 5 0 0 33 100 15 0 45 69 0 120 13 48 0 16 9 0 0 1 561 1499 79 44 9 445 507 307 265 413 144 341 630 247 142 271 1017 2413 1411 661 697 1685 1356 171 281 8 0 512 393 14 35 4 240 50 172 567
2441 1155 2129 3322 2916 1931 3061 3906 909 898 711 504 644 1149 901 1711 4074 5437 7998 6608 5183 2928 4533 1734 2558 644 393 1488 1858 2785 3930 3773 2993 2960 2055 753 201 305 82 134 87 0 0 0 0 1 13 0 0 0 0 48 39 13 0 24 0 0 0 493 2927 1667 10 368 684 506 366 536 272 286 416 201 739 123 409 2563 1522 794 389 188 680 1030 16 5 60 0 18 128 933 115 246 167 75 130 151 346
3573 2000 1035 1236 3472 4251 3022 236 676 335 124 63 43 780 2035 3709 3611 7656 8502 7371 6918 3605 4032 2439 4483 1268 1307 1233 1136 5299 4502 3545 2702 2603 2309 2810 1823 419 0 0 0 0 0 0 0 0 0 0 0 222 325 0 0 46 0 97 146 365 1174 935 2519 334 51 991 1455 1323 985 204 474 593 1129 472 404 188 363 1229 56 63 196 110 315 715 60 344 164 18 36 10 1061 299 278 222 507 754 428 632
3253 4265 2210 2750 4106 3517 508 730 952 1194 102 74 39 366 1725 3345 5129 6049 7598 8248 6587 3214 1109 660 2408 862 1200 1130 935 2588 3905 3655 5263 4712 3253 4102 1364 171 0 0 0 0 0 0 0 0 0 0 0 0 0 5 5 13 0 973 1974 1283 1155 1316 2215 464 428 1054 2101 1298 799 321 995 956 1645 1746 495 600 789 2087 1037 785 868 384 240 73 28 97 364 236 138 35 164 395 213 238 429 243 100 144
7776 7405 6306 3453 822 396 1396 675 735 1577 593 810 172 102 3135 2451 3714 4407 6720 5154 4646 5493 4844 2572 1949 774 720 1170 591 1721 5026 4891 3813 4226 1027 399 0 0 0 0 0 0 0 0 0 0 0 0 0 0 4 0 1 209 1633 2038 2125 2564 650 818 1205 724 403 822 1371 2079 656 329 396 622 655 506 1515 1637 1676 3251 1121 1361 744 809 1199 73 528 169 204 314 98 16 286 453 420 942 523 1108 39 0
6602 3195 354 1079 1219 1581 1540 1454 832 802 1813 2189 1459 1351 3514 3066 4290 5713 5024 3626 4352 4863 4833 3716 2391 1559 778 877 733 955 1384 2398 2377 1258 834 89 33 0 0 0 0 0 0 0 0 0 0 0 0 13 16 35 0 1067 2896 1766 2307 2296 438 600 1246 1448 612 1167 2449 1486 2603 926 1080 716 655 1640 1987 1113 3238 1908 1609 1131 892 675 1422 240 1949 601 322 129 347 184 373 587 161 552 443 788 376 0
4649 769 1446 728 681 2544 3787 2554 1860 1327 1237 3249 2524 1495 3231 2244 3379 3665 4405 3446 4629 4133 3649 2337 2432 2871 585 424 651 1219 311 2011 2875 151 21 6 729 995 1046 522 29 0 0 0 0 0 0 0 0 0 0 0 0 124 743 258 1875 958 687 911 670 918 1559 2168 1108 1623 2965 1120 928 669 793 1888 2243 1416 2141 1611 2661 1012 207 208 1090 787 1041 1591 218 689 493 585 641 235 334 824 368 114 70 0
1731 980 888 2629 1690 1278 3230 4365 965 807 1007 1342 1868 1934 1407 2148 1680 793 1387 2676 4165 644 1673 1946 1971 1855 454 635 1504 1461 2347 1346 580 83 358 55 45 985 3283 1971 504 450 3 0 0 0 0 1 0 450 602 776 835 2035 572 1377 2144 1540 833 509 442 834 669 612 396 726 741 2671 908 173 2137 863 1623 2043 1318 931 3042 375 458 168 1160 774 1711 3788 840 1310 1239 3110 2178 460 462 781 10 15 0 0
4678 1343 764 2474 2268 3233 5245 3340 1697 2541 1958 2617 4141 3389 2871 2558 2933 3793 2721 1513 1455 1754 1692 1991 3255 2050 2462 2351 3125 1333 1612 1433 358 497 1217 601 194 1342 3613 3391 3032 2599 1001 29 0 0 0 113 539 371 935 3685 4473 1705 2353 1715 2348 1764 1963 606 1555 622 504 558 596 237 1591 2957 2178 1522 763 391 930 1947 891 1631 1608 807 475 1865 1860 1544 1661 1246 886 1410 2395 1957 2937 573 435 122 68 0 0 0
173 146 186 829 1804 1801 3532 1830 1627 1321 1964 2814 4293 3250 3762 1193 3458 5087 3397 2328 1139 2904 3358 2486 4871 6180 4924 3714 3302 3144 2027 1131 746 977 1264 1721 381 704 1379 1587 1404 1978 616 56 0 0 26 302 36 0 8 705 997 1046 2366 1821 2482 2035 1966 1173 1279 1030 770 675 680 432 1346 2041 1981 1779 1031 484 789 1839 2386 1174 238 1391 1359 1874 1937 102 49 0 0 0 0 440 1508 588 418 1172 6 0 0 0
