gis_files/ffallow201314.asc
ncols         625
nrows         694
xllcorner     895000
yllcorner     515000
cellsize      5000
NODATA_value  -9999
[rows 294 to 342 of 694, columns 192 to 287 of 625]
212 544 1015 551 440 548 1291 602 484 261 222 282 104 702 335 217 40 49 11 18 243 48 255 144 6 56 110 399 484 576 232 64 84 0 4 3 0 0 0 0 0 48 23 69 79 102 228 107 266 327 586 363 347 416 517 327 301 314 401 804 681 87 26 179 349 152 87 158 118 39 29 689 2166 572 66 19 21 16 127 162 204 87 391 423 638 682 572 238 667 69 128 815 1075 238 144 657
685 1040 1523 543 1002 452 645 756 432 283 147 1335 310 201 166 135 3 13 5 8 504 375 161 46 119 207 98 485 223 181 352 281 70 10 20 0 0 3 24 1 1 99 1 0 0 10 80 839 211 605 479 376 437 322 228 444 428 380 171 176 181 172 36 77 154 0 78 354 394 759 804 578 69 112 24 1210 395 630 251 142 127 443 48 109 345 349 187 289 435 296 30 835 433 125 135 177
645 784 697 327 825 23 1968 1061 862 208 272 506 198 207 240 84 8 4 25 14 644 394 138 11 33 75 117 411 577 455 186 152 217 133 84 14 8 0 10 3 0 0 66 202 0 26 232 854 342 198 512 428 327 283 251 120 95 50 209 212 93 320 419 423 109 8 0 527 536 24 29 73 702 889 1371 612 462 452 93 760 866 109 168 408 376 133 360 255 424 231 56 169 88 44 211 49
666 549 616 442 750 85 521 1527 1720 528 612 519 192 102 215 38 3 8 28 97 669 1035 152 35 20 83 287 681 1212 858 275 105 117 102 40 28 31 30 0 0 3 0 25 9 0 20 233 488 396 384 212 108 119 251 275 97 238 117 149 104 108 93 109 336 23 0 222 398 561 115 6 324 316 489 46 16 146 597 330 383 211 260 169 420 163 381 281 518 350 143 263 80 36 28 66 61
287 232 167 256 437 484 429 457 1672 606 361 97 39 41 158 188 77 35 8 117 759 487 187 66 866 1340 1014 464 276 485 682 347 128 418 36 70 58 124 48 0 0 0 0 9 1 148 221 256 677 493 443 1392 748 105 223 230 132 104 312 191 206 591 201 0 20 398 454 192 68 280 642 724 1425 2158 404 232 538 445 216 299 199 78 64 296 174 156 378 421 206 346 65 31 149 109 202 54
553 316 72 393 421 1200 246 517 638 1252 373 70 115 54 142 110 266 16 8 104 460 585 215 1636 1583 384 612 128 16 34 11 72 174 203 238 23 40 5 154 19 25 0 1 28 49 20 38 197 381 89 247 582 759 232 411 127 212 437 273 245 281 28 0 146 780 108 208 266 196 1735 748 533 1222 521 547 352 381 53 65 36 98 0 80 621 304 138 73 202 465 183 265 354 178 75 28 464
207 223 222 72 410 948 90 211 262 724 306 209 159 102 99 83 36 5 23 11 73 363 351 1244 651 736 152 23 13 14 89 72 6 34 241 258 78 218 120 80 5 43 34 11 51 72 463 575 312 148 379 169 266 250 798 13 98 201 117 118 0 342 1252 393 13 495 671 490 243 398 514 140 107 240 484 58 43 25 80 199 276 138 115 378 294 657 922 154 243 255 172 172 216 297 452 666
844 310 64 78 48 768 120 110 196 176 198 181 125 132 124 44 1 9 15 0 5 134 172 546 295 35 1 10 21 39 1 55 132 61 79 50 34 70 207 255 25 1 29 117 139 63 576 188 138 473 223 16 575 1060 1224 341 112 89 64 164 199 409 90 38 87 158 537 38 63 97 203 400 187 149 163 69 0 118 255 98 182 45 63 319 414 196 64 77 268 167 395 419 327 1010 156 339
607 469 100 60 59 299 281 103 189 215 263 94 181 125 316 77 53 4 25 5 105 143 119 40 41 10 169 1 0 6 84 89 48 596 208 3 8 19 112 314 972 281 211 228 0 15 48 127 291 276 521 868 1870 1010 858 39 211 5 149 236 215 144 74 217 66 107 253 39 558 506 43 322 24 97 243 82 80 44 105 13 1 56 861 468 31 54 19 253 418 1032 494 43 10 5 309 527
1198 177 192 423 178 258 889 84 301 172 94 196 226 144 504 45 301 1 0 48 231 112 74 137 38 43 128 31 20 19 20 23 151 24 3 20 3 6 53 304 206 363 370 75 0 117 1727 670 625 849 859 845 940 33 56 0 29 154 164 5 153 44 51 11 179 225 276 408 63 28 1 64 19 77 93 168 95 0 63 46 143 448 149 65 240 892 442 1394 524 92 36 151 0 409 376 292
2095 230 558 1316 776 251 470 267 238 419 137 125 137 35 215 123 246 4 0 36 428 177 3 19 53 4 0 3 39 14 6 14 3 0 0 4 9 19 138 154 48 176 238 1 54 161 299 351 759 489 142 78 179 1 0 84 61 19 8 144 1318 275 378 54 83 426 85 4 109 79 9 60 615 902 662 395 73 14 6 182 695 70 133 1641 726 287 369 21 127 188 3 0 0 0 226 1015
1243 1357 1547 2382 1920 401 237 232 129 588 231 251 169 72 56 108 1 0 61 130 204 178 16 0 36 4 0 23 113 1 1 0 0 0 0 0 0 35 149 77 89 149 85 30 414 142 287 479 271 97 128 80 0 14 153 29 4 33 75 198 16 16 4 55 66 54 69 276 13 33 18 340 1027 1147 359 666 53 9 380 498 84 638 423 256 266 391 54 0 0 199 514 64 18 113 559 701
1920 1059 907 1973 1045 226 554 391 289 194 149 156 137 139 29 151 177 95 218 257 263 178 38 1 0 4 0 4 31 19 5 3 6 1 59 19 29 49 143 103 113 85 151 122 127 15 255 460 360 143 149 265 163 194 8 1 69 6 231 15 0 31 25 137 40 21 110 88 237 789 867 669 1274 2449 1243 440 65 591 331 694 603 310 494 628 255 64 46 69 147 157 1099 148 99 467 435 1316
1168 743 588 807 938 89 301 697 592 290 112 167 171 110 51 69 73 46 173 127 147 107 286 61 164 6 45 0 1 9 1 103 105 23 137 6 28 66 40 146 137 137 138 114 23 19 231 526 469 273 305 314 283 64 6 122 241 0 161 1 3 140 339 243 113 16 122 744 1365 2380 1402 1039 2030 2361 1168 776 645 638 694 192 802 605 277 527 257 817 416 72 53 164 419 352 400 289 335 330
1436 1086 657 1222 1686 449 334 283 379 115 183 142 157 144 262 237 168 248 137 242 255 149 122 25 153 3 4 3 10 8 19 84 127 87 16 8 84 33 128 161 213 143 120 25 189 271 112 108 95 18 16 184 149 3 8 19 80 14 9 36 124 163 151 349 43 0 220 1667 1165 1841 1488 1819 952 1404 523 706 655 265 291 437 881 776 484 582 469 820 114 173 171 378 283 110 21 232 282 216
233 1159 1473 607 564 391 300 149 212 154 102 206 148 213 304 54 103 149 115 186 213 139 9 6 54 19 3 297 9 31 88 51 84 56 5 28 129 25 49 255 233 148 460 98 103 35 3 202 102 6 11 95 376 115 56 18 51 60 50 473 435 135 216 242 536 65 235 1217 773 1099 1143 1503 270 784 1189 618 1433 507 852 993 287 627 389 957 1345 1145 918 832 513 30 18 499 617 943 543 1000
371 743 1725 783 740 718 115 59 50 87 255 250 593 183 198 46 208 172 134 118 56 130 41 61 51 74 702 1116 69 225 103 44 45 40 10 146 94 51 60 78 128 216 310 137 94 100 6 140 125 3 16 66 156 18 19 49 335 403 159 364 159 66 152 157 434 68 261 532 330 199 105 366 454 1208 1136 3283 1486 1111 457 692 578 1041 923 396 473 315 521 92 189 113 379 642 566 1410 661 627
595 255 539 825 1402 278 232 84 208 132 283 352 267 192 107 202 124 217 245 30 58 44 35 8 20 623 337 352 25 117 154 89 148 25 44 98 109 29 49 118 104 156 182 119 109 78 34 336 103 53 8 36 13 3 5 243 232 415 504 272 227 369 114 135 420 3 256 490 263 21 61 1 322 868 1385 2471 1391 1246 751 1169 547 3140 854 995 886 1054 198 300 95 20 378 633 2260 1101 662 775
568 667 720 194 321 272 716 418 339 299 253 191 138 118 114 173 117 258 193 51 82 3 8 11 14 104 34 75 64 21 66 24 92 31 49 79 108 167 46 77 50 56 154 11 38 260 414 85 0 6 24 55 30 4 38 226 638 440 202 503 142 349 242 206 291 72 749 398 447 133 0 0 245 917 1385 1307 2821 2348 2706 1751 3078 3164 963 701 879 787 290 90 90 312 388 636 1712 1420 771 1811
918 952 659 189 196 82 396 548 438 204 220 169 263 204 183 100 186 197 87 63 6 3 45 38 15 3 14 28 29 56 88 178 137 34 48 77 167 94 94 83 87 79 45 16 110 398 483 9 10 0 64 26 20 65 80 85 401 781 1005 631 646 728 405 213 23 4 123 440 428 794 662 222 430 1678 1473 976 1125 2467 2498 2324 3968 3150 1607 1103 779 329 49 58 255 167 112 552 1466 1888 985 1502
334 733 913 130 432 167 43 260 252 129 64 161 192 213 97 112 241 137 84 13 1 0 14 0 18 5 107 15 0 18 122 75 49 41 66 83 189 40 61 41 50 54 24 197 89 203 250 3 9 8 8 80 95 125 24 95 10 226 183 273 386 580 534 152 0 8 1 215 1034 1148 186 198 368 1134 761 554 677 503 1942 598 1835 2648 1020 258 117 34 40 140 179 110 198 963 1009 319 88 424
364 302 395 18 102 20 16 40 193 114 90 115 103 134 105 241 207 69 19 25 3 0 3 5 5 21 0 0 0 33 51 44 51 19 139 74 201 113 134 115 168 77 41 40 79 223 26 8 10 65 39 159 117 15 29 93 9 178 692 266 707 556 187 0 164 411 354 55 475 522 220 225 326 724 416 502 454 35 1 158 793 1375 1060 499 370 690 936 272 194 54 235 443 425 283 356 1194
423 618 84 21 38 8 6 135 144 281 194 122 181 139 156 97 104 70 39 21 19 4 5 8 29 8 5 1 1 20 87 55 15 49 102 276 100 228 182 261 88 23 31 25 25 107 4 10 63 44 11 146 14 0 188 173 223 257 457 458 524 538 351 0 240 567 164 64 247 196 266 370 356 517 419 132 9 18 10 369 805 805 337 839 281 518 292 388 68 89 68 61 211 73 701 1167
253 477 88 84 270 1 23 34 90 230 109 54 89 163 220 59 138 102 108 31 9 6 85 98 43 9 0 6 1 13 51 66 120 117 113 172 458 163 385 546 69 85 256 33 14 23 15 30 3 30 158 237 75 15 75 51 268 350 290 681 69 182 334 6 267 350 149 109 276 330 376 204 277 289 282 120 66 283 95 1095 591 384 370 909 364 365 342 55 458 226 48 153 186 70 390 756
10 39 72 74 764 0 13 104 428 310 196 88 53 31 29 216 45 25 14 21 56 69 70 154 178 9 0 4 5 26 162 159 149 134 108 331 413 617 718 207 206 88 108 10 178 73 49 29 0 6 124 105 39 21 0 156 238 169 45 99 0 236 85 77 65 222 197 211 179 473 230 154 163 277 381 168 478 256 4 704 242 115 314 379 199 937 942 312 775 311 275 285 94 29 646 2578
38 100 317 142 217 143 110 29 178 183 51 73 68 169 9 1321 213 21 40 70 174 130 70 49 147 18 0 0 11 28 209 179 485 146 561 546 469 825 438 526 475 253 167 49 246 290 13 4 102 30 206 24 19 13 9 432 344 29 143 423 0 39 43 61 207 194 134 87 139 137 268 263 231 232 355 124 366 311 14 1154 612 127 296 512 856 531 1147 1673 784 1825 828 66 16 24 277 1771
34 258 255 63 242 169 44 46 166 77 43 114 90 50 58 29 312 30 16 108 102 65 63 20 50 58 9 4 3 139 48 143 675 462 845 1054 517 1259 231 689 335 294 385 68 245 137 64 30 287 262 447 0 36 92 483 209 11 74 251 644 54 203 40 110 132 260 60 164 168 194 78 349 342 204 331 438 391 241 139 588 556 559 1015 784 484 840 1578 2060 640 632 346 48 0 34 1222 680
19 123 268 19 490 169 65 28 31 44 38 132 358 153 426 196 265 598 90 63 63 53 110 125 225 61 9 0 0 46 242 172 295 655 344 952 618 350 4 235 130 358 78 226 82 19 414 281 204 371 114 35 21 58 79 374 80 133 366 356 16 208 55 310 104 128 172 66 74 351 262 309 335 146 220 271 329 88 176 699 414 886 1553 1021 922 243 1296 1121 755 463 947 225 151 123 606 736
14 199 325 237 837 163 389 84 108 98 8 90 812 350 423 154 307 1001 176 44 54 72 74 207 199 78 15 0 15 28 245 523 321 164 26 48 80 84 304 28 130 176 487 386 469 1049 1460 349 97 201 196 20 10 4 104 490 237 8 10 1 297 98 233 163 161 260 102 79 97 241 75 117 66 426 265 376 164 231 89 300 1084 1795 1964 459 483 468 597 437 424 87 115 682 433 103 492 261
45 70 146 18 527 255 74 196 220 105 113 33 305 439 94 19 77 370 364 53 24 108 72 20 108 44 93 319 171 54 117 46 82 109 147 260 53 89 130 421 55 351 690 237 711 1646 642 1752 94 273 235 43 95 0 271 235 193 50 5 109 223 255 162 95 120 209 198 135 363 287 19 28 40 743 104 230 283 1071 522 506 1971 3105 2418 829 1150 1564 651 631 592 751 710 366 258 741 458 734
23 26 168 11 48 23 39 166 125 88 943 1174 201 87 48 39 0 79 206 164 202 68 8 55 178 18 60 225 137 0 107 31 65 148 102 56 48 30 69 198 310 203 199 99 226 561 375 178 439 207 48 66 3 8 63 40 3 6 220 196 238 74 152 212 174 125 459 585 336 237 364 311 295 1081 1715 1139 1676 680 1180 2286 1944 2773 3056 2171 1203 1557 1848 1583 495 386 543 507 159 271 1544 577
10 21 221 79 198 23 112 217 730 418 503 21 36 304 712 163 0 61 30 33 44 83 98 1 128 184 60 355 179 130 282 6 69 70 112 93 87 181 46 88 78 79 30 257 472 226 364 107 358 230 182 38 23 0 0 11 226 256 172 63 69 98 252 196 168 242 514 118 10 48 327 521 754 630 2319 1061 1673 1317 2269 1855 1779 2494 3318 2795 512 1188 1721 1276 504 253 198 255 1217 612 457 1057
26 5 262 1 4 14 290 321 524 1269 499 48 84 674 882 118 256 130 100 39 68 46 66 193 60 135 130 151 103 143 247 45 168 74 184 88 110 223 487 201 44 61 187 562 299 194 118 345 41 39 75 0 1 45 0 154 166 58 53 108 87 208 255 233 181 419 74 39 226 166 282 726 4329 3327 5443 485 1222 1079 1407 938 1121 1993 2232 1969 2143 2048 1643 961 483 558 924 1466 292 182 1155 1153
672 19 30 30 65 130 149 232 426 533 425 55 864 331 83 221 144 122 75 139 48 98 147 142 196 174 267 110 38 100 14 80 61 31 18 0 34 4 83 169 167 148 65 44 21 108 58 8 25 25 211 227 261 247 28 55 63 61 31 68 526 798 845 251 194 350 379 167 519 473 551 163 2777 3539 1567 439 3126 3059 1858 1496 2099 1834 2506 1292 567 1568 3086 1357 2496 1341 479 356 1480 236 1460 1920
375 306 31 113 317 432 596 316 1115 943 603 626 886 309 72 28 189 1 183 50 39 46 198 866 162 104 31 134 5 29 112 78 103 0 10 0 13 1 74 16 20 33 87 137 411 139 218 541 161 112 176 255 287 77 9 11 23 25 89 49 109 109 177 306 506 546 400 222 299 430 364 261 577 1046 464 650 2809 1443 853 1744 1805 1327 1083 1543 1484 1933 2556 2718 4448 1507 396 773 521 819 575 932
273 499 105 223 346 386 753 529 517 573 553 595 373 220 215 0 54 48 58 118 33 65 230 133 134 0 31 28 1 72 147 46 49 10 9 16 15 10 99 82 114 109 140 65 277 157 129 77 215 388 300 400 196 128 8 21 19 50 124 226 153 321 963 785 553 349 164 197 171 347 919 671 188 567 993 1746 3638 3709 3519 2850 539 371 1103 568 1340 1719 3167 3407 3231 1731 1481 1824 1212 878 541 628
771 718 20 414 321 193 305 109 404 355 341 84 69 8 4 61 0 60 83 130 110 100 109 258 0 0 4 36 31 90 80 20 45 5 4 1 45 108 189 203 85 43 109 268 306 389 552 268 395 198 226 320 378 215 90 133 159 350 358 230 567 768 666 356 459 453 376 723 391 468 251 474 805 1783 1143 236 773 3332 1210 1047 218 637 1772 794 509 792 1425 2742 2880 2258 1958 1838 2208 3361 1919 2255
578 405 130 107 138 278 202 396 177 227 203 78 18 149 168 122 54 0 110 40 93 16 0 16 39 113 45 18 5 36 29 15 0 6 44 49 5 23 20 184 256 68 115 528 552 597 975 439 656 1096 355 374 361 514 289 364 324 220 204 504 840 1173 73 704 923 601 169 1 242 1318 531 1078 287 858 1670 552 1815 2367 1380 621 59 380 2007 2137 351 522 1757 2573 2545 1391 749 770 1070 2901 3258 3461
442 580 238 184 99 28 220 98 1 18 102 28 59 25 87 31 18 82 44 0 20 3 104 337 278 148 139 19 24 18 20 4 8 14 8 35 18 26 23 119 138 231 90 215 201 701 721 324 246 187 275 268 245 401 537 363 228 666 258 1066 251 1267 217 1399 582 403 285 94 561 2164 1276 652 282 1394 1290 768 957 621 926 669 319 1238 2269 611 487 871 894 2308 2296 1036 221 1020 1131 1892 3155 3209
154 709 403 72 162 92 174 163 493 26 82 87 347 467 459 152 292 18 108 0 0 0 5 237 657 294 193 113 26 11 21 1 16 20 97 40 18 58 28 51 203 134 134 75 1228 2348 818 242 69 342 425 383 379 438 39 257 755 1130 681 78 753 1672 868 1120 512 928 1789 433 0 531 626 636 830 1187 938 371 278 330 1302 110 70 1292 1288 780 1350 1727 809 1798 993 1090 267 415 1129 699 1862 1632
95 109 319 529 659 260 536 410 686 464 361 258 105 281 297 181 347 523 241 69 130 256 84 339 735 409 171 440 80 30 36 6 19 9 49 89 63 178 56 247 2242 1609 144 65 1988 1609 1147 1088 287 380 44 14 49 149 421 563 881 2095 1815 455 730 1055 1143 2984 1256 1040 2055 760 316 182 359 547 429 420 419 493 107 329 1687 1494 90 1089 721 696 1157 2082 532 948 986 1918 1244 419 409 423 459 2486
364 266 426 257 281 238 242 188 187 312 124 144 13 1 0 0 14 35 49 173 311 504 201 534 617 642 84 5 23 0 29 15 14 15 26 152 118 1184 1459 3971 5215 2856 1290 507 605 56 6 0 9 29 203 209 133 38 906 1633 754 2470 739 257 2499 1130 2265 2333 2710 1369 3670 4380 597 255 358 1056 444 202 1184 637 1268 991 1397 892 850 1184 307 473 437 1648 937 961 687 1622 743 2264 1119 514 305 2634
266 207 342 381 301 306 186 381 74 59 10 20 6 14 21 0 0 8 63 202 114 18 78 191 281 1120 973 25 51 120 36 138 488 151 161 319 375 1333 2516 2163 627 428 490 0 4 75 19 0 18 18 129 164 380 449 1184 1700 866 309 1327 918 1433 4235 4191 3318 3147 4370 3383 3460 1085 571 2016 4037 4412 517 644 1268 608 444 483 987 561 1145 1085 418 1682 1228 215 615 1140 1958 2536 1667 2224 1308 311 1828
222 199 167 103 193 252 326 294 8 19 8 26 8 4 5 15 1 93 89 60 4 1 107 39 191 454 549 1337 819 1374 1591 738 892 701 1414 1269 504 0 0 0 265 2371 938 0 0 113 113 79 38 152 88 697 2418 2805 707 1075 1200 877 1569 1572 5255 2955 3719 3028 1601 5127 3569 1749 1366 768 2344 1529 1014 230 819 937 701 278 677 647 90 824 598 622 1155 1599 2454 650 729 2637 3154 723 1924 1070 346 549
526 189 358 149 142 89 84 43 10 8 23 3 9 3 33 28 6 6 14 8 25 1 56 46 9 78 425 616 100 72 48 715 857 0 159 59 906 2094 1614 2927 2599 2316 2955 459 1 16 11 0 168 371 168 1159 1626 1000 543 780 3283 3471 4881 5439 4230 3450 3472 4364 2440 3964 3260 2589 1749 2676 1149 1963 1495 888 177 1134 487 325 302 341 31 523 1237 521 1524 2342 4676 2518 2046 1310 1500 738 884 953 142 178
179 105 255 231 123 41 79 82 4 0 40 31 4 5 20 1 0 18 30 1 30 6 33 134 358 30 260 50 0 159 125 189 48 115 709 174 958 489 508 379 383 756 410 746 30 85 6 4 115 448 380 1113 3417 1400 1693 930 3609 4942 3817 2358 2741 4594 4994 3637 3896 4175 4365 2942 2864 1512 847 1051 1282 1510 502 662 728 270 321 675 122 99 414 1226 2840 3949 2688 3494 2994 1936 781 494 956 758 329 162
202 198 55 64 53 16 25 122 26 29 0 0 26 10 4 0 0 5 0 3 15 50 167 28 20 88 156 0 14 4 0 0 3 0 0 0 0 0 0 78 0 0 108 356 3 378 79 231 36 320 582 1029 627 701 3016 1929 2543 3525 1673 965 489 635 276 1187 2446 4707 3954 2441 1247 832 159 1145 2292 1343 573 513 882 725 587 988 499 613 320 2099 2854 3086 1475 2701 1814 70 325 376 602 391 207 487
158 100 58 104 82 72 140 148 16 4 0 0 0 1 1 0 0 29 3 11 257 339 20 31 738 649 129 18 0 58 0 0 0 0 0 0 19 0 0 3 3 29 10 24 260 778 125 482 230 866 1174 843 1073 524 2101 2075 859 473 943 931 887 2166 637 770 1139 785 1116 1513 1054 320 237 482 908 1139 366 358 740 379 248 410 1874 523 437 1725 1553 922 250 1662 223 1004 975 702 844 637 83 144
13 247 188 77 92 188 171 58 26 0 0 0 0 72 0 0 0 13 66 355 263 172 68 15 459 462 100 28 785 117 59 21 0 44 0 28 0 0 35 29 168 95 45 33 38 674 695 628 787 1231 1567 1044 1729 3430 2343 1724 533 1496 1460 1504 1090 716 952 652 2069 626 1057 741 771 760 408 428 711 1439 578 996 1144 419 197 98 15 235 108 1056 324 1976 1513 877 167 174 312 460 2311 390 370 306
