gis_files/fkharif201314.asc
ncols         625
nrows         694
xllcorner     895000
yllcorner     515000
cellsize      5000
NODATA_value  -9999
[rows 405 to 449 of 694, columns 96 to 191 of 625]
0 0 0 0 0 0 0 0 0 0 0 0 0 0 1660 2107 1241 1312 686 16 498 2814 2909 1685 963 803 845 903 1086 701 527 408 583 569 878 2188 2969 4354 3234 4264 3584 1952 1307 4147 5808 6175 5631 3147 702 1707 5715 8096 8556 6124 6402 6192 6311 6164 5011 3965 6412 6256 7298 5346 1485 454 3689 6219 6096 6626 5108 6675 8213 6428 6631 6412 4839 4506 2652 5562 5933 6103 8889 8644 6332 6476 4994 5829 6577 5634 4650 4996 5640 4913 5130 8155
0 0 0 0 0 0 0 0 0 0 0 0 0 0 124 133 1041 1473 1900 2322 4018 3808 4378 2050 581 208 1261 1839 1252 810 1226 531 434 1310 1169 953 3399 3852 3001 7649 6611 6830 4946 7840 5623 6702 8837 8708 7740 7884 8565 8734 8495 8228 7589 5213 6216 5419 6522 5970 3767 3699 7851 7683 9205 1335 30 5449 1523 5332 6883 7116 7424 7657 6268 7688 8034 7045 6391 6086 4926 5373 7370 6754 5743 7299 7107 6554 6825 2959 6770 8584 8120 6614 6347 7753
0 0 0 0 0 0 0 0 0 0 0 0 0 0 125 459 1170 1527 2853 2671 1312 6594 5039 2378 433 832 1865 3579 1429 1777 1648 1338 1335 866 503 485 825 2648 4373 4063 4195 2131 4842 1831 1424 2026 2738 4260 5026 5411 6593 7027 6658 6641 8106 7249 7489 6514 8648 3250 5780 4735 4675 7484 9066 6207 495 237 0 4137 7559 6059 7700 6666 7309 6278 6239 7824 7546 7007 6435 6132 6554 6533 4276 6278 7278 7998 7923 6519 5058 8559 9232 8630 7225 6977
0 0 0 0 0 0 0 0 0 0 0 0 0 0 95 1479 56 163 0 1754 49 5556 5496 2807 1924 2397 1752 4156 1486 2891 2209 845 1706 1445 731 529 114 1175 4585 4132 4502 1579 2863 1315 1845 585 692 833 1057 691 577 517 724 5622 7806 6714 8381 8266 7075 5975 6566 3747 7365 8132 8268 6045 1288 3550 606 5118 8295 8874 8997 6523 7082 8234 7594 8606 8593 7984 7400 7304 7752 6272 4674 4557 5719 6934 7504 8105 7245 7417 8307 8318 8246 7485
0 0 0 0 0 0 0 0 0 0 0 0 0 0 97 1619 120 992 1321 999 1233 5955 4597 5092 4320 2543 1641 2362 2047 5069 2597 2424 1223 1150 286 286 511 389 1456 3920 2658 2070 2781 1499 2273 485 260 55 448 1020 712 518 825 6031 8658 8902 8948 7214 8116 7385 5708 3014 8512 8881 9048 5241 6061 5894 5419 8844 8796 7826 8712 9428 8956 8435 9079 8887 8394 8432 7864 7876 8198 7008 4885 4462 4537 4905 7199 7805 8496 7654 9279 8654 7293 8655
0 0 0 0 0 0 0 0 0 0 0 0 0 0 0 83 149 95 1438 1618 2745 4606 3072 4967 5291 1459 1539 2376 4370 6645 5794 4072 1019 326 378 119 1073 781 2175 3037 2194 1071 1377 2035 2523 736 1767 1049 600 2217 1937 666 3348 7997 5839 8773 5706 5756 7664 8203 7736 4432 7896 8910 6594 7524 4336 3335 7062 8628 9347 7388 8732 8495 7999 8018 8393 8234 8179 8324 7924 8910 8081 7150 7898 5734 3984 6061 6545 6865 7393 6688 8540 8988 8633 8846
0 0 0 0 0 0 0 0 0 0 0 0 0 0 0 350 26 54 524 1202 1961 2598 4788 5911 4314 1346 845 2989 2618 5444 5263 3416 1425 468 1757 1060 2116 2436 3478 3031 3054 661 1624 1515 2686 771 2351 2785 1961 687 876 605 1055 2667 6154 5410 2299 541 1014 864 1869 4754 7608 7727 5068 3599 3373 2835 4266 7429 6798 8018 9104 8460 8387 8879 8351 8431 8880 8781 8692 8966 8108 9384 9049 8373 6953 8085 5521 6903 7248 8616 8013 8586 9252 9408
0 0 0 0 0 0 0 0 0 0 0 0 0 0 0 740 40 21 107 291 1859 3718 665 2407 5634 1849 787 1994 2095 2992 2351 2983 1632 633 632 2495 3290 5284 5600 5853 5649 849 2188 1690 714 1480 390 374 83 92 72 268 480 556 4286 1143 699 666 1297 780 601 4417 8371 5064 6120 4579 7412 7267 3250 5662 7069 6678 8009 6887 8783 8522 7513 8325 5566 7342 7636 7617 8516 8930 8412 8426 8595 8362 8734 8593 9168 7528 5109 7758 8714 8487
0 0 0 0 0 0 0 0 0 0 0 0 0 0 0 532 21 35 5 59 1226 1636 3677 2037 3981 3485 638 51 911 1213 2536 1586 211 232 2232 4655 5676 6276 6715 6912 7927 4595 1640 1046 651 225 64 105 74 78 6 115 9 331 2269 1078 868 697 2699 2496 1057 2662 4566 6219 4853 4106 5363 8526 6791 3431 6149 5016 7277 7705 8530 5728 6731 4370 6269 7746 7620 7387 8549 8733 9466 8907 7696 7444 8664 7955 6892 5215 8690 7244 6376 7784
0 0 0 0 0 0 0 0 0 0 0 0 0 0 0 192 51 1079 66 186 1609 3885 5820 3535 825 4521 869 215 432 1550 189 438 13 10 128 1631 5336 5129 5958 6508 4789 7195 4911 1261 1340 514 459 255 124 105 107 299 110 292 1481 521 1303 1850 1736 2283 1291 1826 3139 3625 2402 5092 4385 6981 7832 5342 6222 5539 6115 7060 7924 8221 6218 7170 7268 8677 6614 7338 6878 6653 7096 6791 6816 7998 8334 7991 8482 7822 8165 7385 7007 5978
0 0 0 0 0 0 0 0 0 0 0 0 0 0 0 0 0 0 199 14 311 4842 4002 1269 355 2923 1331 1622 567 601 369 252 83 457 262 1456 3318 4709 6540 7095 6389 5953 8757 5130 1091 1697 1560 1019 780 474 255 577 635 538 449 2624 1507 1249 2416 2770 1502 2007 4653 2372 2263 3867 4160 6592 8210 7762 8044 7426 7960 8325 8191 8241 8272 7705 7045 9221 9284 9610 9025 8398 6016 2880 3961 8460 7875 8337 8017 8905 8407 9158 8584 8876
0 0 0 0 0 0 0 0 0 0 0 0 0 0 0 0 14 1 66 14 437 983 2449 2595 135 598 3387 1415 601 542 107 384 963 897 1276 3722 5123 4843 5366 4857 5763 5506 6576 7817 3019 582 1904 1721 1318 903 719 1138 953 685 344 2911 2612 1671 4029 2449 2575 1578 2304 1780 2102 2209 2632 3337 7543 6423 7383 9050 8832 8729 9131 8823 8545 8625 8542 9224 9136 9153 8280 6041 3722 1982 7727 8299 8300 7684 7810 6864 8177 7755 8052 9498
0 0 0 0 0 0 0 0 0 0 0 0 0 0 0 0 3 117 3 4 297 322 2669 3156 455 799 4091 1813 809 434 250 349 1798 3373 3944 2929 4688 5825 5684 5670 4852 5501 2822 4324 5743 1609 871 1977 1751 660 1219 975 1178 1663 606 2265 4226 1835 1397 2066 2533 2836 2693 3171 2742 2624 2821 2242 4528 3377 5792 5940 7143 7345 7698 8713 7264 8121 9310 9050 9319 8421 9266 9379 9392 9096 9444 8754 8446 8605 7066 7336 7361 7851 8654 8783
0 0 0 0 0 0 0 0 0 0 0 0 0 0 0 0 0 0 117 127 1064 2129 3719 5251 311 1404 4683 2949 971 223 241 295 1879 5104 5238 3103 2554 2260 3112 3009 6926 6497 5725 6198 5951 3603 1835 924 1316 1121 1411 1678 1032 1577 898 854 1804 1256 2095 2538 3363 2785 2169 3634 1933 2203 3044 2106 3117 5927 4044 2427 3795 7304 5538 6874 4305 6433 8601 8726 8684 8531 7432 7398 6879 8815 9284 8923 9520 9012 9059 8288 8521 7851 7984 7879
0 0 0 0 0 0 0 0 0 0 0 0 0 0 0 0 0 28 273 992 960 177 2712 4340 1116 2155 5462 1927 1325 763 783 889 3300 3334 3763 3772 3007 2835 948 3075 4310 4127 3052 2796 2726 5136 3509 848 613 1178 1113 756 669 1070 1525 1154 1113 2904 2836 4355 5987 4249 2499 3961 3413 1676 2075 2875 3240 3591 4193 2546 2718 5240 6275 2649 3239 1465 7117 8415 5266 4530 3381 4151 6513 7860 7067 8284 6305 7756 4590 9071 8978 8162 6252 8339
0 0 0 0 0 0 0 0 0 0 0 0 0 0 0 0 0 143 818 472 1581 364 886 4254 7131 3238 4163 1448 350 130 1688 892 2173 4009 2768 2319 2920 3662 3672 2679 3076 1258 1300 1811 1696 4343 3347 2657 1920 2036 548 867 832 857 1336 1395 1878 2820 3535 3261 4439 4462 4096 5560 3047 2277 1572 1784 3377 2878 3080 1149 1757 2723 3091 2185 2849 2091 3866 4656 3219 3680 4930 5119 4508 6487 6057 7003 7247 4659 6661 8485 8960 8778 8652 8285
0 0 0 0 0 0 0 0 0 0 0 0 0 0 0 0 0 0 183 277 209 681 341 1046 4012 3697 2999 1547 260 273 569 1770 3256 2633 1952 1573 3500 5162 3938 2758 2683 1353 398 1178 904 2471 4138 3541 2672 2472 2012 1340 1100 1167 1966 1902 1295 2673 2854 4262 3902 6024 5139 4384 1760 2446 1460 1598 1360 812 2334 1820 2126 2126 2518 2356 2806 2584 1264 916 1601 725 2313 4921 5390 5136 6488 7282 7676 8343 8404 8062 8452 5282 8506 8389
0 0 0 0 0 0 0 0 0 0 0 0 0 0 0 0 169 1213 410 587 690 557 647 797 1369 3206 1641 472 306 646 4182 3766 2398 2397 1971 2615 4071 4254 3499 3123 2617 1798 1149 1710 1488 1504 1557 2662 3520 3359 2755 3959 2061 983 1574 908 1130 1737 3669 5866 5314 5358 6323 5936 2272 2206 1766 1843 825 696 1697 3226 2442 3857 2491 2145 3423 2573 1920 1109 1489 1582 2331 3541 3734 6247 7175 7296 7669 7641 8616 6468 6868 5642 8432 6865
0 0 0 0 0 0 0 0 0 0 0 0 0 0 0 0 230 1015 849 896 544 655 552 2058 2812 2209 1040 482 432 2461 3757 5099 3768 2785 3769 2143 1992 3077 4380 4462 3451 1660 2568 2296 1498 1162 957 1310 2058 2195 2297 2723 4638 3664 1227 627 655 467 2214 3723 5522 4246 5054 6463 2657 2273 1677 2667 1815 528 2367 5329 4745 5773 4350 5713 6811 4092 3097 3864 6860 7801 6576 7176 6879 9161 9788 9131 8310 7383 6754 5743 7232 7533 8008 7767
0 0 0 0 0 0 0 0 0 0 0 0 0 0 0 0 347 1606 1089 1735 1771 558 1237 623 963 1195 556 621 623 748 2766 4510 3743 2273 4804 3939 1696 2462 2727 5462 5083 5198 6979 3596 3851 1892 2815 1076 1688 2832 2837 2561 3945 6362 2296 201 395 613 2604 3709 1524 2889 2087 4600 3399 1101 2143 2590 2224 1503 947 3588 5312 4192 3797 4717 7303 6282 4250 4663 7441 7490 8465 8856 9444 9305 9145 8076 8065 5576 4395 6370 6784 7854 8431 9293
0 0 0 0 0 0 0 0 0 0 0 0 0 0 0 0 171 1552 252 926 691 282 1242 580 600 1887 1450 270 164 957 5931 4004 4772 5866 3575 2050 987 1417 1670 4567 5138 6504 1705 1739 2139 3408 3739 2561 3058 1920 3759 2561 4801 5432 3594 1524 2267 1223 1910 1816 1646 2125 1851 2474 1293 350 2047 3102 2178 1473 2001 970 3815 4599 4491 6943 8048 9268 9081 7069 8504 8689 7909 4200 8541 9204 9201 8403 8097 6002 6063 9281 8131 8472 8618 7279
0 0 0 0 0 0 0 0 0 0 0 0 0 0 0 0 0 544 2111 522 403 233 542 369 1790 1253 335 681 207 798 1562 3465 4512 6055 4476 805 262 425 1290 3694 2200 5129 5172 7480 7065 4799 5137 3024 1103 1307 4910 4605 2784 4071 3841 3373 2603 1518 403 774 872 633 536 592 1655 1183 1234 2879 3298 2272 2082 1730 2100 3930 5023 6750 8879 9066 9335 9606 9293 9247 8379 7904 8055 8175 8378 9104 8637 9113 9584 9285 9488 9971 9759 8608
0 0 0 0 0 0 0 0 0 0 0 0 0 0 0 0 0 130 1529 1306 153 766 280 370 1872 304 368 176 112 122 2959 3859 3776 2143 1599 464 442 1210 766 524 335 424 3500 5884 5084 5099 6177 5317 6602 5383 6096 5414 7264 4675 2984 2334 2827 1031 2101 1180 1037 899 1131 475 637 617 585 2174 3403 3019 2940 2357 2417 3391 5662 5176 7165 7337 6912 8525 9073 8685 7932 7784 7324 6954 7028 6341 9434 8480 9724 9195 8801 9459 7232 9352
0 0 0 0 0 0 0 0 0 0 0 0 0 0 0 0 0 883 862 961 272 356 840 1020 1140 475 541 281 191 147 2050 4981 5457 3825 3068 1507 1007 152 494 1873 3320 3121 2738 4858 6888 7927 8185 8363 7590 7863 8644 8603 6138 6814 4704 3374 2474 562 2484 2253 1006 1076 1259 814 642 780 85 1276 517 1928 4370 2376 3579 1734 3091 3231 5566 4965 6907 8770 8509 7851 6111 6716 2792 4844 9113 8670 8011 9355 9793 9054 8797 8971 8694 9372
0 0 0 0 0 0 0 0 0 0 0 0 0 0 0 0 0 533 1629 452 1513 1592 675 359 371 850 687 218 268 184 181 2850 1301 3343 3174 1661 158 1 104 3246 6170 6597 5044 5866 4379 7415 6879 8038 5151 8043 8150 8742 8195 9126 8073 6972 2934 1096 2635 1922 2408 1422 1813 1495 1619 852 1601 813 1210 2030 2417 2812 4336 4808 3283 1857 2539 5152 5240 6243 5482 6677 5815 9116 6888 6406 8491 8662 8175 6108 6995 9559 9084 8954 8654 9427
0 0 0 0 0 0 0 0 0 0 0 0 0 0 0 0 0 289 1035 2415 1549 1040 3791 2851 667 317 628 297 119 10 297 1509 2699 1223 3609 1799 395 113 174 1125 4383 3792 3132 3121 4296 3263 2668 3544 4239 7888 7299 7812 5575 8060 8082 8388 1739 1808 2771 3751 2663 1105 2278 2970 3608 1529 3016 1130 2385 1361 1854 1836 2343 3298 5074 2615 2170 3398 3431 3268 3698 4374 7821 8422 8269 5660 6947 8145 9118 8727 6029 7878 9393 9684 9548 9305
0 0 0 0 0 0 0 0 0 0 0 0 0 0 0 0 0 349 2030 193 368 365 416 1357 947 664 490 517 40 21 80 169 1183 2797 2835 1124 1576 2065 1027 439 1385 848 1060 780 342 490 201 72 1973 4360 2180 3852 5280 3963 4910 7247 6106 3273 1997 2703 2218 736 779 1429 3091 3450 2836 1665 1274 2323 2895 1867 1389 4067 3509 4201 3557 1851 2349 3629 4564 2964 5770 6907 5728 4788 7155 8357 5573 9221 8812 8540 7664 8820 9071 9483
0 0 0 0 0 0 0 0 0 0 0 0 0 0 0 0 0 208 1071 823 209 942 289 499 883 838 764 709 19 50 23 130 714 2013 2378 1951 4856 4979 2553 1351 1001 807 635 804 877 686 39 89 655 1826 800 1400 3319 3408 3345 4915 6162 7572 3037 3081 2472 1019 1948 3940 3320 2883 2677 5324 4207 3009 2753 4293 4117 2773 2418 4436 4696 2392 3487 6939 8657 6041 3080 4740 5465 5054 5782 5597 5573 5843 5297 3588 5576 3275 3753 8224
0 0 0 0 0 0 0 0 0 0 0 0 0 0 0 0 0 25 823 509 736 1376 857 1305 2673 654 558 74 36 3 15 250 1853 4705 2188 4743 4907 5680 3689 2311 1870 1301 593 393 566 232 221 209 1090 1049 470 485 3981 6494 4365 2367 5936 5164 4929 2233 2688 3669 3833 4589 3307 3631 4172 3392 4118 3125 3581 5205 3673 3690 3560 1863 1919 3258 4089 3236 3059 3802 4081 6671 7669 7486 5873 6535 5871 4168 3596 2837 3697 7168 8200 8712
0 0 0 0 0 0 0 0 0 0 0 0 0 0 0 0 0 85 950 804 628 996 1841 958 3885 152 373 460 674 349 23 65 260 1851 5759 5820 5857 6219 4753 3087 1819 2090 506 627 499 655 278 169 183 615 119 1708 1632 2977 5005 2274 2373 3368 3833 5783 6300 8363 6350 4565 3195 4102 4096 3884 2721 4240 3225 3170 1456 4441 3340 1795 956 1693 3573 3766 1862 2608 2725 4734 6798 7294 6093 3202 4503 3157 3002 4172 4443 6519 7341 6435
0 0 0 0 0 0 0 0 0 0 0 0 0 0 0 0 0 194 960 1959 539 789 567 1302 4101 1691 489 735 359 1143 128 547 778 467 815 2500 4811 7128 5754 2270 3486 3307 2348 523 235 102 166 231 265 489 222 591 1019 2165 4926 2607 2780 1279 2909 4926 4542 3629 5992 6990 4447 4200 3438 3475 2913 3678 3021 4222 2820 4219 1994 603 760 1258 2405 2012 2136 1512 1430 1739 3110 2637 5680 3984 3136 3224 3524 4315 5236 6243 6190 3640
0 0 0 0 0 0 0 0 0 0 0 0 0 0 0 0 0 0 222 1786 1455 731 470 712 1103 2540 2768 1207 475 1377 1184 726 943 453 559 2378 3517 4458 6745 5844 5783 3802 1670 706 270 178 129 77 88 208 706 1913 1037 1375 1710 3992 2924 3008 4688 5289 8290 3999 2021 3768 7774 3519 1514 812 886 4479 5800 3708 2179 1540 1744 2824 1136 830 1720 1578 3256 2201 917 2212 2219 2037 4069 4666 3980 5575 4283 2491 5360 5818 6594 6968
0 0 0 0 0 0 0 0 0 0 0 0 0 0 0 0 0 0 716 346 1371 819 363 302 706 4255 1035 2234 1224 3645 3732 1283 598 847 2168 5450 5502 6147 5938 4858 4192 2101 2879 3101 2027 1187 3058 5102 3723 2388 4749 7779 4392 3146 4360 3953 2199 2380 3542 3845 4448 7732 5072 2967 6438 6952 1844 1400 2017 6123 7598 5147 1993 1899 1564 978 544 1307 1262 2258 3998 1387 1248 4255 3053 2927 4708 7888 5660 7407 5516 5994 7371 6272 6281 6683
0 0 0 0 0 0 0 0 0 0 0 0 0 0 0 0 0 0 16 2459 2449 952 539 404 753 1014 2567 3428 4116 4082 2017 1150 325 962 3206 5734 5602 5371 4266 2094 996 2072 4237 6045 7265 6697 8810 7711 7777 6828 8509 8682 8460 8815 8687 7914 5844 4855 1555 2180 4424 4314 6187 3465 3576 8854 3921 2391 1305 2267 2881 4048 4908 1249 1568 1254 518 2535 3813 4617 3251 853 1885 2511 3746 4658 6438 7767 8692 8900 7434 7074 8357 5822 4473 5527
0 0 0 0 0 0 0 0 0 0 0 0 0 0 0 0 0 0 8 454 2732 912 227 760 1046 568 1726 1512 2605 2444 1359 840 429 601 1244 5322 4255 3570 4748 1764 2722 2457 294 765 4033 7686 7987 7470 8171 7505 7979 7942 7277 7360 8692 9005 7209 7958 5894 5325 3916 2923 7415 5463 5640 8407 6480 2549 1675 3139 1336 2761 5422 2534 849 1448 2129 2146 2825 2069 1983 1571 1401 804 3322 3450 3302 6732 7730 7040 7402 7219 8073 7314 5489 5635
0 0 0 0 0 0 0 0 0 0 0 0 0 0 0 0 0 0 0 443 1450 1004 1581 940 1010 1091 692 3953 1784 1522 2012 618 280 526 2998 3044 4974 4306 4109 4269 2043 1271 3624 2033 901 2206 3658 5016 7816 8011 8372 8240 8117 8250 7732 7908 6617 7382 7859 6952 7427 8635 8466 9137 8121 4654 5787 4846 2927 3472 2778 3228 4802 5063 1611 1721 4449 4454 2509 4360 4246 3719 2761 1007 1920 2515 3576 4679 3813 6243 4495 8621 7677 6545 5498 4998
0 0 0 0 0 0 0 0 0 0 0 0 0 0 0 0 0 0 0 164 1902 1974 1198 731 1608 4197 1307 1780 800 1428 1261 524 107 345 2642 3960 6542 7070 6961 6774 3063 1067 827 2218 2711 371 302 735 1350 3249 6233 6434 7011 8107 6829 6636 6458 6149 7938 7006 7629 8228 8924 8085 8388 8795 5848 3954 3007 1385 1825 1810 2278 5237 2092 2960 3653 3608 3613 3741 2279 3576 3549 1997 2363 1987 1274 1658 3042 5655 3389 6409 5862 6177 5056 4947
0 0 0 0 0 0 0 0 0 0 0 0 0 0 0 0 0 0 0 0 1586 2225 2806 3299 2900 2648 1676 1158 368 306 152 132 38 29 419 2161 3377 5943 8767 7753 2826 3642 611 283 1576 1894 414 1139 2010 2169 776 383 1392 2425 7498 6912 3600 6085 8013 8295 7508 7896 8706 9073 8982 8736 4801 956 2725 2114 1006 1051 1130 4870 4577 2706 2879 1274 2267 1714 1015 1010 2085 1826 2212 3121 1759 1494 1266 1740 3026 4676 4827 3273 4691 5533
0 0 0 0 0 0 0 0 0 0 0 0 0 0 0 0 0 0 0 0 506 2307 2718 3004 2112 3817 1563 600 87 43 398 129 240 140 1125 2148 6315 6244 6685 8559 6025 4826 5093 1996 2472 2923 1495 819 798 2736 819 499 516 458 603 2437 6197 7612 8177 8018 8477 5921 8909 9106 9187 8298 2447 1197 823 1252 1788 2124 3177 3840 4197 2270 1875 1874 1564 1136 869 1587 1434 2551 1396 1780 1614 1552 1080 3990 3556 3145 4429 4439 4315 5522
0 0 0 0 0 0 0 0 0 0 0 0 0 0 0 0 0 0 0 0 55 2674 2697 1571 1533 2244 1887 913 410 82 830 329 278 349 1762 3669 3830 7900 8522 8628 7612 4798 5455 2727 3011 3408 2160 987 1581 1593 100 423 371 611 469 1017 3441 7303 6870 8067 8522 8235 9217 8337 8862 8823 7377 2397 2052 1752 2587 2375 3261 2540 3623 1845 1044 1543 2450 1366 3062 2442 714 819 2050 897 1065 1761 3042 1927 5972 4768 4323 6192 4585 5424
0 0 0 0 0 0 0 0 0 0 0 0 0 0 0 0 0 0 0 0 0 1496 1568 2151 3310 2814 2722 695 258 216 730 64 72 597 1752 2332 4453 4217 6257 7543 9237 7363 5443 5583 2387 3144 2417 2430 3689 1903 40 85 528 907 216 425 1014 5385 5868 3283 7085 8442 7540 8324 9025 6464 6080 8166 4844 5009 6547 2959 1539 1142 2723 4414 1853 946 2524 2183 4443 2854 820 1819 1395 1026 2129 2524 2222 4808 5139 5492 5077 5664 7230 7186
0 0 0 0 0 0 0 0 0 0 0 0 0 0 0 0 0 0 0 0 0 666 1731 2143 2973 3483 3304 1431 78 191 425 208 361 331 1202 563 1468 3185 7000 7087 7298 7069 7925 9088 5922 2990 3761 3830 3206 773 344 53 48 354 751 312 218 1076 568 3063 6535 8669 8869 8299 8554 8766 8918 8273 4417 8195 8554 3940 919 794 2830 4961 1836 2040 656 1451 3611 3951 1641 2617 1986 2217 1599 3650 2960 4582 3588 5517 6088 5686 6356 6544
0 0 0 0 0 0 0 0 0 0 0 0 0 0 0 0 0 0 0 0 0 1879 2503 1638 2132 4096 1499 514 302 802 616 260 68 183 103 225 1326 3949 5586 3549 5485 7035 7924 7855 6614 3640 5635 3916 2193 2031 389 243 89 331 388 212 115 109 413 2637 6428 4917 7490 6621 8164 6494 6928 8263 6300 8468 8319 8664 5339 4804 3864 5337 5085 3300 896 2031 2280 5216 4068 1808 3653 3583 1244 4343 5141 4497 5041 5083 5741 7761 8243 7696
0 0 0 0 0 0 0 0 0 0 0 0 0 0 0 0 0 0 0 0 0 501 2158 1791 1298 1922 1835 1016 1187 1145 430 453 260 319 21 202 1039 3161 6988 6968 4444 8652 7938 8142 8549 3741 3653 2372 1656 1355 301 223 92 176 344 647 320 188 97 2104 5216 5733 8023 6996 7366 8186 7293 3418 7271 8167 8432 8835 8186 6647 4489 4954 5529 3909 3616 4676 1642 3465 4298 1474 4048 4354 2373 5346 5748 6123 5721 6818 8832 9202 9195 9449
0 0 0 0 0 0 0 0 0 0 0 0 0 0 0 0 0 0 0 0 0 172 960 1382 1327 749 2367 1119 1525 1653 877 482 70 271 15 268 1601 3199 4912 6647 6845 4673 8259 8673 8077 4713 4935 2549 2311 1075 445 590 222 246 49 211 419 2163 512 499 652 3239 6720 5030 6471 7106 6096 4379 5843 5538 8394 8269 7717 5718 1652 1793 4902 3670 3830 1850 228 1923 3388 3565 3949 4574 3613 4161 6056 5130 7156 9158 9315 9365 9551 9646
