gis_files/fkharif201314.asc
ncols         625
nrows         694
xllcorner     895000
yllcorner     515000
cellsize      5000
NODATA_value  -9999
[rows 360 to 404 of 694, columns 96 to 191 of 625]
4967 3308 3116 5470 7797 5646 2513 0 0 0 0 0 0 0 0 0 1665 6828 5849 4350 3190 1321 982 911 1898 4088 2619 3107 4679 2357 1742 1261 371 78 212 207 220 215 3531 3894 2919 4654 5358 6934 6321 7784 8659 9097 8902 7484 6864 7089 5986 7112 7324 5597 1167 3071 2509 602 299 840 662 1061 1101 2990 1981 2298 739 167 0 429 581 3265 5468 3282 1415 2969 1430 2549 2790 2810 3777 3652 2035 2339 3874 6099 8749 8057 8189 6337 7373 3884 7064 6952
6110 6328 5281 6000 7390 5406 395 0 0 0 0 0 0 0 105 2442 5716 6382 6212 5536 2853 1726 2084 2550 5406 5522 4763 3928 4949 3206 1022 838 741 1327 1301 1113 1470 3969 4018 3152 5484 4852 5878 7779 7713 7050 7198 7752 6469 6831 7476 4754 6359 4749 2944 1961 1633 840 1484 3182 2323 646 988 1347 1568 958 1410 1948 3625 1042 30 631 665 3708 2868 1305 1540 414 30 109 784 993 635 53 5 719 1908 654 1031 2421 2386 1616 3603 1361 6142 7244
8596 6631 6709 6108 5825 3338 0 0 0 0 0 0 0 0 1179 499 1721 6169 3611 4387 4004 4600 6961 7041 2521 2120 3704 3733 3485 1851 961 835 368 672 1417 646 1522 4254 3166 2235 1912 1946 605 857 4683 5825 6407 6445 6471 5452 6745 6577 5721 6929 4681 766 871 1081 1626 2067 4081 1205 3825 973 3426 3487 1676 887 315 13 4 56 369 35 8 281 166 124 104 495 370 502 240 290 144 1041 1301 1237 819 292 401 40 657 168 0 0
8685 9012 6628 7449 3210 61 0 0 0 0 0 0 0 0 2174 4047 2418 5246 4814 4520 4776 6673 7324 4195 1781 2849 4747 5662 2184 538 26 725 130 404 971 926 1708 1547 552 30 0 529 1298 5761 6719 7388 6624 6890 7381 6962 6133 6190 5511 6682 7648 2789 1624 2067 3166 4315 511 726 606 778 1332 2410 4034 2037 610 716 105 54 189 4 14 183 69 112 144 267 366 450 223 453 1169 1592 3295 489 455 523 633 1742 2212 3014 6187 2629
9338 6794 8820 4560 10 0 0 0 0 0 0 0 0 0 4185 6643 6292 5136 3515 3596 3821 5410 4826 3635 2624 2842 4650 4426 2588 409 43 6 39 283 59 576 1578 983 35 995 2536 1503 3846 5272 8102 7831 6031 7432 6406 6331 4791 4546 4831 6346 7065 7070 8077 8275 8872 6317 995 1476 1047 787 744 3052 5756 4478 2120 1994 646 667 197 1 68 522 1502 315 526 426 849 1103 1017 429 878 1567 1029 355 292 118 1894 5474 5606 6419 6213 7111
9108 9103 3555 146 0 0 0 0 0 0 0 0 0 164 2874 3236 3475 4930 4912 4627 3902 4641 4496 7298 3191 2353 2371 5266 1810 161 381 0 10 4 4 97 114 105 163 260 189 664 1007 4028 5746 7028 3780 4413 4220 3507 3670 4976 3087 7115 6818 7271 6214 7965 9025 8334 5996 2561 1389 551 978 1232 248 809 1052 2258 2092 2137 1322 218 87 529 670 684 260 242 644 1885 702 272 275 1034 1964 835 4308 4734 5237 2086 590 153 2853 8797
6798 5003 2924 0 0 0 0 0 0 0 0 0 0 650 6514 5517 5063 6672 4773 4236 6032 6174 5363 6618 4427 3766 6612 7738 5008 1786 1165 46 0 0 68 128 43 134 302 296 1530 3578 3851 4147 3848 4819 3333 2353 2342 2750 2614 2366 2717 2957 6110 5650 6833 7439 8225 6959 6959 3213 1224 759 1484 838 533 1470 1306 779 133 49 10 1 4 31 291 143 89 1002 2365 3282 1594 1105 1007 1287 2593 6344 7525 7837 5268 1328 2400 4109 7284 8762
6233 7491 3608 0 0 0 0 0 0 0 0 0 0 174 5437 4552 2994 2353 2166 3425 4748 5359 3914 5623 6606 7254 7214 6273 5009 6680 4719 3984 1997 729 173 70 58 178 2027 3204 5055 3856 5570 4331 4902 3362 3827 1451 3731 3496 2445 1611 4249 3467 4321 4966 7519 6863 6636 6592 7865 8771 6069 2209 2841 4749 5765 6831 7015 6125 2741 31 390 118 48 31 176 320 1755 720 725 1323 1327 4077 3396 8427 9023 3964 8180 9185 8901 8940 8896 6412 1407 162
3399 4086 1223 0 0 0 0 0 0 0 0 0 0 470 2032 2390 2442 88 627 4680 5404 5089 3841 2930 3201 3848 6572 8036 7208 7085 4152 4932 3156 937 6 0 13 562 4093 7592 4533 4505 5205 3793 2140 2800 2005 1167 654 843 2605 3726 3485 2265 3140 5035 8080 7254 6411 6742 6627 7111 9468 9093 6564 7214 6539 5040 4814 6344 7284 5809 6305 6434 7475 6011 6619 4867 3251 2678 3374 4087 5869 6054 5332 7217 7568 6964 8687 8778 9037 3838 1810 1361 34 0
420 0 0 0 0 0 0 0 0 0 0 0 0 760 332 1968 607 350 946 3634 2181 3445 3966 3340 3753 5507 6218 8327 7775 2880 1267 1444 802 2075 406 283 1577 2648 5649 3938 7297 7600 6192 1707 1534 627 2042 2255 1788 19 1863 1121 472 585 645 4278 7653 6645 6372 7225 7758 4960 7551 7365 8775 7580 6318 5211 5802 5852 6158 5665 5050 6823 7401 7652 6864 7293 7541 3397 6584 4964 7373 7271 7105 7519 9106 9180 9353 8872 8297 5907 1461 499 0 30
0 0 0 0 0 0 0 0 0 0 0 0 0 0 10 1937 1783 1537 2459 4902 3411 4428 2091 2361 5227 4538 5950 7291 7674 2240 1697 1456 797 2247 2585 4289 5128 5815 5810 7983 6562 5144 2439 1232 2863 1660 596 842 1810 887 2612 2624 1769 1143 2913 4523 5166 3468 7144 6325 6853 6301 5415 5252 6421 5632 5745 6725 5932 5758 4309 4571 6688 5148 5640 4429 5562 7681 8238 6098 6492 4418 5710 5793 5439 7395 9190 8600 8159 6401 2691 309 442 201 0 50
0 0 0 0 0 0 0 0 0 0 0 0 0 0 0 173 112 834 2297 3875 3990 5083 4530 4153 4704 3833 4526 6591 7614 3928 2206 3653 2392 1039 503 557 2198 2736 6463 3667 2668 1372 3472 1658 1648 1666 391 931 1353 715 531 719 1100 2551 4668 4466 2915 1569 5187 7572 8014 6736 6677 6469 6123 7298 4880 2756 4319 6788 5563 5199 6254 6138 5543 6330 5711 5299 7598 6576 5356 6992 5861 6603 6086 6217 4959 2484 842 266 277 533 394 1320 5236 6927
0 0 0 0 0 0 0 0 0 0 0 0 0 0 0 38 2514 3857 6152 5172 5218 3926 3426 4195 5196 4188 6177 8172 6149 2613 3766 2484 1389 1766 266 122 65 291 2696 3546 2790 4042 2099 704 1848 3843 542 462 253 156 263 1032 1706 493 2630 4067 1377 2771 4601 7602 8215 7544 5966 6073 6599 6312 5714 3501 4754 8239 6409 7298 5146 4502 2949 3486 4632 5430 5416 6739 7121 5163 2119 3894 4372 2940 887 1405 861 647 580 2574 4738 9161 9569 9374
0 0 0 0 0 0 0 0 0 0 0 0 0 0 0 31 123 2180 4476 6722 6587 4919 6762 7671 8559 7762 6404 7183 4631 2460 1948 720 70 623 61 13 31 156 2090 2952 3900 3066 1238 739 1751 1448 2710 2900 661 448 844 689 606 743 1548 376 1350 4739 7826 7557 5640 5849 7037 5169 5886 5537 5307 3907 4526 5958 7184 5726 5753 4229 4999 1762 3931 5562 1113 2718 5205 4473 6083 6134 7191 6081 6168 5651 6063 6069 2689 6016 9227 8697 9750 9806
0 0 0 0 0 0 0 0 0 0 0 0 0 0 0 8 58 1138 6293 2031 4891 4400 5404 9136 7555 7484 7667 7296 5023 2703 339 178 130 8 84 11 15 119 1123 4643 4181 2238 914 1448 3833 2129 2863 3398 2238 1860 1478 1005 1813 1236 1537 1090 1567 3319 8669 8095 5667 6188 7819 7513 7264 5341 4500 5736 7169 7021 4691 5236 5621 1503 1493 1599 3951 4915 6469 3443 4116 6562 4553 4886 7245 7243 8596 8689 6069 9278 8438 7871 9373 9819 9640 9572
0 0 0 0 0 0 0 0 0 0 0 0 0 0 0 0 128 1081 7516 7485 8448 6542 6550 6808 6453 4592 6725 5383 3367 1041 184 161 137 66 168 103 352 393 2521 2612 5948 7001 2859 1964 3771 2896 3806 2302 1269 1744 2913 5383 5537 3475 3092 3007 5497 1882 6061 7633 5094 4311 7357 7194 8115 5107 5222 6010 7466 3936 2464 6655 4663 1860 2501 2658 3417 3917 5627 4895 5292 6557 1794 3642 6612 7977 8302 9190 8048 8379 8096 9405 8785 9087 8796 9029
0 0 0 0 0 0 0 0 0 0 0 0 0 0 0 0 4 1581 4525 9161 8504 8798 8107 8249 9093 7210 5142 7519 2889 319 69 135 33 14 5 20 533 776 1926 1934 6234 5157 2376 3058 1052 881 1377 1469 926 1244 4719 2858 3717 4264 3650 3557 2270 1133 7067 8122 7111 3519 3782 7166 4093 5184 4885 5358 4067 2820 3850 5290 4138 3013 4506 3090 3476 1313 3443 3275 4017 4561 8142 8113 8782 8236 7888 8770 8749 9168 9276 9112 8634 8773 6789 7993
0 0 0 0 0 0 0 0 0 0 0 0 0 0 0 0 0 218 2440 6302 7663 8825 6029 5982 7666 7848 7183 7863 5790 1946 723 682 40 74 19 74 383 285 1070 2712 765 3223 1795 2642 3791 3318 1907 1518 640 532 1131 1539 1355 699 1040 1757 2164 3546 5797 2554 5586 4890 4584 7781 7042 5350 5754 7373 7119 3039 2435 5977 5591 5581 6498 8190 6818 6027 5925 2718 7268 7574 7700 8456 7802 8606 8315 7541 8451 8561 9295 9900 9562 9176 9268 7721
0 0 0 0 0 0 0 0 0 0 0 0 0 0 0 0 0 0 15 3393 3867 7762 5758 7022 7504 7214 3047 4669 4852 2745 97 40 117 87 97 41 53 90 958 2080 1708 5299 5736 5344 5107 6232 3961 3776 1269 725 672 1203 374 926 447 1655 1157 1864 2071 938 3195 2873 5758 8634 7064 5565 6912 8090 7871 7784 7291 5774 6505 2952 7070 7614 7212 6601 5273 2130 7984 7345 6133 5782 7366 8663 9313 7953 8003 8146 9000 9550 7914 8879 8744 8527
0 0 0 0 0 0 0 0 0 0 0 0 0 0 0 0 0 3 102 5759 8072 7947 8694 8131 7599 8371 5546 4995 3149 1505 810 43 56 24 103 173 99 278 2220 2777 3816 2992 1698 4404 6762 6022 6484 5661 5625 463 710 408 1320 1012 807 2056 2637 3919 5585 6266 7678 7855 5778 5853 6012 6142 5434 5469 7831 7276 6356 5277 4643 4294 8697 6660 3024 5982 8836 6307 5620 7807 6724 6883 8940 8938 9108 9333 8678 7066 7835 8441 7465 6988 8387 9088
0 0 0 0 0 0 0 0 0 0 0 0 0 0 0 0 0 0 327 6360 8580 9185 9059 8738 8275 7371 2755 849 563 122 923 49 152 66 25 50 112 800 2718 2836 5351 1981 3732 2839 2630 2066 4175 5898 4474 3555 2462 596 420 381 2270 1996 3384 5642 7032 7082 6307 4153 4505 2642 2442 6401 6775 7805 7906 7329 6445 3727 4118 7189 8669 8234 8346 6648 7579 8525 4896 5366 7382 7624 8318 8753 5751 8969 9262 7361 6435 8615 8786 6252 5597 5953
0 0 0 0 0 0 0 0 0 0 0 0 0 0 0 0 0 0 652 2919 7114 8497 8002 8205 6745 1800 750 174 212 1864 1700 275 691 88 66 41 173 184 1009 1794 2510 3407 5385 5947 5442 5570 3352 4274 3526 2242 3896 1653 2742 3044 2314 5522 1775 2691 5124 5551 2391 4245 2876 3141 6936 7551 6661 6653 7229 5048 5342 6367 5033 6446 6592 8147 8530 5014 6602 8574 8145 2411 3292 7102 6397 8358 7323 8160 8564 5350 5231 9214 7508 8372 2661 5918
0 0 0 0 0 0 0 0 0 0 0 0 0 0 0 0 0 0 2191 4972 7743 8238 8539 8569 7493 4679 2129 423 85 246 1340 1444 947 819 105 161 612 2500 2391 4181 4271 3090 4284 3383 3831 4818 5706 2479 2911 4491 2949 2763 2625 2548 4019 5647 5386 6696 3692 6813 7671 7357 8559 8302 8552 8282 7235 7896 8516 8347 7886 8019 6390 6125 8233 8980 6860 5613 4666 8062 5846 2554 6423 6037 7414 6429 8315 7646 7075 2706 2095 6680 6129 5848 4326 6338
0 0 0 0 0 0 0 0 0 0 0 0 0 0 0 0 0 0 2565 3702 6574 7272 8392 8576 6791 5153 311 140 263 230 1136 1326 2287 3749 2821 1719 1924 5389 4122 3056 2499 4757 3520 4133 2021 2583 5552 4094 4345 5051 5178 4557 1624 2495 3723 3500 3757 5914 4230 6014 7411 8682 7619 6941 5247 6207 8265 5009 7225 8047 8574 8872 8157 7740 7151 6860 7145 5862 8068 7141 5862 2539 6499 5879 5649 7291 5501 3737 5137 750 1626 2790 3796 4561 4087 5921
0 0 0 0 0 0 0 0 0 0 0 0 0 0 0 0 0 112 4917 7228 8404 8388 6429 6354 4259 1251 285 19 74 29 628 2442 2659 2235 2089 4495 4226 2750 3102 4190 2224 4078 3976 3443 3147 3663 4113 4816 4088 3907 3875 3139 3606 3362 1577 1359 6036 6627 8116 8189 8600 8304 7716 7403 8615 8714 8112 3184 5051 9211 9071 9161 8955 5590 3096 5324 3546 4922 3197 1159 2553 2663 2964 773 1892 2154 1676 1818 647 73 286 1274 2259 3599 6855 6493
0 0 0 0 0 0 0 0 0 0 0 0 0 0 0 0 0 445 4853 7792 8969 8620 6364 4836 3950 212 83 35 45 310 2214 2694 1849 1522 1681 2589 3796 4473 4555 4145 4821 4595 3634 3130 4333 3066 2292 2890 1249 3165 1968 735 1851 5186 2376 10 2277 4152 6568 8376 8097 4103 6029 8012 6958 7194 5695 4586 5487 6953 5847 4309 5512 5696 5965 6083 7422 8021 8465 8751 6665 3502 1677 830 2810 7274 5316 8931 8251 2287 118 1021 6479 6129 5225 3659
0 0 0 0 0 0 0 0 0 0 0 0 0 0 0 0 0 1168 1101 6892 8471 7671 6677 2730 1660 166 110 61 79 439 3805 3734 2676 2075 1671 3812 4400 4244 4463 3875 4809 3704 1720 3880 2430 1632 2085 947 1932 2846 1784 184 1745 4409 3769 1258 1076 2145 7466 6204 5266 4369 6350 7092 5745 6147 5225 2339 3117 4565 7508 7405 6897 9042 8806 8522 9409 9014 8923 9417 7629 6336 4008 3215 3984 7138 8504 7212 7051 8768 6913 8219 8495 7347 3921 2929
0 0 0 0 0 0 0 0 0 0 0 0 0 0 0 3 2205 5684 3689 2727 7484 7126 1360 1776 61 107 53 85 60 203 232 2876 2835 1123 4491 4947 3820 5445 6850 3214 2827 2252 2496 2884 2839 1618 1513 1079 5085 1288 799 310 751 2950 2268 1067 973 1456 2412 4397 6261 6567 5612 6185 2071 4479 1517 5276 6470 9636 9355 9052 9108 8376 7018 7194 8492 9078 9270 9141 9214 8058 8028 4824 6621 7057 7168 9043 7890 9643 9412 9348 8349 7174 5442 1798
0 0 0 0 0 0 0 0 0 0 0 0 0 0 0 567 5400 2847 6042 4871 5901 4651 283 232 100 107 66 59 110 879 1031 5169 6469 4047 5268 4421 4905 2475 3185 4591 5260 3064 4143 5337 4981 3181 2035 2160 1523 413 258 263 705 77 267 3398 1657 1740 2393 3131 3500 4796 610 3520 2262 1310 6173 6029 6661 8179 9502 9397 9288 9310 8724 8749 7728 9047 8894 8697 8522 8096 7313 6480 5307 6670 6661 7652 7362 7030 9017 9533 8529 5686 5463 4235
0 0 0 0 0 0 0 0 0 0 0 0 0 0 0 3534 3384 2028 3224 2265 1680 1993 134 82 123 54 35 49 49 1918 2959 5238 5361 2753 5048 4237 3964 7107 2367 3541 4808 2510 2212 4417 5824 4717 2629 1517 1335 1914 1081 736 463 938 2653 2102 2181 3722 1910 656 337 1069 4298 5590 2346 1631 3095 5697 5039 6321 8484 9517 9446 9225 9326 6234 8756 9133 8801 8357 8837 7584 6238 6646 5700 4684 5271 4176 7491 8241 8644 7281 9389 8987 9732 8056
0 0 0 0 0 0 0 0 0 0 0 0 0 0 0 340 1929 2536 4996 3598 1646 625 127 85 74 10 97 159 154 1121 1049 2742 6016 3402 4047 2755 6588 5454 4975 3875 4343 3604 3813 3900 3974 3747 5843 3778 2002 2451 1216 760 531 2214 4414 3862 1223 202 1376 1325 3206 3579 5389 7262 5729 4437 1651 3554 5963 8302 8036 8259 7419 8032 8982 8223 9532 9118 9526 8884 9138 7705 8244 6604 7543 4984 2597 4937 7074 7669 9414 7890 7860 9845 9393 4847
0 0 0 0 0 0 0 0 0 0 0 0 0 0 0 1682 3414 4653 7040 6165 310 356 138 280 154 87 489 780 919 1071 1149 1558 4034 3090 4984 5971 5797 3861 2791 2885 4017 4594 5867 3166 4615 4601 4929 4024 2913 2215 3024 2041 342 1232 2323 761 419 235 6109 4895 6224 3451 3639 5856 5746 8703 5391 4309 4408 7213 8569 7953 6744 8085 8016 7786 8470 8117 9076 9344 8785 7722 8078 8136 7530 5368 2191 5216 7909 8204 9103 9210 7979 9541 9612 9333
0 0 0 0 0 0 0 0 0 0 0 0 0 0 16 3289 3810 6776 5987 5400 1656 192 50 24 94 548 655 1192 1276 1445 1707 2293 2726 4827 5687 5605 6323 4807 2324 3776 3290 5655 4630 4724 4896 7434 5133 4029 4091 4094 3961 2968 1910 1523 1037 39 207 4543 8382 7353 6793 7112 7775 7084 8328 9027 6451 6164 7096 8086 8892 8485 8011 8971 7900 7471 7568 8023 9125 9007 8924 8086 6525 6974 7341 7514 6381 4867 8137 7871 8177 8994 8926 9270 8660 9477
0 0 0 0 0 0 0 0 0 0 0 0 0 0 1874 3560 1362 5956 6349 5245 5543 1059 1794 593 194 327 275 646 1800 1690 2664 1863 3425 6009 5044 3861 4099 4937 2962 1486 5141 6643 6836 6899 6174 4521 7398 6361 5400 6011 5930 6396 3304 882 1691 576 1939 8060 8142 8072 7777 8342 7415 6603 7811 9278 4400 8129 8120 9265 9354 8934 9249 9138 9052 7954 6885 7830 8196 8520 7859 8391 7781 8408 7119 5980 8126 6085 7345 7814 9643 9488 9323 9374 6313 7720
0 0 0 0 0 0 0 0 0 0 0 0 0 0 1555 3411 960 6258 7263 5078 3284 743 1550 1798 827 355 230 700 735 415 1742 5257 3711 4101 2896 2661 1453 1229 960 1836 5926 8793 7260 7471 6540 3981 7145 8492 7721 5284 4229 3184 2678 2957 1263 2579 5154 5822 5864 6949 6806 8264 8930 8976 7282 5036 3535 7393 7472 9140 7948 7377 8885 8519 7991 8323 7812 8258 8072 8471 7136 6688 8383 7906 6313 5401 7212 7710 9104 8165 9461 8547 9219 8929 8450 7817
0 0 0 0 0 0 0 0 0 0 0 0 0 0 691 2322 2880 3504 5246 3566 2449 2477 163 1619 2031 844 266 1428 962 729 2659 5039 2707 2274 1855 646 817 1022 1200 2420 7056 7757 8870 6902 6963 5586 5030 5036 3909 3975 983 2366 3585 3057 2619 1855 3324 2355 2349 6445 7208 7464 7974 7569 8402 2854 4513 8537 5657 7278 7048 5450 6742 4360 5935 7165 7861 7119 7420 7306 7859 8707 8026 7395 7899 6798 8757 7986 8920 8401 9025 8484 8998 8473 8063 7148
0 0 0 0 0 0 0 0 0 0 0 0 0 1154 2614 1592 3023 4797 3731 3408 5149 1244 1133 187 1133 1209 1458 2319 3303 635 4587 5080 2992 2635 2661 867 54 877 1599 2575 5879 6124 5961 8569 7705 7774 6962 4683 7235 5709 1882 1459 1360 4979 3690 2372 2304 1083 3362 6907 6819 8102 9181 7896 7293 4625 8484 5105 2536 3822 4225 6331 5304 6806 5963 6440 7308 7585 7973 5294 5859 5839 6415 5028 7564 8063 8253 8655 7239 8169 8248 7856 5815 7366 8141 7983
0 0 0 0 0 0 0 0 0 0 0 0 0 938 4415 2168 1754 3007 2401 3448 5284 2072 1205 1011 548 1371 1993 3323 2114 389 1316 2687 2365 4936 2050 1588 1653 1451 4249 724 133 189 66 2372 5787 7202 6440 7075 6300 4966 6579 5110 3438 5608 3340 3529 1131 512 5074 7095 8065 7705 8404 8152 8057 5694 3159 4426 4596 6034 3460 2233 2980 4683 8407 7854 5972 5787 7091 6667 5488 6414 4930 6328 5898 6517 8092 7444 6998 7456 4042 7111 8377 6573 8085 8556
0 0 0 0 0 0 0 0 0 0 0 0 0 650 3421 5146 3265 2789 2297 2294 4836 3488 1877 1350 690 967 692 1322 1392 1456 1024 1376 3058 4129 3315 955 443 1108 2508 107 187 40 10 960 3377 1586 1917 2893 3278 3955 3477 3734 5438 6474 3506 3303 1946 700 4791 8101 7848 7168 7143 6588 8540 8702 4932 2543 2136 5437 8108 4034 3436 5212 5299 7401 7410 9119 5435 4823 4496 5334 6485 4757 5370 7551 7474 6485 8254 7121 8258 8072 9237 8983 7268 8680
0 0 0 0 0 0 0 0 0 0 0 0 0 709 1532 2809 3664 1332 394 2797 5243 6752 3070 1483 962 345 268 554 784 637 1789 2000 5492 4505 4013 1708 1912 2893 832 184 198 29 4 87 233 13 72 1290 6098 6223 7648 5852 6137 5483 4590 5001 2684 3440 2747 7252 8471 8689 8201 7965 8129 8864 1553 4247 592 764 6523 6747 4267 4881 7771 8828 8648 8545 4309 3270 2282 3743 5580 7183 6524 6308 5391 8170 7770 8611 8019 8420 8282 6138 6974 3984
0 0 0 0 0 0 0 0 0 0 0 0 0 1217 2462 4140 3269 3807 3619 2925 4610 6024 2153 983 700 398 248 325 561 751 761 2535 3185 5231 6922 4792 6261 4732 3542 361 84 4 8 44 33 34 103 69 5504 8371 7494 7835 4658 4585 1581 3810 3854 4861 2270 5484 8506 8371 8139 7871 6236 7525 3085 5754 659 2179 5414 7884 6957 4739 5987 8728 9230 8526 5483 1320 2797 1634 4033 6682 5687 6898 6365 7111 8495 9531 8308 7470 7602 6893 6913 4069
0 0 0 0 0 0 0 0 0 0 0 0 0 127 2471 3757 2198 4382 3968 5792 4936 5130 3495 978 1247 561 191 132 231 226 102 1288 3285 5832 5794 4124 3744 3335 2148 898 61 11 25 35 89 134 68 8 115 1208 5245 5889 3807 5763 5531 5738 1471 3268 4407 5045 7003 7979 8268 8589 6949 4333 8517 5137 2456 940 2899 5337 8445 8282 7993 8706 8920 8071 3613 2869 2715 5764 6569 6456 7323 8475 5193 5703 7218 7528 7960 6434 7730 4394 3925 1919
0 0 0 0 0 0 0 0 0 0 0 0 0 0 2362 3343 1365 4891 2927 3185 3438 3097 2768 1355 225 580 511 414 237 196 396 2235 5118 5597 4358 6658 4700 2316 2184 395 39 58 99 68 59 124 9 13 45 245 5797 7794 2293 7096 2237 2298 3865 4826 5513 5961 4542 5667 6252 7367 6075 7097 7816 4160 5246 4146 3960 6926 7834 7873 8092 8564 7822 8255 7604 6862 5329 3690 7466 6834 7619 7674 6056 6337 5396 5854 5092 4073 7130 6012 5093 5543
0 0 0 0 0 0 0 0 0 0 0 0 0 0 832 3685 862 2692 814 3388 3727 1513 2521 2698 1831 644 1109 652 853 971 316 2375 3554 2528 1824 6150 2791 2663 908 271 464 118 301 406 536 59 10 24 82 78 567 4863 3344 2487 2270 4476 2996 5967 5156 7638 7515 5896 6811 7452 6788 6893 8081 5221 5460 7202 5371 4313 3547 4341 4320 5625 7432 7795 6710 6624 6054 6347 6207 6968 7010 7735 7534 7762 6647 6947 5159 5129 5533 5840 8049 7934
0 0 0 0 0 0 0 0 0 0 0 0 0 0 1187 3036 1229 2244 404 213 3521 3307 3596 1454 152 13 379 839 1766 655 533 225 1046 384 640 919 1417 4590 1968 1375 729 650 1952 2126 936 1702 798 277 45 523 2429 2617 4234 3181 4083 4456 4214 6035 7481 8500 8585 7658 7830 6133 4957 7161 6908 5115 6308 5240 5285 4710 5316 5718 5543 4193 4023 6251 6407 6335 6597 6897 8334 7984 8088 7791 7705 6963 7471 6280 4000 4476 5488 6283 4616 4042
