gis_files/fkharif201314.asc
ncols         625
nrows         694
xllcorner     895000
yllcorner     515000
cellsize      5000
NODATA_value  -9999
[rows 405 to 449 of 694, columns 288 to 383 of 625]
809 143 2824 4888 2358 1485 1111 4639 4145 2190 690 124 331 414 627 487 5133 3356 3640 5680 7291 6325 4025 6212 5270 3425 1356 1394 3721 5211 7514 7851 7977 3870 1701 2456 2530 3462 869 743 281 1024 2474 45 64 1579 5302 4857 1321 534 400 1115 644 1173 712 613 256 236 733 394 1047 434 301 2121 54 171 117 211 6113 3970 4848 6046 4354 4102 3773 4089 3664 4035 1426 2406 829 414 0 0 0 0 0 0 0 0 0 0 0 0 0 0
100 1968 2387 2244 587 4 157 2767 1956 930 882 301 49 867 674 1152 3915 3911 2694 3453 5146 4556 4447 4418 5572 6362 3680 1232 453 5748 7174 8619 7265 2035 3769 3339 4843 4533 2514 798 179 2738 4380 1771 19 3457 4674 2244 2909 304 334 739 349 54 211 88 204 485 1272 977 2160 932 1337 2247 1237 2010 5783 2782 5697 6774 6095 4157 4131 2866 3359 2569 1849 1933 2763 2076 588 0 0 0 0 0 0 0 0 0 0 0 0 0 0 0
332 3240 2756 970 13 0 6 1564 4340 467 819 606 349 1407 1364 3441 2444 3190 3080 4924 5425 4300 4527 2964 6256 6571 6069 5994 1586 645 4752 7488 6712 1096 5749 4477 5570 5813 5008 2100 414 3127 6789 4651 1010 734 1869 2210 1451 103 321 794 1424 788 158 109 177 201 581 1078 473 521 1949 5946 1308 3332 8077 7308 7772 8504 6576 6412 5518 4025 4383 4299 3072 3530 2254 120 0 0 0 0 0 0 0 0 0 0 0 0 0 0 0 0
1187 2593 1972 843 0 15 20 1559 2242 1417 1814 514 1005 1634 3512 2367 3318 2391 3125 4390 5960 4296 5447 5188 5437 5721 6489 5792 6636 3093 2830 5253 4681 1589 4157 3072 4300 6534 5020 1435 716 1124 5716 1592 1755 1637 1597 2505 960 564 1328 2030 4315 1111 70 30 139 154 257 386 1190 2248 2283 2090 680 3238 7114 4175 6773 7249 4600 3273 5016 4143 3795 4852 2988 1277 490 0 0 0 0 0 0 0 0 0 0 0 0 0 0 0 0 0
21 28 139 266 474 169 452 521 2967 502 557 738 1606 4323 5038 4417 3589 3467 4380 4674 5523 4166 4964 5634 6372 5401 6154 6878 6953 5242 1514 2672 2816 2459 4412 2037 2565 4270 4124 763 1794 1079 1395 2748 4118 4528 1274 1405 3230 592 1525 2745 6164 3024 933 58 507 687 522 580 848 1820 5423 1041 29 1095 6034 3505 6848 6009 432 2219 4794 536 2087 2375 1697 98 0 0 0 0 0 0 0 0 0 0 0 0 0 0 0 0 0 0
0 3 5 25 749 1493 1400 329 3704 2913 2536 2866 2026 2464 122 2398 6155 5847 5459 4367 2410 4764 5270 5449 6124 4695 5795 5973 6288 6424 5253 1244 1917 1903 2174 3716 5720 5790 4937 849 404 523 1880 2925 6735 4437 1271 644 499 684 127 2679 7064 4895 3029 632 173 487 741 315 799 2091 5192 227 0 280 1794 2683 4861 2535 103 1466 3855 2569 2842 2307 61 0 0 0 0 0 0 0 0 0 0 0 0 0 0 0 0 0 0 0
0 1 4 79 971 4142 2043 587 2081 2544 2663 2462 3511 4473 3848 3231 5644 7232 5748 4977 5192 4471 5447 5706 4996 5400 5997 6185 7005 6823 5661 764 1586 1577 2445 5936 5485 7018 5790 1488 788 1350 999 536 4414 6073 656 322 941 662 283 3899 8146 7844 2814 448 620 213 562 416 1039 2291 3983 913 0 258 2184 5840 5260 2215 120 978 2652 4387 512 70 0 0 0 0 0 0 0 0 0 0 0 0 0 0 0 0 0 0 0 0
0 58 149 99 798 700 1133 1742 1553 4207 5072 4340 4400 5462 3102 5631 6355 6381 5226 4064 4161 3476 5248 5112 7082 5750 5651 7213 6109 7983 5822 4872 2075 1352 5577 5080 4665 6333 5664 906 898 645 163 575 4128 3225 1318 1207 1542 953 2551 3929 7509 7253 3344 1335 98 592 671 211 776 1193 3787 966 187 1646 1578 2452 6903 6263 3266 1218 1412 2183 290 0 0 0 0 0 0 0 0 0 0 0 0 0 0 0 0 0 0 0 0 0
9 267 178 513 1142 3036 1951 4135 4298 3817 2827 1379 2529 2985 4839 6621 7800 4506 5087 3963 3978 4985 4673 4117 7582 6367 6963 6362 6695 6803 4787 2257 369 137 2418 4970 3842 4133 4350 1588 617 179 143 967 2515 1420 899 778 1473 2570 2238 6458 8579 6934 3852 809 148 399 374 810 1968 724 2149 1014 217 3920 1155 1668 3524 5913 3649 2790 2274 2602 0 0 0 0 0 0 0 0 0 0 0 0 0 0 0 0 0 0 0 0 0 0
2649 5337 800 1395 1182 1964 1750 1922 3662 5714 3521 5156 4995 6547 6497 6405 3220 4278 4640 3351 5124 4974 6064 5051 6520 7021 5036 7395 6568 6938 4192 603 315 3248 4123 4170 4798 4024 3859 2620 928 1065 271 365 3309 1252 2410 1301 590 1729 2712 4781 8835 5562 1931 731 394 601 527 861 490 502 1818 2398 50 56 98 1608 7375 6342 3264 2047 172 243 0 0 0 0 0 0 0 0 0 0 0 0 0 0 0 0 0 0 0 0 0 0
4982 3877 4828 764 115 335 2158 2506 3738 5692 7298 7787 6775 5211 5725 4754 4158 4993 3581 4595 3687 5980 4683 5218 5046 5547 6338 7676 7165 6280 2694 370 433 2888 3946 4108 4513 3458 2518 1858 1914 1668 2361 354 1017 2018 2363 1540 740 1539 1198 1200 5445 3028 443 621 655 1041 2171 780 262 1455 2284 763 13 4 474 3576 4861 6735 5256 1658 800 0 0 0 0 0 0 0 0 0 0 0 0 0 0 0 0 0 0 0 0 0 0 0
4875 1596 1750 676 237 1678 2791 4423 3963 3892 4489 6202 6687 6134 5586 3477 6415 7071 5825 6184 4742 5479 5784 4009 4111 6460 6840 6499 5920 5777 563 709 938 3072 2430 2575 3440 1803 1749 1808 1190 2825 4892 774 602 1232 1084 1700 596 1688 1055 2092 6946 3695 829 789 686 1243 975 1500 1464 861 2765 458 0 127 1290 544 4372 5592 65 1268 134 0 0 0 0 0 0 0 0 0 0 0 0 0 0 0 0 0 0 0 0 0 0 0
4831 5430 2353 337 311 1961 4379 1890 3810 5527 8007 7442 5735 6517 5857 6628 5125 3488 3009 533 4688 5038 5705 4964 5245 4142 3245 5780 5506 4303 475 1671 2156 4346 4335 3126 3739 3019 2403 699 66 1118 4703 335 1663 1705 674 596 718 1056 867 3752 4798 4541 1922 733 391 781 909 2129 2503 700 1359 235 1 56 977 1276 5438 2716 1258 787 0 0 0 0 0 0 0 0 0 0 0 0 0 0 0 0 0 0 0 0 0 0 0 0
2544 2980 4664 2272 1742 562 3412 4122 6341 6535 8235 6769 5141 6540 6074 7230 5721 1386 0 0 987 2627 6026 6528 5592 5878 5492 5886 5864 1993 907 2743 2022 2353 2858 3063 5339 4241 862 174 28 958 2056 508 39 2198 2519 1370 2258 2213 1183 1739 3813 5618 1593 499 650 923 857 1364 3295 373 1052 930 51 64 1655 4996 6756 5070 572 0 0 0 0 0 0 0 0 0 0 0 0 0 0 0 0 0 0 0 0 0 0 0 0 0
7620 4857 2224 3202 613 2572 2555 4492 6163 5363 6342 5410 5232 6522 6762 6756 5464 995 220 226 521 2760 5230 5775 6806 4922 6056 5110 1049 1414 1786 2223 2614 3494 3107 3506 4797 1216 97 605 177 400 622 218 56 5240 7622 2598 2461 1252 3270 4474 1909 5496 4091 1707 531 618 396 916 4890 2174 2687 2198 262 4611 3337 7481 5178 2051 0 0 0 0 0 0 0 0 0 0 0 0 0 0 0 0 0 0 0 0 0 0 0 0 0 0
8325 4980 5089 3352 2316 4107 3431 4693 5109 4870 5138 6356 4087 645 731 924 1199 34 135 641 1061 3238 6173 5848 6138 6599 6344 4487 933 1307 2688 2863 1534 2799 2881 2494 4349 376 995 2898 647 766 887 1212 659 6873 8712 8727 2641 1022 2061 3083 671 1469 4405 3929 2482 3436 4831 1257 6079 7099 5980 3509 4580 3407 2605 4333 233 55 0 0 0 0 0 0 0 0 0 0 0 0 0 0 0 0 0 0 0 0 0 0 0 0 0 0
5422 4063 3481 5029 3250 3643 2878 2511 1696 2367 2684 1838 1076 302 0 411 997 77 49 2168 2465 4794 5903 5630 5685 6325 5677 3031 1411 2970 3347 3458 2884 2732 3080 3635 620 156 379 1239 363 583 700 335 2755 6182 7908 8919 8702 2085 1326 861 435 908 2580 4941 6252 2831 5517 5755 4959 5437 1848 1310 6194 5496 3778 168 74 0 0 0 0 0 0 0 0 0 0 0 0 0 0 0 0 0 0 0 0 0 0 0 0 0 0 0
2265 2985 1618 2824 3901 3576 3490 2693 1820 309 6 1 24 0 103 8 0 61 69 494 5371 6042 5243 5290 2992 4855 3985 1014 996 1854 1885 3174 1670 2235 2412 2262 795 0 0 4 428 607 3080 5496 8381 7346 5877 9052 8958 4331 761 273 98 1382 1163 5304 4772 2846 4543 1682 2815 3743 3144 3430 5765 6910 4808 108 24 0 0 0 0 0 0 0 0 0 0 0 0 0 0 0 0 0 0 0 0 0 0 0 0 0 0 0
3629 2952 4209 1900 3144 2238 1316 1009 1912 1473 626 320 493 3 9 266 347 5 144 1902 3044 5187 4557 3889 4646 3199 1241 1872 1458 1114 2002 1574 2466 1971 2544 1801 474 85 401 8 1601 5277 6247 8973 7459 6670 7694 8361 8887 2283 356 1244 63 1653 1079 2947 4372 2775 2273 1656 230 735 3623 4202 4783 2972 733 0 0 0 0 0 0 0 0 0 0 0 0 0 0 0 0 0 0 0 0 0 0 0 0 0 0 0 0 0
4039 3210 3146 4557 2751 2000 442 650 938 354 763 2937 3588 3441 51 35 88 393 1054 3189 4646 5320 4073 3254 3206 2209 1800 1714 1976 1394 1946 1686 2953 4668 2960 1549 92 861 285 1591 7326 8441 8171 8111 5947 8269 7723 7619 7792 8334 3477 2057 807 3243 528 2722 1666 534 2076 3369 1081 947 3312 5765 6357 538 102 0 0 0 0 0 0 0 0 0 0 0 0 0 0 0 0 0 0 0 0 0 0 0 0 0 0 0 0 0
4837 3746 2005 3921 4354 1377 1981 2711 2450 868 1321 3356 3900 3406 400 5 98 1163 1879 1152 2538 4723 2185 1355 2302 952 1483 1907 1936 2390 1504 1573 2666 4875 899 844 69 25 66 5289 6293 7250 8111 6307 7363 7631 7647 7212 5856 6849 6206 5676 5887 1337 349 6134 5817 2678 4013 3891 3629 3149 4290 6579 781 0 0 0 0 0 0 0 0 0 0 0 0 0 0 0 0 0 0 0 0 0 0 0 0 0 0 0 0 0 0 0
2768 1528 1712 2087 1853 1154 1691 1986 3758 3847 2778 3054 1821 3438 1262 960 2864 2373 2691 1579 1862 1281 2224 838 532 652 1858 2728 1997 2615 2570 2959 3274 3580 3816 1488 426 642 1254 3897 4689 4007 2998 6514 8014 7519 6622 7538 2710 4466 7570 6059 4765 2082 552 3491 5503 4556 6022 3460 6535 6406 5868 2677 359 0 0 0 0 0 0 0 0 0 0 0 0 0 0 0 0 0 0 0 0 0 0 0 0 0 0 0 0 0 0 0
800 1130 2188 2881 537 828 1052 1190 1706 3085 3048 4709 4321 3248 2651 2950 2213 2583 1683 1735 2466 1650 587 1369 975 1096 2163 2306 1771 3068 2427 1922 2370 3308 3472 2767 2337 1195 1323 1026 5120 6897 4597 4856 6783 6429 5948 7204 6264 7673 7122 6227 7762 6098 1908 3787 6249 5779 5546 5696 4903 5972 2089 815 368 0 0 0 0 0 0 0 0 0 0 0 0 0 0 0 0 0 0 0 0 0 0 0 0 0 0 0 0 0 0 0
128 416 2816 428 2023 3826 1961 657 563 4177 5447 5874 5601 3266 4014 1789 1850 3122 3126 2642 2876 1885 168 1273 2161 1168 2116 3201 2821 2750 2716 2242 1587 3490 2915 1734 3330 1928 1093 6078 5899 6759 5893 6954 6555 6086 6628 6956 6986 7459 6681 6722 7708 6211 4834 5542 5256 6879 6603 7032 5401 3593 640 10 0 0 0 0 0 0 0 0 0 0 0 0 0 0 0 0 0 0 0 0 0 0 0 0 0 0 0 0 0 0 0 0
89 366 2186 3209 2684 4981 3093 1662 363 2303 3761 3899 3426 4951 5701 3979 3472 3226 3481 2314 3287 1197 44 468 651 842 3018 2023 2713 3481 2919 3019 2437 1996 2863 701 1979 405 1474 7381 4888 1203 5166 6397 6594 2422 5189 5502 5184 5626 5896 7795 8196 6712 5829 5079 6946 6793 6577 4833 4668 3731 112 0 0 0 0 0 0 0 0 0 0 0 0 0 0 0 0 0 0 0 0 0 0 0 0 0 0 0 0 0 0 0 0 0
87 808 2057 1323 3448 5415 5067 3031 255 1352 2656 2206 3726 2901 4251 4792 4903 4267 2154 1868 1691 130 351 350 277 635 1972 655 834 1445 2100 4190 3197 1858 1231 1103 1238 630 549 1317 3743 271 7218 5035 6775 4344 3975 2999 4250 4225 6862 6776 8194 7485 5933 5286 4557 6463 7129 2390 941 20 0 0 0 0 0 0 0 0 0 0 0 0 0 0 0 0 0 0 0 0 0 0 0 0 0 0 0 0 0 0 0 0 0 0
43 56 262 485 1697 4142 1587 1518 666 2228 853 2284 1611 689 2509 3136 3349 4000 2191 2031 834 109 606 802 468 1140 1440 1214 1665 1124 3517 4772 3229 3931 1485 861 1977 548 552 60 40 3744 7480 7541 7870 5415 5376 5720 2874 5282 6075 7268 7230 7745 6657 7278 6824 5749 3546 1703 792 0 0 0 0 0 0 0 0 0 0 0 0 0 0 0 0 0 0 0 0 0 0 0 0 0 0 0 0 0 0 0 0 0 0 0
60 50 1089 294 608 1207 1459 655 1266 1192 1416 2035 5410 2465 2150 1834 1724 2605 2521 1696 935 930 936 788 946 2161 2509 2269 1243 260 2154 3431 2544 3003 3105 1786 2703 3001 1035 2277 2859 5065 6780 6820 4743 5744 4088 6347 5364 5230 5676 5940 2526 5581 6555 4182 7558 6104 5866 958 0 0 0 0 0 0 0 0 0 0 0 0 0 0 0 0 0 0 0 0 0 0 0 0 0 0 0 0 0 0 0 0 0 0 0 0
26 85 887 2363 1527 1902 3565 2267 1188 3120 1868 4759 7196 6704 4994 1898 2914 892 2263 283 844 605 704 2849 1557 1578 2185 1949 497 375 1573 2840 2853 2900 3466 4507 3722 1877 1113 2985 399 1897 5469 7888 7100 5425 3769 4784 5388 4812 5320 6902 3478 3812 5651 4249 6647 5329 1361 16 0 0 0 0 0 0 0 0 0 0 0 0 0 0 0 0 0 0 0 0 0 0 0 0 0 0 0 0 0 0 0 0 0 0 0 0
6 0 30 238 878 2982 3540 3652 4599 2701 1429 5291 6559 6979 6803 5227 4678 4985 2055 230 114 226 2607 1064 847 581 1375 1537 1389 654 1954 2043 2933 1917 2229 1594 453 1889 566 1702 543 280 4931 6292 5250 6075 5021 4346 4083 4220 2387 6799 4995 4595 4298 3744 1564 34 0 0 0 0 0 0 0 0 0 0 0 0 0 0 0 0 0 0 0 0 0 0 0 0 0 0 0 0 0 0 0 0 0 0 0 0 0 0
1776 1197 1236 1162 2573 2135 2904 4083 2940 85 414 5062 6164 7307 5391 5925 7525 4009 2156 53 50 917 428 511 484 415 544 2056 1453 1739 734 572 3202 2688 2625 874 978 1187 1535 1628 2168 1873 4809 4018 3736 5317 4168 3833 3964 3457 4496 4767 3112 3900 2254 95 0 0 0 0 0 0 0 0 0 0 0 0 0 0 0 0 0 0 0 0 0 0 0 0 0 0 0 0 0 0 0 0 0 0 0 0 0 0 0 0
3322 3487 3473 3852 2130 2846 2143 1096 340 733 4087 6130 3369 3700 3411 4688 4077 371 1397 221 815 552 3208 428 258 694 975 754 1900 2346 3608 2459 3708 2634 940 1456 351 689 399 3448 4954 5700 5236 4750 3923 3011 2567 3351 2373 2368 3544 3934 1515 209 0 0 0 0 0 0 0 0 0 0 0 0 0 0 0 0 0 0 0 0 0 0 0 0 0 0 0 0 0 0 0 0 0 0 0 0 0 0 0 0 0 0
2322 2125 4045 3769 3916 2400 6734 3810 1555 2346 4352 4883 5567 3318 2654 508 1640 1834 893 369 1333 3219 454 59 492 706 573 866 2038 1734 2564 1491 2885 3204 1754 222 36 105 257 4147 5839 6559 7444 5868 4605 3133 1808 5228 4222 4472 2006 672 6 0 0 0 0 0 0 0 0 0 0 0 0 0 0 0 0 0 0 0 0 0 0 0 0 0 0 0 0 0 0 0 0 0 0 0 0 0 0 0 0 0 0 0
1599 1776 1312 2158 3494 1854 4403 2023 4533 4787 3746 4768 2380 4365 686 230 2234 2323 1248 1244 368 285 16 117 82 277 201 716 1755 1879 2490 1110 1687 2998 465 495 296 1024 2339 6399 7482 6894 7392 5941 4157 6379 5913 5879 4707 3312 552 0 0 0 0 0 0 0 0 0 0 0 0 0 0 0 0 0 0 0 0 0 0 0 0 0 0 0 0 0 0 0 0 0 0 0 0 0 0 0 0 0 0 0 0 0
1163 1622 800 1874 3838 4737 3192 6007 6438 4276 5142 3264 705 294 130 1243 558 1471 2494 1333 319 34 319 130 385 403 1103 1663 480 1269 1162 1376 1652 349 104 1021 1780 2243 3485 6322 7436 6034 4976 6627 3623 4935 6145 2582 2060 5 0 0 0 0 0 0 0 0 0 0 0 0 0 0 0 0 0 0 0 0 0 0 0 0 0 0 0 0 0 0 0 0 0 0 0 0 0 0 0 0 0 0 0 0 0 0
212 1992 3525 3539 3481 4476 5508 3304 5258 3870 1853 981 70 14 602 1572 125 682 4013 517 161 104 381 1328 2337 990 622 854 1089 1784 2016 1268 588 1801 1803 4123 6350 6619 7247 5746 3509 4025 3303 4397 4546 5884 4537 764 1567 0 0 0 0 0 0 0 0 0 0 0 0 0 0 0 0 0 0 0 0 0 0 0 0 0 0 0 0 0 0 0 0 0 0 0 0 0 0 0 0 0 0 0 0 0 0 0
267 1390 1859 1547 2559 5384 5168 4821 3650 3836 1081 140 46 179 523 0 566 2007 506 435 237 253 615 2451 2327 622 73 817 1579 1256 597 1721 1348 2171 5435 4249 6880 6790 6213 3343 2038 1989 102 1184 5016 5366 2190 652 0 0 0 0 0 0 0 0 0 0 0 0 0 0 0 0 0 0 0 0 0 0 0 0 0 0 0 0 0 0 0 0 0 0 0 0 0 0 0 0 0 0 0 0 0 0 0 0
523 454 1034 368 1903 4098 4077 5348 1962 1001 156 68 23 0 6 475 2446 36 628 238 566 666 1652 3896 781 2166 763 1518 1569 498 1187 3833 6628 7346 7839 7605 6607 7087 4310 1306 5021 1140 2109 2324 2654 3886 518 0 0 0 0 0 0 0 0 0 0 0 0 0 0 0 0 0 0 0 0 0 0 0 0 0 0 0 0 0 0 0 0 0 0 0 0 0 0 0 0 0 0 0 0 0 0 0 0 0
41 79 458 2095 1542 2790 4972 4469 1300 48 146 79 0 0 94 2849 809 129 163 651 1810 2030 3705 2569 2699 3502 790 2935 1513 206 1562 5194 5413 6766 8179 7531 6529 3382 1396 3551 4659 4271 741 223 928 1074 0 0 0 0 0 0 0 0 0 0 0 0 0 0 0 0 0 0 0 0 0 0 0 0 0 0 0 0 0 0 0 0 0 0 0 0 0 0 0 0 0 0 0 0 0 0 0 0 0 0
38 148 1005 1571 992 435 1853 2100 682 24 0 9 118 69 641 544 364 213 512 945 524 2698 2331 1351 803 1410 943 1059 494 838 931 1076 4387 4385 4905 6619 5312 1804 2303 6114 6380 2032 373 99 273 161 0 0 0 0 0 0 0 0 0 0 0 0 0 0 0 0 0 0 0 0 0 0 0 0 0 0 0 0 0 0 0 0 0 0 0 0 0 0 0 0 0 0 0 0 0 0 0 0 0 0
1356 3167 4738 2309 627 692 531 346 245 3 43 1 139 966 473 320 319 539 406 1496 2619 1282 2042 1014 729 697 152 856 2716 3371 5667 7008 4034 4242 5210 5287 5166 3857 2432 4220 1715 493 40 40 60 1 0 0 0 0 0 0 0 0 0 0 0 0 0 0 0 0 0 0 0 0 0 0 0 0 0 0 0 0 0 0 0 0 0 0 0 0 0 0 0 0 0 0 0 0 0 0 0 0 0 0
423 1613 4308 2839 368 410 306 31 0 0 0 1 211 1109 23 43 898 799 250 2048 1651 921 1078 1350 630 13 1034 3795 6862 5567 6696 4387 2274 4177 1686 4088 4502 7181 2881 1502 784 31 1 0 0 0 0 0 0 0 0 0 0 0 0 0 0 0 0 0 0 0 0 0 0 0 0 0 0 0 0 0 0 0 0 0 0 0 0 0 0 0 0 0 0 0 0 0 0 0 0 0 0 0 0 0
55 1867 3061 2524 1283 334 20 0 0 6 0 16 0 8 43 1784 932 237 176 799 867 1200 945 3229 2525 2262 4611 4463 6169 4078 3828 5971 2099 1488 1504 3008 4836 4625 1631 1569 309 465 38 36 0 0 0 0 0 0 0 0 0 0 0 0 0 0 0 0 0 0 0 0 0 0 0 0 0 0 0 0 0 0 0 0 0 0 0 0 0 0 0 0 0 0 0 0 0 0 0 0 0 0 0 0
1333 2204 1490 2500 3 0 0 0 0 0 0 8 184 61 156 3091 2234 1500 746 3704 4520 2529 1155 3376 2613 1248 1014 2314 3605 3491 6046 4357 2334 2492 2937 6318 7360 3843 2556 1471 174 10 120 0 0 0 0 0 0 0 0 0 0 0 0 0 0 0 0 0 0 0 0 0 0 0 0 0 0 0 0 0 0 0 0 0 0 0 0 0 0 0 0 0 0 0 0 0 0 0 0 0 0 0 0 0
2314 1155 907 231 0 0 0 0 0 0 77 104 48 28 766 5035 3488 1212 922 2603 2632 2446 549 1636 1552 2407 3371 1626 2703 3468 7200 5782 1553 795 7144 5498 2653 1714 843 694 1394 97 0 0 0 0 0 0 0 0 0 0 0 0 0 0 0 0 0 0 0 0 0 0 0 0 0 0 0 0 0 0 0 0 0 0 0 0 0 0 0 0 0 0 0 0 0 0 0 0 0 0 0 0 0 0
