gis_files/fkharif201314.asc
ncols         625
nrows         694
xllcorner     895000
yllcorner     515000
cellsize      5000
NODATA_value  -9999
[rows 225 to 269 of 694, columns 96 to 191 of 625]
49 9 8 19 16 31 297 430 276 304 221 15 61 243 1256 834 89 189 143 4 0 3 5 0 0 0 0 212 159 697 3337 2681 2856 4380 5452 3378 4122 1273 2298 2339 2462 1089 2327 564 852 3649 3057 6665 2145 1251 2454 3028 3067 2556 1711 5544 5383 5026 748 1187 1641 3199 5370 5943 7219 6481 7637 7299 7395 8741 6532 2457 29 80 3083 2212 7347 6499 7000 2649 3559 768 941 606 2100 4895 5561 7176 6518 6537 7274 4839 4468 3594 1948 1061
183 517 1543 31 13 5 272 778 797 615 36 0 26 78 182 35 128 13 15 0 0 0 0 0 1 0 0 38 188 375 1559 774 1111 1831 4429 3490 1652 726 1131 2559 241 711 2633 3596 936 3157 5003 4353 4310 1362 3861 5981 5063 5130 4023 4740 4987 3786 2184 1957 1353 2539 4600 4829 7927 9255 7661 1451 4787 7408 3981 469 38 2830 578 7646 5857 4378 6158 3377 2292 1862 3816 336 1574 6061 8766 7763 7767 5336 7107 8199 3046 1568 935 2878
1869 3634 174 0 40 199 687 1401 1042 509 11 8 0 13 33 8 8 9 11 0 0 0 0 51 34 6 11 10 541 1074 432 884 532 410 711 1059 733 985 1416 1174 2146 1612 1835 3445 1666 3726 3381 5448 5154 4280 2960 3734 5089 6091 6816 7494 7122 3325 2254 2943 1947 4395 5847 6459 7999 9229 8925 6297 6453 7196 4264 5684 5142 7186 5822 7504 7896 3251 4961 5927 3235 2437 3383 794 1226 6682 8162 6219 7007 5577 5871 2450 453 1549 759 1555
208 0 23 11 117 103 38 310 423 193 216 20 6 11 28 53 0 0 0 0 0 0 24 135 55 166 93 9 158 280 331 99 40 90 366 374 226 1057 1805 1382 1746 1573 3230 2134 365 843 1229 2822 1766 1769 1905 2898 5420 5191 5793 6706 5976 4484 3507 3282 2302 4895 7281 8048 9130 7989 9052 9404 5050 2939 5228 7397 6821 7662 9242 8928 8473 7735 6020 5766 6045 3441 4124 2100 541 2328 6337 7668 5581 5758 8798 8752 758 285 2099 26
0 1 45 41 41 21 125 172 569 202 110 236 46 11 3 10 0 0 0 0 0 0 0 0 4 60 158 8 33 117 191 64 104 98 107 396 498 1116 1981 1631 1513 1379 1464 1381 848 771 238 692 603 1395 2465 3314 3766 2814 3372 2866 3090 3180 5218 1715 2999 5310 8068 7942 8177 8647 9076 7583 2371 2452 8608 5073 4708 7642 7696 7089 5444 6897 7518 7780 4961 5169 3645 4298 1105 2968 3650 3665 822 576 7326 4438 2316 9 151 1494
0 0 25 43 408 233 296 448 681 230 201 221 69 11 0 0 0 15 1 0 1 0 3 0 0 0 3 0 8 48 98 64 24 173 488 375 1060 1987 1811 1488 1180 1459 2031 784 167 105 169 383 790 2896 3578 4078 3473 2287 2057 1088 764 1803 3875 1326 2096 5130 7155 8914 9040 8453 9476 9236 3455 2391 5971 4094 6489 6941 7091 7579 4388 6041 4824 5301 5300 4196 3255 4878 3239 5282 3317 1941 5138 2782 6495 784 1302 376 1135 5122
177 482 1061 350 174 475 577 691 420 591 305 189 191 0 0 0 0 0 0 0 0 6 0 21 8 0 0 0 4 119 53 28 33 233 1064 469 664 995 1222 965 1244 2196 2061 869 386 518 651 1500 2217 3021 2997 2799 2504 3624 3500 1540 381 1599 2280 2733 3783 5191 6415 7179 8933 9172 9469 8988 2861 4195 4170 5158 8205 8589 7028 5715 4952 5687 6051 5331 6987 2969 3369 6251 6335 3825 2092 3402 2673 5511 6601 188 2318 1165 1614 6538
429 142 411 252 748 800 958 892 400 169 316 437 177 51 110 238 1 0 33 4 97 13 0 0 23 0 5 0 24 74 14 113 863 529 1404 1831 1957 2013 1000 1081 1579 3234 2196 1563 2687 1340 1272 1631 2244 3120 4012 4661 4177 4284 3337 1066 780 2258 2815 4590 5873 4945 6750 8397 8973 9513 8973 7490 3796 2893 3614 7355 7924 7511 7129 5463 4562 6325 5103 6380 6221 94 2960 6128 5866 1238 3524 6466 1478 5363 3998 226 21 237 61 7651
864 286 534 444 285 232 659 650 1071 475 341 1823 203 763 1897 2568 2382 1093 365 626 332 251 238 10 4 19 5 148 46 162 449 992 1534 921 1022 1199 2022 1515 1750 1977 2227 1268 1338 1578 2382 1813 1004 1041 3352 4220 7223 7183 3811 4438 4005 2212 3854 4866 5551 4789 5866 5029 6152 7508 8867 8466 5660 4970 3778 7702 6238 8722 9428 8621 8132 6813 8233 6459 4665 5706 6269 1279 3068 5881 5114 3043 3078 1786 2901 4162 996 842 20 38 0 7829
502 942 593 364 186 692 725 927 282 371 1875 538 1633 2303 2067 3135 5240 3204 1878 1197 1175 327 79 89 66 40 23 153 666 400 640 1552 611 275 859 766 2072 2524 1667 2168 1479 2223 1651 4703 2484 1540 1090 2210 2766 2898 3266 3023 3539 2894 1459 2075 1399 1207 2582 4063 6380 4421 6385 5628 8499 7999 4725 2968 4024 6120 8473 9172 8913 8244 7825 6990 7620 5465 6956 6121 6794 5809 3352 5389 6909 5815 1424 3943 2120 3451 2861 1262 1014 1855 1150 5649
247 425 236 104 368 113 278 1655 1693 3450 5833 3214 1113 3101 4217 2727 2313 1440 1692 2382 3118 1340 557 462 1179 623 426 189 523 478 365 506 897 740 1550 1739 1273 1592 1283 804 1374 2249 3076 6453 3473 2549 3616 2402 2178 1696 2935 2686 2736 3647 2297 2682 2106 2263 2292 1223 3539 4079 5649 5342 8110 7469 3502 2963 4444 6665 6132 8186 6322 7526 5639 7342 7506 6132 6744 6367 2151 6561 2851 3205 4971 5867 3637 2213 4606 3362 3457 721 4064 4643 638 2799
319 14 87 228 206 1359 666 478 2561 966 6969 4304 633 3054 2681 1642 1268 1296 3348 2466 1519 666 186 573 1238 733 913 685 1395 1079 329 569 363 435 2234 2104 1318 1688 2141 3169 3731 4660 3330 4555 3378 4212 4209 4344 3308 2137 2916 2849 1455 5363 3845 2509 764 1399 2101 2827 3155 4457 5877 7531 7387 4185 3595 4320 3974 4819 5694 3556 4822 5307 3568 6440 4500 5756 3743 4156 3673 5482 2262 2689 4632 2908 4209 1236 4964 1895 2865 2260 5917 2220 2333 2513
226 0 0 46 94 84 11 39 1168 6948 6303 4478 5734 5365 4097 3551 3037 2815 1045 1736 1169 755 587 1177 754 850 591 626 1377 1893 1062 1598 2293 1591 2704 1657 3494 3081 3825 3406 4765 3928 3619 3401 4249 3403 4579 7229 2607 1348 1189 2565 3289 4679 2735 2510 1604 2286 3006 5201 4265 1029 2214 6288 4927 2720 1637 2928 3309 3494 1938 2084 4385 5735 6780 8795 8835 7202 6998 5996 7244 5213 2604 3667 2043 2164 2309 2161 3662 1917 336 2471 2775 3220 6066 3342
79 0 0 56 266 985 302 30 729 3073 4688 2973 3174 2938 3130 1650 2998 3001 1715 1973 1512 1202 1328 2465 1602 1489 1056 1015 955 1769 2805 3384 4500 4619 2990 3445 3803 4163 2424 2821 2402 2796 2865 2807 4004 4170 3896 5547 1683 1338 714 2137 5198 4979 2582 3812 3477 4136 3446 4505 3879 2095 1552 4801 1293 5393 4852 2548 3196 2837 2850 3285 2491 4836 5608 8491 8332 6933 6721 6208 6726 3785 311 5835 3921 2767 1794 3757 2109 2393 3294 5403 3294 1683 4113 3209
78 66 0 159 854 764 1967 2163 2426 218 494 630 495 355 378 330 1523 1844 1926 3228 3354 3382 4822 4242 1769 2471 2765 2125 3892 6520 3983 4192 3150 4679 6109 3965 2165 3088 4728 5045 6484 3652 2403 5330 5596 4574 3054 1983 2725 1558 187 582 3363 4296 2688 5000 4518 4161 2321 1136 2477 1655 646 824 972 837 1293 2277 1050 2459 6253 5946 4930 4765 8529 8833 8441 7414 7312 3644 2691 729 1872 5300 2132 3430 3088 3633 3445 5538 4905 5774 3502 3894 4832 936
168 60 151 813 409 376 378 4336 4951 859 361 294 390 309 578 235 217 1918 2426 2968 5527 4833 3767 5238 4067 4013 3851 2101 4748 4488 5765 5568 5006 3180 4784 4181 2258 2688 4007 5227 7521 6759 5285 7015 7104 1212 2022 2136 4104 3772 497 2712 1936 3515 2900 4206 5537 3842 2193 809 1904 1788 1621 0 0 0 457 1909 1806 4280 6701 4808 2795 3986 7337 5344 3378 6534 3721 694 940 839 4665 4049 4152 812 4301 2738 2174 3458 5832 6002 6402 7037 4202 2480
474 659 28 138 110 172 68 768 5291 4278 5389 1858 257 342 459 1379 546 1739 2283 4151 2579 3307 5311 6362 5892 6080 4205 4817 6767 3872 6608 8213 7977 2561 3363 4482 1061 1337 4557 6055 6445 8420 9061 7880 3859 1870 3009 1157 2528 2746 2137 3240 5018 2540 4625 5491 4900 6145 2366 907 2564 1641 1108 33 159 63 13 39 358 3935 2802 3598 1732 3704 7721 6739 6512 3001 1172 260 1 921 4298 3510 3842 633 4429 2193 3559 2415 3057 2146 2696 2613 2075 1409
231 189 93 89 212 56 85 169 300 1885 3838 3092 1125 2442 1708 773 1164 1946 963 1091 1326 4002 4237 3224 6074 5326 5030 5946 6052 4053 7934 7593 5470 2418 1402 1338 2154 2353 4293 5178 8542 8339 9185 5879 1941 1170 1885 517 867 5173 4506 6331 3670 4673 5154 5069 5203 7656 1977 1889 1621 2888 1628 537 1407 1064 166 192 1129 3070 3152 3226 2061 5143 8628 7298 4472 1883 1399 0 0 28 1459 2081 5838 4015 4521 1913 2919 3413 1371 1607 1262 1515 1835 3507
13 44 72 90 127 35 1444 6918 3733 1019 1273 761 1478 1726 1563 1760 1090 1534 414 547 485 1243 2028 2067 4639 4908 3147 4770 5664 7151 6715 6518 5346 2603 1228 620 1287 3093 3260 5079 7401 6454 7905 6140 2511 273 710 2036 5085 7052 5729 5055 4447 4742 5888 5194 7160 7229 2007 1702 1688 3248 1099 2175 1448 1162 1085 1317 1908 3994 4314 2322 1997 3788 8637 6681 2758 3033 1490 119 0 1045 710 758 2799 4852 5861 4320 1845 1976 710 1849 1668 2570 5158 3546
70 107 475 783 268 88 4278 8442 5497 3973 4873 5632 4343 2778 4314 2082 1755 716 1949 672 1193 2758 1355 695 1764 1187 5591 5813 6611 3751 3190 5686 7007 6098 3613 1668 1657 2825 5304 6086 7795 7567 9301 7333 4254 958 1258 4994 5943 6308 4857 4098 6027 4556 3990 4176 4791 6321 3300 2213 2746 2713 1690 1430 1645 968 1441 1899 3108 4947 3654 1607 3250 1638 4044 1197 336 1062 2114 756 0 479 1572 2598 7393 4832 4015 2996 1223 1548 1045 1322 2292 2575 5848 4062
129 273 228 483 1130 1237 6773 7233 4121 4897 4013 3931 4262 5173 6566 4969 3551 370 733 3561 2676 1740 1307 650 2046 1076 4891 5208 1392 2130 5256 3909 6566 7972 4200 4658 3091 6690 3516 3603 6366 9404 9019 3276 575 1253 4023 5724 6261 8146 6648 3393 7469 7449 3172 4641 3453 3659 5321 3115 4454 1766 3791 1686 1951 1514 642 1067 904 2401 5004 4113 6350 3057 2740 4895 5331 4116 4300 2201 1278 1507 1386 3458 7977 6561 4707 5097 2249 923 1208 4224 3759 5348 2479 606
8 133 167 659 597 2868 7870 6178 6593 6298 5694 3793 2969 2418 4954 4245 4348 4808 818 3431 2224 1904 2824 3381 2876 1814 3759 6256 7184 4512 4897 4998 4892 5465 6909 7381 6761 5674 5142 4449 2454 5460 8082 2206 1052 4176 6976 7238 7521 7864 8948 8056 6443 1829 3176 3861 5563 3797 4459 2750 6788 2587 4245 2023 2032 1091 1692 798 278 1765 3682 4222 6282 1996 2196 2979 4323 5247 2612 1231 1006 1463 1325 2200 5109 8102 7885 4155 4033 5940 5152 6984 6429 1781 60 3017
0 9 44 358 325 1101 3531 3581 2199 3082 3899 2265 1683 2752 1907 3338 7654 6823 5030 3330 4753 5871 5247 7563 6979 5105 3096 4979 5029 5501 2308 4616 4917 3307 6426 3604 1642 4643 4866 1894 440 5610 7881 3117 2578 1512 4542 5639 6394 8632 8714 7203 5174 4919 5393 5857 3418 4971 3902 5031 6243 2792 3594 3589 2535 1041 913 297 423 818 3265 2487 3231 2689 5011 3737 2531 2688 3223 627 2081 1899 651 1604 5458 5337 5409 4487 4106 6016 6125 5261 1449 0 1749 4226
6 1 48 0 39 723 580 1325 928 1828 1964 674 2449 1737 616 1016 4558 4286 6375 5029 3361 5858 7671 8122 6006 5230 2580 1918 2382 4581 3798 5225 6459 4797 1939 552 228 2752 3584 4397 3343 6063 7081 7785 6498 3993 2099 3141 5711 8844 8625 5245 7410 6799 6939 5918 1897 6350 3519 5518 4937 1760 2851 3428 3146 1598 657 534 273 437 1094 1788 892 1537 2010 1737 1445 3527 4044 2573 2789 3100 1774 2041 2797 2492 3509 3021 5010 5674 6678 3689 2270 2418 4127 1382
157 64 29 330 1734 2357 401 833 1640 1484 1448 879 2945 1256 539 628 3076 4841 3574 2288 2136 6369 5840 7549 3210 3723 3591 611 3337 2781 3877 3174 7319 4244 478 938 1937 4370 4674 5265 4624 7060 2252 7772 8013 5851 2198 4449 5105 8831 6923 6000 5878 5531 6984 2572 3934 2224 5435 5350 5444 754 2944 1632 2321 2031 781 267 282 331 398 1323 696 918 1300 1029 2132 1278 2272 2010 2298 1228 1887 1503 1808 1879 3734 3919 5464 6185 5363 5056 1895 5538 1540 270
183 701 1392 612 3194 3061 2145 321 692 1089 993 1129 2201 2457 605 888 2206 554 1343 140 406 3003 6273 2895 1795 2262 4157 280 2523 3738 4426 3511 2593 494 1858 3073 5995 3664 5020 7686 7232 4694 981 1819 2790 3241 3197 4241 4855 3298 2653 3792 5410 7407 3182 5092 1016 2871 4906 5660 7235 2149 3707 2627 1074 879 448 217 361 672 434 610 1670 961 1067 1780 1808 1405 2293 2973 3620 3008 1555 1162 1021 1110 1537 4719 8127 4866 3384 5403 4096 768 635 72
549 2016 1045 798 2876 2308 2165 290 1170 401 197 1672 1133 1297 1583 1775 1175 105 51 275 1084 1559 1717 4355 3456 1946 1032 902 3652 4966 4959 1929 820 2634 5166 7450 8236 6552 5178 6103 7294 6132 2822 3218 3875 6642 3352 3320 3001 6747 7081 6908 5912 6202 6106 1716 69 129 3509 5743 3391 4767 3288 2632 1233 534 356 369 235 211 361 453 1029 1547 1100 1634 2191 3017 3377 2787 2942 2023 1848 1767 666 1026 1785 4867 8339 6293 4718 7983 7173 3251 542 477
2146 4339 1821 2223 4270 2235 993 516 682 635 253 350 507 184 1197 335 172 25 154 1885 1160 1651 2356 3096 958 945 610 659 2794 3165 2114 320 1029 4152 6757 6854 7779 4792 5207 6221 7855 6060 4140 6646 6836 4853 3801 5073 6323 5082 3705 6394 5701 6686 5013 2361 503 741 3901 1755 6351 4743 3811 2155 642 551 482 573 237 445 968 805 1302 1863 2638 2723 4300 3703 3043 3613 6374 2168 748 736 863 2050 1382 3580 5405 6103 4025 3540 2609 1000 738 1026
2817 4557 4063 3704 3016 2129 1021 276 339 340 183 320 152 235 201 43 34 164 1247 2600 692 1839 2773 720 1104 725 2481 1414 1233 971 805 1819 3383 6262 6307 5774 7237 4280 6754 7481 7618 5699 3900 4705 1836 3586 7002 7062 1918 1668 2469 5711 6692 6806 4155 1602 5019 4865 2959 4535 5889 2937 3793 2535 657 921 611 753 945 891 1071 1759 1588 1384 1582 2091 2932 3256 3951 2846 2817 2302 1624 1798 2303 2701 2970 2253 3009 3900 1687 2945 1377 967 2154 2137
3852 4045 3911 1888 2598 2880 1103 252 359 300 376 73 164 256 89 110 218 1412 2580 1070 247 638 344 950 179 201 1693 1810 784 474 2377 5896 4581 5003 7304 6132 7006 5255 6909 7440 5783 5575 5808 2126 1844 3254 6416 5178 2934 2969 1037 4214 4903 6247 6389 4681 7653 4602 3726 5557 6288 4057 2273 2318 1584 1367 1448 307 410 1611 622 1074 1581 2288 3889 1928 1862 3101 2413 4020 2870 3103 1747 1761 2013 2353 3075 2072 3022 1014 475 1131 1583 854 1101 459
5843 3598 1637 1381 2560 1964 1277 685 543 386 356 77 162 153 164 734 1050 1247 2624 649 346 480 289 398 0 699 3067 2434 591 2572 5778 3693 3635 2627 4582 7003 5557 6318 6744 6096 6390 6515 4067 3391 3751 6729 5748 1860 2510 1464 2395 3169 6443 5973 8674 7117 3220 6183 4939 5829 5212 2949 2842 3024 1491 607 1337 1074 849 1638 1214 1004 1341 1311 4640 7545 2998 1534 1311 992 1271 2126 2189 933 1696 1900 1629 2411 1469 508 922 911 655 924 1705 902
3886 1552 1591 2140 2028 1263 465 638 799 99 285 220 371 642 672 1633 2590 2688 1075 378 97 518 292 1528 739 2139 2227 1898 3887 4252 5041 3855 5656 5862 7111 5775 6050 5582 3777 5864 8913 4640 2605 2878 5364 6154 4429 3347 2240 4033 2909 2789 6364 7644 4870 5353 4688 7131 5208 6485 6843 4005 3061 3023 2424 2171 2587 1766 1228 1627 1306 1450 2891 401 913 2233 2293 882 996 1555 1185 1589 909 363 789 518 1766 1496 1158 56 797 409 83 779 2161 3529
3126 3916 2856 1843 1703 1621 827 882 774 233 99 191 563 1234 840 1195 4329 2196 1532 437 554 315 659 2420 1801 1844 4609 4748 5968 4459 3828 3805 5136 3716 2842 2723 2556 3314 6592 7960 5992 5329 2955 3581 4770 4251 3063 4421 2817 5526 4170 5529 6478 6297 4952 2145 4799 5734 6014 6469 6258 7696 4747 3368 2267 2303 2411 2069 856 1343 3313 2180 2718 793 547 1005 182 518 792 1478 630 480 975 473 134 674 1815 1269 1160 470 1241 2229 1645 679 1648 1340
2353 2972 3029 2671 1144 704 746 968 626 587 102 445 909 1325 1222 2619 2153 2122 2120 2091 1411 917 2071 2426 2090 2656 2425 2420 2628 2701 1948 3674 2607 2827 5050 3662 1534 3865 7722 5714 2269 3156 7830 7656 8580 5463 5035 2554 5139 4409 5453 5286 3519 2358 877 1636 2738 4626 5627 7011 7210 6938 6430 4974 2218 2551 2994 2830 2257 1293 3011 2846 1371 891 1480 437 511 626 672 2027 1485 1500 967 478 223 135 623 2346 647 440 991 1401 1200 825 1073 1308
2817 2107 2579 2007 1428 840 442 691 1295 516 871 1568 1088 1645 1404 2194 1858 2649 1737 551 504 995 1747 1414 3332 3013 1678 2668 843 2153 2935 4117 3633 4408 5989 7001 4459 2357 4015 3052 6715 4606 6963 5339 5030 5089 5537 2704 3245 3537 3711 3979 4088 3265 4569 2077 2955 5650 5907 5923 7041 6850 6592 4661 5124 3639 2658 2904 2265 2694 4913 3613 3292 3283 2214 2424 1742 1149 1353 1111 231 336 707 1116 237 199 237 329 133 324 332 2710 2841 1920 3506 543
950 2205 1592 657 830 489 434 1065 912 823 2684 2472 4050 1607 1113 733 849 2007 1917 183 756 1287 1553 33 490 1576 2999 1254 675 1285 1182 1519 3483 2298 7984 5276 3411 4049 1109 1143 2582 4673 7299 8265 5075 5893 2796 3480 2268 6366 2786 2738 1706 3347 4404 5485 3999 5893 5967 6157 5617 5401 4572 5299 4329 6359 5205 3955 3864 2983 2546 2825 5029 2801 1967 1569 542 1844 822 159 246 220 263 670 1496 861 119 115 347 403 369 1153 1650 2070 213 0
610 1927 2051 464 331 490 787 455 340 824 1256 5516 6305 3847 2777 3235 2648 1070 309 43 24 187 3545 3476 1336 2809 1964 1173 1360 2898 4114 2230 1953 3683 2516 2599 2894 3976 2712 2341 2794 2906 3221 5602 5290 4447 2850 2732 4156 7013 4714 3259 2154 2673 4571 4353 6608 5062 4231 5257 4762 4275 5182 3971 4908 5873 4005 3432 3353 5030 1848 1395 3560 2791 2179 1313 162 803 966 307 127 235 439 114 169 94 211 208 232 179 246 4068 2476 278 0 139
1074 1811 1538 799 913 617 391 881 1931 886 3848 3068 4462 4802 3494 3576 3624 1283 1098 415 1084 3859 4572 3704 6813 4476 2742 616 2343 2267 2355 3483 5124 2297 457 1331 2895 4648 4211 3313 4239 5255 4515 4232 5235 3620 2212 2863 5839 3718 3519 1813 3924 5359 4027 5189 4609 5812 6180 6237 6093 4950 7133 4668 4172 6686 5703 5518 5480 4122 2124 921 1254 1801 2526 1249 701 2450 416 218 405 1285 433 329 85 191 272 30 108 192 246 1503 98 6 0 493
711 2025 2831 561 672 771 1589 1239 1164 2143 2740 1810 3009 2730 5399 3980 4242 914 28 1297 2974 4142 3397 4304 5174 2735 2752 3445 3954 4035 2194 6113 5176 1495 814 1292 3122 3773 2703 2776 5746 6941 3751 3934 5613 2663 1617 3230 5529 4370 2791 4309 5529 5651 6873 6564 4567 4604 6529 6376 3679 6727 5916 5001 5448 5174 6168 5570 6880 7166 3850 2742 163 641 2195 2025 2111 1572 178 64 299 273 82 104 374 440 48 36 56 120 701 138 0 0 0 1539
1174 1710 1042 513 1701 3476 3820 1035 887 1124 1959 2357 2804 4380 6330 4311 3668 1165 564 1397 1808 3861 6342 8348 4032 5509 4989 4197 4093 2410 3406 4464 2899 1224 1395 1337 3504 2880 4266 5506 7584 7070 7376 5479 1303 582 4215 4617 3990 2543 1823 5314 7155 6336 6009 5891 5424 3512 6004 5547 5611 6533 4833 6019 4119 5531 3456 3670 3793 2741 3542 1878 0 554 1992 2471 277 960 114 262 93 207 53 197 498 31 3 18 49 58 391 20 248 709 506 3722
2258 810 716 645 2736 3642 2003 849 2021 3515 5284 3981 4456 3803 4142 3895 3090 696 226 139 828 3935 4753 4908 2942 1793 5439 5003 4124 1947 3897 2184 968 490 1589 3122 2770 6771 7387 7955 7446 7830 4886 189 995 5448 2496 2909 2563 999 4057 5475 6638 5720 6670 7400 7533 5167 5326 5294 6542 6134 5409 3323 5994 2282 2612 1964 4581 3729 5914 1589 1173 1745 1919 1371 1232 1583 1042 247 228 306 499 495 358 114 122 72 216 403 876 1238 257 4473 4467 4127
2195 1347 940 1547 3443 5048 4636 2727 5306 5869 6139 2460 2184 3052 2107 2275 4077 2676 1475 1898 2143 2713 2180 1015 4044 3388 3026 2811 2895 2420 721 1233 1923 888 2086 3465 4630 6253 4913 7286 8364 7996 1949 632 5266 2580 3544 2170 2382 4901 5222 6956 6313 8126 7435 7030 6404 3845 4303 3096 3769 5851 6828 6632 5720 5507 4066 4622 4701 2948 2309 951 952 498 1158 1101 1326 516 1005 435 55 68 114 295 633 94 498 519 596 566 468 705 770 406 913 2693
2796 3256 2558 2590 2284 5849 4565 4941 6011 7762 4390 1629 3383 2454 1731 1208 1759 1969 2741 4925 5764 5597 1840 199 1223 1306 1538 2416 4278 4270 2124 1044 3833 4364 3605 4887 4708 7303 7498 8571 8792 2792 0 1714 3043 3785 3698 4167 3981 3769 5632 5977 5997 5714 6157 4365 7414 6564 6086 4651 6115 7516 8643 6473 6559 4165 6155 5591 3905 1974 3013 1988 1372 1042 2134 945 3700 687 1829 709 1039 2124 368 507 1706 714 1844 1469 512 871 201 1494 2654 1154 2435 6362
1103 1569 1934 1977 4872 4362 3091 4141 6110 5300 3445 1865 3125 1406 1889 1907 2130 3192 4431 3986 5608 2081 731 10 11 48 501 2062 2864 2752 1963 2415 2549 4127 4201 5065 6873 5931 6464 9255 7480 3640 93 3974 2780 4696 5368 5527 5202 3877 6803 7544 5996 5399 5322 7633 6751 7725 6349 6444 6471 6487 4281 5970 5275 1854 4319 4385 2228 3300 1532 3774 3866 2219 1198 916 1636 336 733 2125 1946 1924 2965 2309 1663 2516 3412 2077 3095 4952 615 473 2878 5751 1239 7821
2203 2220 2233 3032 3634 3312 4946 4624 5186 3973 2057 2382 4927 2536 1104 1953 4511 4196 1440 4590 3759 438 56 40 223 19 514 508 1616 3487 2326 3801 3600 2617 4962 5704 5408 8475 8034 8387 5799 513 3828 5273 6144 6665 6480 6256 5356 5217 7265 8216 7047 5834 6987 5597 6228 4398 3575 5858 5088 5031 4950 5989 3284 3215 3093 1041 1961 3075 3028 4853 3956 2840 1466 123 710 4512 2861 1814 1468 3672 4658 4157 1468 4192 2643 1207 2491 2203 1170 4426 6670 3358 5847 7623
