gis_files/floamy.asc
ncols         625
nrows         694
xllcorner     895000
yllcorner     515000
cellsize      5000
NODATA_value  -9999
[rows 399 to 455 of 694, columns 96 to 191 of 625]
0 0 0 0 0 0 0 0 0 0 0 0 0 0 0 0 0 11 8729 9997 9927 9948 9787 9636 9751 9848 9496 9708 9634 9775 8616 5073 4937 6040 1918 3290 846 0 0 991 3328 3367 1721 1492 848 6581 1077 4044 2191 0 0 0 0 1776 0 7035 3236 9120 8818 767 0 0 702 2069 8575 6854 3330 362 3857 681 1804 8697 8691 3020 3150 3 41 4732 9268 8254 2260 5212 9411 9483 8583 7213 6550 3750 4364 3390 3573 3583 9444 9779 9680 9682
0 0 0 0 0 0 0 0 0 0 0 0 0 0 0 0 87 3008 5103 9888 9965 9847 9440 9303 9668 9402 9641 9677 9710 9811 9689 9577 8312 7488 6855 5455 676 101 0 2139 7913 8436 8541 6019 4809 574 4734 1331 0 0 0 0 0 0 0 2902 46 5717 9676 967 0 0 0 1388 8837 9762 9040 5827 8920 8518 7281 2527 8179 4277 1516 0 0 0 2587 5268 2502 4179 8595 3231 4545 4177 5611 6805 6037 4750 1494 1406 7663 7058 6078 4089
0 0 0 0 0 0 0 0 0 0 0 0 0 0 0 0 5 3660 3658 9127 9509 9541 9738 9483 9455 9629 9816 9818 9766 9643 9879 9794 9631 9759 8992 7110 2386 2132 332 5877 9421 9968 9885 9120 4166 6418 6826 4400 0 0 0 0 0 0 0 0 0 3599 9041 8772 157 0 0 4752 5522 9799 7994 9102 5258 5898 8597 599 130 5117 6993 5237 700 0 876 7867 5243 2062 9312 2254 3765 5906 3793 5397 5621 4804 5679 5996 1371 6767 3382 3291
0 0 0 0 0 0 0 0 0 0 0 0 0 0 0 0 0 1659 4935 9473 9743 9870 9831 9460 9865 9966 9787 8255 9176 9663 9830 9963 8716 8641 8779 8661 9356 8011 9207 6396 4775 5419 5131 6244 7431 1509 0 0 0 0 0 0 0 0 0 0 0 0 8432 9363 2793 0 0 2508 3030 9130 8842 5892 1600 7548 9434 8384 4712 48 4892 7914 6428 0 959 8343 8574 2190 5607 6200 1939 7417 2643 5715 6140 8011 6968 8385 7767 2968 3117 80
0 0 0 0 0 0 0 0 0 0 0 0 0 0 0 0 0 3311 6544 9612 9433 9207 9365 9445 8988 9494 9667 9374 9384 9826 9750 9846 9864 8880 9881 9734 9844 9979 3852 4283 8153 9874 9568 9381 6431 0 0 0 1949 1974 0 0 0 0 0 0 0 0 4450 3896 8135 1373 0 0 1124 4822 5095 0 20 6288 9730 9812 9837 6485 459 2264 519 0 851 7496 3527 7089 1460 204 5778 2115 925 6802 5527 6533 4620 3398 2701 2773 5585 1508
0 0 0 0 0 0 0 0 0 0 0 0 0 0 0 0 0 1852 8696 9615 9195 9660 9646 9342 9740 9983 7769 9934 8854 9728 8284 7715 9917 9663 9964 9959 9962 8912 4560 9907 9936 9916 9025 9767 7239 283 500 21 7217 8074 3493 0 0 2568 2891 0 0 0 0 1941 8094 7211 4312 1069 0 51 4142 0 0 2848 6629 7578 6806 3647 3964 3540 6707 5078 110 92 0 926 3041 0 3506 3468 3383 4871 5999 5617 4769 4278 7694 6322 6806 6147
0 0 0 0 0 0 0 0 0 0 0 0 0 0 0 0 1398 3160 5268 9915 10000 9970 9685 9310 9785 9594 5645 9102 8361 6509 7798 8795 9552 9710 9733 9264 9270 3758 8206 9287 9886 9876 9861 9821 9736 9104 5013 3142 6718 5740 1479 2351 5711 7184 2933 0 0 0 0 350 508 4237 1331 1072 0 489 554 0 2329 5779 736 6062 9266 9611 9916 9615 9470 5965 3945 1735 2060 4078 0 0 0 0 615 3680 201 1572 6914 7109 5702 7275 8605 5807
0 0 0 0 0 0 0 0 0 0 0 0 0 0 0 0 26 1290 3003 7640 9682 9514 9436 8522 9735 9965 9997 9883 9715 7818 6204 9329 9772 9886 8882 7191 2630 4076 9856 8807 9764 9449 9711 9763 9674 7466 7862 8934 8791 2261 0 5998 2466 0 0 0 0 0 0 0 0 0 0 0 0 1696 649 0 7009 992 3085 1662 8284 5881 6181 1516 5974 8955 1868 4173 7037 2109 2291 0 1154 1544 33 880 327 0 720 5667 6319 4659 4370 9321
0 0 0 0 0 0 0 0 0 0 0 0 0 0 0 0 0 4 0 5704 9799 9561 9538 9849 9948 10000 9968 9019 9513 9572 9616 9763 9842 9621 803 1867 5286 9814 9831 9968 7590 6627 8889 6989 5954 4765 2854 2637 8262 4582 0 0 0 0 0 0 1159 5463 822 0 0 0 0 0 0 0 0 0 234 0 1014 6753 6376 1326 8124 7871 747 6664 9085 8703 8972 5534 6587 1653 4631 6031 4528 6009 4485 0 0 84 8974 4329 6811 6617
0 0 0 0 0 0 0 0 0 0 0 0 0 0 0 0 0 0 0 2869 9956 9947 9887 9927 9869 9930 9337 9186 9655 9985 9935 9704 9974 8794 179 4236 9385 5507 4502 8064 5414 882 0 1 0 0 0 38 2935 63 0 0 0 0 0 295 5852 4223 0 0 0 0 1429 4 6450 389 0 0 31 296 869 1526 6485 887 2344 8446 7465 886 2045 5413 2603 8728 9505 8493 8350 8241 3572 3445 4984 1451 0 0 1740 2987 3319 5371
0 0 0 0 0 0 0 0 0 0 0 0 0 0 0 0 0 0 0 2021 9944 9894 9666 9818 9170 9350 9418 9561 9762 9419 9626 9637 9664 9686 4353 0 2490 1354 6247 7560 9565 1740 0 0 0 0 0 0 0 0 0 0 0 0 0 15 0 628 0 0 0 915 8433 5330 7749 5202 4077 590 0 0 0 0 1157 1369 2126 7434 5692 7985 3861 4280 1413 6087 6302 3756 9803 8649 3716 3439 5498 7593 6650 3108 72 1 7827 3960
0 0 0 0 0 0 0 0 0 0 0 0 0 0 0 0 0 0 0 2564 8910 8890 7744 8959 9216 9711 9702 9355 9654 9440 9310 9611 9196 9525 8888 422 5148 4749 5400 9476 8213 6237 3614 349 0 0 0 0 810 3892 2803 238 0 0 0 0 0 0 0 0 71 3360 9805 9936 9881 9958 7428 313 3416 628 0 0 0 0 641 2521 1776 4998 7098 3944 763 4690 3891 3583 5967 6876 2729 1740 641 0 1258 4644 959 0 2713 5043
0 0 0 0 0 0 0 0 0 0 0 0 0 0 0 0 0 0 509 1 3025 4776 4786 8761 8724 8845 9738 9900 9622 9538 9810 9702 9792 9417 9869 6244 3472 544 504 1737 4079 6936 6822 6136 39 0 0 724 3461 9635 9349 7921 1930 0 0 0 0 0 0 0 859 4875 7353 9789 9808 9776 8855 3358 6988 4357 3961 693 0 0 0 0 0 0 2076 5957 3951 3589 1264 748 7341 6017 7816 9152 976 0 0 0 0 0 0 0
0 0 0 0 0 0 0 0 0 0 0 0 0 0 0 0 0 0 1458 2752 1887 3596 5829 2338 4169 9314 9900 9645 8566 8802 9647 9797 9762 9267 9880 9280 3634 2789 6322 3184 6139 3939 2831 2186 5133 17 1641 5631 4026 9782 9783 9866 8748 4311 4885 0 0 0 0 0 0 374 3579 9769 9863 9737 9730 8918 7289 3786 4742 741 0 0 0 0 0 0 0 590 454 5990 0 758 2513 241 2754 5632 6606 4506 1516 0 983 1447 0 0
0 0 0 0 0 0 0 0 0 0 0 0 0 0 0 0 0 0 0 33 1177 4210 3746 7241 3357 7102 3250 813 88 8476 9758 9862 9629 9948 9902 4659 4295 751 5350 6300 7418 7076 7045 0 3300 4733 3448 6647 4856 6477 3708 4899 8322 9825 8135 0 0 1515 6400 3398 1011 7931 9639 9694 9787 9901 9810 9886 9374 8745 4457 3587 1271 2431 1707 1383 0 0 0 1506 1543 4463 0 2951 233 0 68 1025 3851 3252 3989 5136 7897 3029 23 1037
0 0 0 0 0 0 0 0 0 0 0 0 0 0 0 0 0 0 0 274 3604 2897 7972 9594 9067 7193 9085 2829 0 1506 3160 9803 9955 9977 7842 842 5008 5087 4002 7843 3745 3025 8409 5161 1095 2262 4295 2503 8798 9923 9783 9376 9914 9794 7739 0 4006 6075 8781 9979 9598 9898 9704 9619 9778 9663 9545 9951 9795 9884 7103 5771 6252 5068 4656 154 4101 2563 1788 7912 1045 0 0 0 0 0 0 0 0 0 0 1662 9062 7617 7461 8482
0 0 0 0 0 0 0 0 0 0 0 0 0 0 0 0 0 0 0 2630 1064 0 7246 8420 9921 9794 9321 7216 0 0 2634 9693 5268 4065 87 0 0 0 2195 416 2589 2594 8627 9509 7964 1532 7825 9710 9876 8993 9746 9934 9944 9787 7388 0 0 0 24 2723 9268 5988 4526 9863 9895 9713 9589 9828 9744 9837 9744 8917 6593 6546 4724 4315 9519 6585 6758 7491 3211 7230 4276 4577 2906 2112 385 0 0 0 0 0 668 1017 6481 4997
0 0 0 0 0 0 0 0 0 0 0 0 0 0 0 0 0 0 0 365 0 28 1763 6829 9684 9755 9980 9314 820 0 0 1124 0 0 0 0 0 2616 5871 4962 1285 0 3667 9889 2824 6572 9660 9911 5154 6019 9949 8754 6415 4483 5258 0 0 0 0 2352 1787 4620 9725 9894 9879 9835 9906 9780 9866 8786 9567 3052 6417 9612 9439 9763 9636 9711 9733 9623 9633 9720 9645 8808 6547 3351 1403 25 0 0 0 0 0 3190 2509 5765
0 0 0 0 0 0 0 0 0 0 0 0 0 0 0 0 0 0 0 0 0 4 2894 7341 9448 9449 9975 9059 4400 0 0 0 0 0 0 0 0 57 5113 9591 9567 4968 562 3180 7650 4091 1018 847 9 3057 7601 5352 0 0 0 0 0 0 0 0 0 3163 7648 5981 9097 9820 9924 9615 7828 5130 4808 3742 103 3261 4418 6969 6913 6958 9243 9715 7520 7363 4166 9234 4773 1658 6 0 0 0 0 0 0 0 2308 990
0 0 0 0 0 0 0 0 0 0 0 0 0 0 0 0 0 0 0 0 0 0 1319 3572 9506 9898 9948 9333 9277 1094 0 0 46 119 814 2 0 0 953 4322 6314 9613 7757 19 2639 7265 7307 3376 330 0 0 0 0 0 0 0 0 0 0 0 0 0 0 0 990 1084 2211 7777 2635 3874 6867 5371 2122 2080 2146 3234 1788 2724 2544 4627 789 0 0 119 0 1694 1862 0 0 0 0 0 0 0 0 0
0 0 0 0 0 0 0 0 0 0 0 0 0 0 0 0 0 0 0 0 0 0 1763 8124 9390 8000 7956 9346 9115 860 0 524 7462 9478 9093 4418 1427 0 0 0 3399 9823 9936 2923 0 2070 6291 6086 9550 5674 0 0 0 0 0 0 0 0 0 0 0 0 0 0 0 0 0 1846 4052 6299 6010 4712 8373 7088 5451 4312 5486 3469 0 0 0 0 0 0 272 3957 743 0 0 0 0 0 0 0 0 0
0 0 0 0 0 0 0 0 0 0 0 0 0 0 0 0 0 0 0 0 0 0 7567 9431 8482 9373 9542 9159 8926 291 3195 6136 7209 9324 8617 9965 7378 3421 0 0 5710 8456 6506 7165 7 0 3686 5309 5246 9623 2632 0 0 0 0 0 0 0 0 0 0 0 0 0 0 0 0 0 0 3379 6246 6884 8623 8833 7497 2952 4503 79 2503 1726 3927 4107 4167 5467 6561 4465 15 0 0 0 0 0 0 0 1947 195
0 0 0 0 0 0 0 0 0 0 0 0 0 0 0 0 0 0 0 0 0 2125 7785 9233 9750 9170 9540 9870 6672 4148 7633 8967 8780 9302 8349 7019 9949 8113 671 0 0 1383 0 0 0 0 0 2854 5541 5262 3896 0 0 0 0 0 0 0 0 0 0 0 0 0 0 0 0 0 3956 5166 2388 2601 2377 8657 9789 8974 1685 0 6536 5144 7888 7207 4294 9357 7792 5750 0 0 0 0 0 0 139 0 3425 63
0 0 0 0 0 0 0 0 0 0 0 0 0 0 0 0 0 0 0 0 0 3178 6076 7726 9834 9491 8600 8695 9531 7126 6889 8989 9629 7988 9160 9202 9330 9647 5575 0 0 0 0 0 0 0 0 1754 3983 4372 7693 478 0 0 0 0 0 0 0 0 0 0 0 0 0 0 0 231 371 3204 3254 2634 262 3135 4751 4999 0 0 1858 7593 3352 3446 7826 9193 4642 7187 0 0 0 0 0 715 3169 1964 6022 3259
0 0 0 0 0 0 0 0 0 0 0 0 0 0 0 0 0 0 705 393 0 0 0 3994 9484 9704 9770 9647 6732 4906 8740 9447 8957 8783 8422 8540 8992 7303 5083 0 0 0 0 0 0 0 0 80 2788 2847 4827 3437 0 0 0 0 0 0 0 0 0 0 0 0 0 0 0 2786 8325 3755 3646 2860 1752 297 0 0 0 0 347 82 0 28 82 1778 1043 4240 0 0 0 0 0 6260 7667 2141 8454 5536
0 0 0 0 0 0 0 0 0 0 0 0 0 0 0 0 0 0 6017 9187 2090 0 0 3716 7876 9797 9902 9898 8778 8005 9806 9839 9740 9179 5908 8230 8432 8330 7486 2639 0 0 0 0 0 0 0 0 0 0 135 16 0 0 0 603 0 24 5181 2322 4260 2658 0 0 0 0 0 509 2462 5414 9857 9838 9753 9017 4637 3629 3831 3145 2876 2137 1675 969 0 0 0 340 73 7 0 0 1427 9253 3346 6796 1796 7443
0 0 0 0 0 0 0 0 0 0 0 0 0 0 0 0 0 0 7131 9988 6430 527 171 7644 9948 10000 9607 9638 9961 9238 5252 9582 8963 9071 7442 4634 2685 3189 5682 1800 0 0 0 0 0 0 0 0 0 0 0 0 0 0 0 3708 5709 849 1397 8627 9837 9732 4361 0 0 0 0 0 0 45 7651 9639 9753 9861 9326 9692 9559 9888 9817 9835 9816 9743 7991 5606 4742 8670 9630 9420 2217 2784 6437 4459 2991 4470 5222 2465
0 0 0 0 0 0 0 0 0 0 0 0 0 0 0 0 0 0 4354 9703 9981 7955 932 9242 9966 9786 9522 9925 9552 9810 2977 2843 1157 3593 1280 28 119 171 2794 7794 5341 713 0 0 0 0 0 0 0 0 0 0 0 0 0 229 3373 8718 3188 5165 9903 9874 4682 1531 0 0 0 0 0 0 335 4279 8840 9908 9283 8409 9728 9816 9724 9697 9843 9737 9653 9909 9878 9945 9250 9266 1817 1548 2875 2041 2931 735 1152 1114
0 0 0 0 0 0 0 0 0 0 0 0 0 0 0 0 0 0 621 8878 9764 9998 7119 4151 9784 9691 9771 9935 9194 4738 8981 2839 9396 9656 8535 2571 10 0 0 576 3687 242 0 0 0 0 0 0 0 0 0 0 0 0 0 0 0 8459 7957 8372 6107 9862 6693 4187 0 0 0 0 0 0 0 0 1123 8736 9696 9864 9736 9783 9547 9536 9623 9646 9685 9785 9371 8941 9707 9658 9929 8553 8515 9789 9770 9710 9562 5481
0 0 0 0 0 0 0 0 0 0 0 0 0 0 0 0 0 0 0 1854 7549 9961 9969 5081 7263 9578 9866 9925 9488 1008 2233 5794 4709 7172 8203 9303 3237 622 0 0 0 0 0 0 0 0 0 0 0 0 0 0 0 0 0 0 1633 6299 3841 7256 7358 5674 8646 2384 1351 0 0 4413 3557 0 0 0 0 2919 9718 9859 9725 9598 9790 9934 9814 9753 9514 8448 7270 3024 5426 9539 9660 9742 9618 9822 9545 9856 9736 8893
0 0 0 0 0 0 0 0 0 0 0 0 0 0 0 0 0 0 24 8552 5161 8711 9447 9981 9696 9977 9826 9775 9742 7728 2988 4175 6702 4231 1261 3299 3500 577 11 0 0 0 0 0 0 0 0 0 0 0 0 0 0 0 0 0 2511 5291 5486 9163 7703 2612 3275 8401 6375 37 3815 7993 3748 0 0 0 0 3289 7810 9297 9747 9552 9493 9471 9707 9543 9652 9820 9680 8634 9370 9941 9805 9807 9778 9773 9907 9666 9776 9299
0 0 0 0 0 0 0 0 0 0 0 0 0 0 0 0 0 0 831 9992 8715 6704 6865 7378 9525 9500 9544 9686 9743 9764 5859 931 991 1796 7029 4857 4969 1432 57 0 0 0 0 0 0 0 1226 3197 0 0 0 0 0 0 0 0 3968 5299 5313 7685 3997 7975 3286 3570 9670 5842 1047 4509 1365 0 0 0 0 0 425 2497 5987 4047 9830 9861 9539 9828 9921 9816 9759 9866 9692 9637 8704 9837 9844 9916 9840 9865 9890 9890
0 0 0 0 0 0 0 0 0 0 0 0 0 0 0 0 0 0 62 8825 9982 9967 9921 9960 9849 9888 9739 8640 9926 9566 6280 5450 5881 4378 6175 6119 4676 2807 2354 5503 3225 1249 3396 3801 1799 2509 6064 6561 3987 23 0 0 0 0 0 0 6144 3018 6557 3085 2166 6096 7126 2315 4613 7728 7323 604 0 0 0 0 0 0 0 0 0 2243 9213 9846 9804 9294 3413 4245 9871 9620 9501 5249 8398 9624 9890 9899 9846 9900 9530 9522
0 0 0 0 0 0 0 0 0 0 0 0 0 0 0 0 0 0 0 5970 9988 9938 8541 9896 9992 9918 9733 9692 9837 9995 9630 5290 6758 8979 6499 7087 1866 6600 9363 9834 8965 8915 9370 9863 9436 9680 9791 9898 8421 1405 616 5996 3946 849 462 97 3408 1453 6661 747 3502 8020 9283 9698 6792 2965 4226 0 0 0 0 0 0 0 0 0 0 0 4975 6840 4259 693 3 7899 6965 8656 1530 3302 8622 9449 9394 9422 8947 8014 4762 4762
0 0 0 0 0 0 0 0 0 0 0 0 0 0 0 0 0 0 0 444 6290 6769 9592 7312 9788 9715 9694 9724 9910 9996 9552 8083 3486 3054 2643 4706 8665 9877 9851 9940 5575 7552 2728 2737 1704 235 1445 5988 4232 4774 9038 6512 5966 8005 8951 4638 1456 105 2150 0 0 2537 908 6638 7304 6067 3178 0 0 0 0 0 0 0 0 0 0 0 5046 9706 9781 8392 4316 3606 260 710 147 8469 3971 7580 9567 9599 7447 8932 8736 8993
0 0 0 0 0 0 0 0 0 0 0 0 0 0 0 0 0 0 0 629 2012 2434 4953 8534 9866 9599 7490 9894 9906 9613 9884 8829 4581 8782 9885 9723 9806 9810 9738 9246 3750 280 350 0 0 0 0 210 4844 5964 9530 6989 6128 3693 4260 7603 7750 181 0 0 0 0 0 0 2423 4486 3763 0 0 0 0 0 0 0 0 0 0 0 13 2496 8948 9843 9599 5337 4083 6367 4527 2266 88 5479 4774 6581 164 3344 4677 7426
0 0 0 0 0 0 0 0 0 0 0 0 0 0 0 0 0 0 0 1667 8143 4887 1843 9178 9815 9552 904 5739 8780 7863 7813 10000 9784 9644 7779 5580 6958 9765 9481 9789 9947 9467 6869 6087 5428 1064 1158 14 0 2645 9397 9925 9816 9403 3626 815 25 0 0 0 0 0 0 0 0 2 1683 0 0 0 0 0 0 0 0 0 0 0 3872 3406 1257 7479 8511 9344 9217 8943 9338 1298 453 3802 2583 4125 4728 7682 9522 9681
0 0 0 0 0 0 0 0 0 0 0 0 0 0 0 0 0 0 0 0 2772 7170 5521 8044 9897 7619 1200 51 2375 5870 3642 7015 9376 1080 0 128 918 1973 7181 8971 9235 9895 9396 9960 9892 9056 9608 5630 2130 1489 7858 7685 8003 8840 7351 1266 0 0 0 0 0 0 0 0 0 0 0 1443 910 0 0 0 0 0 0 529 4321 7025 9560 4285 2884 988 0 330 7300 9173 9685 4847 824 9059 9630 9672 9842 9184 9696 7486
0 0 0 0 0 0 0 0 0 0 0 0 0 0 0 0 0 0 0 0 5167 9888 9144 7578 9958 9788 8589 299 3494 4037 7641 1636 8344 6786 1785 1525 2856 120 224 4783 6589 4454 5121 8978 9754 9888 9893 9787 8520 1876 1183 1377 2104 4852 7191 517 0 0 0 1409 4457 492 0 0 0 0 4219 8532 4894 0 0 0 0 4115 5495 9317 4816 1953 8450 9895 8915 8820 1871 0 268 8346 9599 9011 3428 5762 5362 3107 2628 3049 3856 2653
0 0 0 0 0 0 0 0 0 0 0 0 0 0 0 0 0 0 0 0 1853 9766 9900 9671 9028 8849 8667 1490 5052 3030 4833 5249 3465 6484 7223 8373 9136 1563 0 1984 2416 247 1278 5613 5504 8502 9076 8873 8142 9380 6644 4256 75 4778 6659 7451 5890 5696 6586 9592 9878 5275 3793 1126 0 0 4896 7286 8593 0 0 0 2097 8544 5791 3564 1634 8081 4921 7395 3248 5506 8323 536 993 1892 7524 9442 5688 3832 4262 5876 5990 1650 0 0
0 0 0 0 0 0 0 0 0 0 0 0 0 0 0 0 0 0 0 0 202 4608 8481 9053 7874 7667 9378 7182 1267 698 4821 2320 3847 9992 9910 9999 9631 4234 4934 8768 3212 8548 6773 2721 2228 4278 7342 3924 2929 6673 4355 1564 0 1272 4028 1288 4234 8219 7680 5881 9512 9519 9857 1329 361 0 0 6816 2709 4231 2750 375 0 0 147 964 9544 8645 1897 6371 390 6718 8396 7010 6573 6450 7573 9303 9677 9069 2869 2572 9678 8454 508 2107
0 0 0 0 0 0 0 0 0 0 0 0 0 0 0 0 0 0 0 0 0 3643 6507 7334 8772 9662 9920 9965 5640 0 1634 5741 7402 9689 9958 8757 4465 6406 7446 9860 8587 9871 9828 9198 7324 4792 4022 1722 90 1540 1556 0 0 0 0 0 3497 2467 4696 4006 8002 8492 7853 3325 1276 0 0 6984 6217 677 1457 2173 0 0 41 5630 9930 2411 1837 4381 6138 4789 5281 8005 1488 9303 9715 8973 9366 9488 9623 2793 7576 9292 6948 4413
0 0 0 0 0 0 0 0 0 0 0 0 0 0 0 0 0 0 0 0 0 2290 8993 9558 9879 9894 9844 9905 5155 0 2885 5713 3578 8297 8275 9095 6153 4997 4442 6642 9549 9610 9538 9868 9454 9664 6891 4392 2444 0 0 0 0 0 0 0 0 0 1761 7940 4307 7210 1089 0 0 0 0 1680 5244 3142 1967 0 0 0 770 3774 7138 1 6087 8813 9601 7239 5566 213 0 4200 5790 517 6098 8341 9729 7950 8284 9274 9640 9455
0 0 0 0 0 0 0 0 0 0 0 0 0 0 0 0 0 0 0 0 0 0 8064 9945 9949 9922 9608 9832 5982 322 4066 4821 8652 7352 7087 9784 9079 1975 6101 7339 9691 9778 9282 9839 9819 9514 9671 9807 5938 1601 841 90 310 0 159 2891 242 0 1009 7358 766 105 0 0 0 0 0 0 2154 8722 3601 1744 0 0 1893 9433 878 0 1869 4266 1973 876 4 0 205 132 28 0 0 2 5610 8258 9346 9095 8996 4891
0 0 0 0 0 0 0 0 0 0 0 0 0 0 0 0 0 0 0 0 0 0 1588 9583 9885 9772 9848 9899 6921 2971 5129 6394 9902 8227 5821 4903 9637 6951 2818 8153 8302 7216 9709 9339 9847 9876 9878 9685 9456 3231 4179 3749 7580 8456 7166 4187 3175 2619 365 2812 0 0 0 0 0 0 0 12 7318 2245 8645 7994 5011 2904 3582 9433 9 0 0 0 0 0 0 0 1391 6549 5916 1725 987 0 47 1682 4637 2611 788 1499
0 0 0 0 0 0 0 0 0 0 0 0 0 0 0 0 0 0 0 0 0 0 16 8502 9913 9866 9743 9962 4437 4822 9971 9941 9938 7605 9500 9720 9685 9799 9621 9484 8792 3771 9738 9523 9843 9527 9616 9683 5901 6859 5281 9541 9819 9906 8141 7713 6063 6031 4727 1525 175 295 0 0 0 0 0 195 8042 3742 5429 9885 2929 450 1453 3353 0 0 0 0 0 0 0 0 1330 1217 6683 5355 599 55 1685 858 0 0 0 0
0 0 0 0 0 0 0 0 0 0 0 0 0 0 0 0 0 0 0 0 0 0 0 3326 9264 9905 9904 9859 3823 8542 9975 9880 9966 6810 5699 7186 9934 6977 9019 9764 8062 3183 7000 9706 9756 9740 9552 9432 7949 9631 9482 9794 9808 9565 9787 9174 5387 3607 4223 4298 4387 5385 2966 271 0 0 0 0 5958 2311 1316 7191 4531 2139 828 328 0 0 0 0 0 1907 3137 3034 5247 5459 785 5373 5706 1962 9231 4981 1160 244 195 5599
0 0 0 0 0 0 0 0 0 0 0 0 0 0 0 0 0 0 0 0 0 0 0 1356 9873 9823 9796 9893 6852 9761 9793 9898 9749 8432 6262 3625 9711 9896 6412 8920 8005 4054 4629 9483 9552 9753 9796 8184 9702 9880 9456 8752 9904 9839 9508 9753 8354 7811 3673 4046 6737 7090 4603 0 0 0 0 0 2443 5505 1196 4641 8035 9842 6175 3595 0 0 0 0 1092 4931 6702 198 5267 3912 1651 7 5381 2686 6485 8299 1832 2477 0 1316
0 0 0 0 0 0 0 0 0 0 0 0 0 0 0 0 0 0 0 0 0 0 0 4476 9784 9891 9815 9527 9611 9745 9724 9488 9710 7557 4974 3186 9703 8932 6435 9844 5449 3728 5869 8823 8749 9627 9697 9340 9813 9883 9832 9794 8571 9845 9394 9701 9887 9860 9036 9313 9722 4381 147 0 0 0 0 0 1990 3693 3397 6810 6077 8876 9860 5438 0 0 0 0 2322 5233 4195 550 5404 1309 4460 459 5421 5232 8313 9718 6554 7832 3538 60
0 0 0 0 0 0 0 0 0 0 0 0 0 0 0 0 0 0 0 0 0 0 0 2342 9879 9892 9930 9638 9693 9261 9664 9943 9772 9908 7416 11 4193 5231 4062 4408 5190 4904 3559 9072 9423 9753 9899 9841 9260 9333 9762 9741 9575 9453 9444 8925 2270 7838 9404 9879 9696 3070 0 468 0 0 0 0 0 0 1554 4163 4751 7672 7736 3344 0 0 0 3531 3732 1405 5166 0 8378 6840 1811 6117 9826 9698 9657 9704 9347 8855 5872 0
0 0 0 0 0 0 0 0 0 0 0 0 0 0 0 0 0 0 0 0 0 0 0 183 2512 6289 6673 9179 8287 8786 9392 9893 7950 7535 7166 1947 1157 6353 5539 8788 4866 1133 1366 3328 8237 9593 9894 9673 9528 9280 9218 9542 7046 8386 9789 8059 7677 1620 4613 8628 8728 2030 3670 8123 4357 0 0 0 0 0 0 3146 1350 200 161 2819 2194 0 0 3715 4980 1211 1048 0 6086 8082 2382 6471 9899 9841 9041 6133 1468 1864 1956 0
0 0 0 0 0 0 0 0 0 0 0 0 0 0 0 0 0 0 0 0 0 0 0 619 8628 9904 9831 9467 9901 9302 9137 9276 7644 2395 6122 4433 164 7669 2685 216 749 5045 3156 5970 4086 9689 9733 9838 9793 9713 9134 9483 4762 3430 4870 3707 4631 7496 2574 3279 8079 6555 1389 1972 1096 0 0 0 0 0 0 676 0 0 4175 6396 3023 0 0 4657 7955 5966 3259 2979 389 6419 8476 9694 9899 9550 9139 60 0 0 0 0
0 0 0 0 0 0 0 0 0 0 0 0 0 0 0 0 0 0 0 0 0 0 0 0 4281 7712 7517 9790 9693 9851 4808 2706 887 4772 2525 4836 0 7740 3361 1969 114 2744 5941 3989 4961 9736 9767 9660 9921 9925 8858 7822 9695 6826 11 4967 3317 5072 9678 8534 4139 4951 0 0 0 0 0 0 0 0 0 0 0 0 5121 5200 7641 439 0 8569 6648 8934 3223 4107 1871 2966 6305 9812 9750 9885 9980 2932 0 0 0 621
0 0 0 0 0 0 0 0 0 0 0 0 0 0 0 0 0 0 0 0 0 0 0 0 2459 5568 4256 9767 9824 9818 7051 6786 1867 2986 7348 541 0 6499 5918 8279 8795 9348 9131 4204 7776 9864 9727 8996 9676 9742 9342 9359 9830 7255 311 1315 2812 2365 5396 9673 7419 2825 0 0 0 0 0 0 0 0 0 0 0 0 705 1174 5308 4399 132 2656 3749 569 3029 5476 3748 3378 2772 8244 9864 9685 9537 6292 2897 0 0 0
0 0 0 0 0 0 0 0 0 0 0 0 0 0 0 0 0 0 0 0 0 0 0 0 1542 7485 3310 8360 9837 9841 8963 9763 7187 5977 7722 0 0 7706 4633 6281 5258 9341 9397 9473 9786 9730 9663 9450 9509 9732 9621 9412 4351 2799 777 0 0 0 828 3044 6832 5316 822 0 0 0 0 0 0 0 0 0 0 407 2225 3367 3759 8173 6329 0 276 0 5632 7960 3218 4899 3319 8531 9845 9453 9714 7334 4460 965 0 1888
0 0 0 0 0 0 0 0 0 0 0 0 0 0 0 0 0 0 0 0 0 0 0 0 4955 4749 2098 3893 3703 9866 9859 9798 9897 9982 5045 1055 1154 2920 4297 9104 4072 4136 9131 9137 9476 9949 9538 9429 9379 9725 9668 9541 6152 8438 4994 581 0 0 2115 6016 3375 7595 5632 541 0 0 0 4024 727 0 0 0 0 3393 6451 6711 4748 4797 3908 0 0 0 2569 8385 7983 2121 3253 9100 9714 9844 9977 8097 3495 2159 0 713
0 0 0 0 0 0 0 0 0 0 0 0 0 0 0 0 0 0 0 0 0 0 0 0 1071 4969 3426 4437 8029 9663 9658 7740 8697 5623 3832 3258 7831 4971 7868 9223 4333 5567 9632 9325 9437 9699 9695 9819 9670 9730 9549 9617 5826 567 2631 386 0 0 972 301 7520 9372 1432 4896 848 0 0 6491 314 0 0 0 0 5224 9762 4890 5849 8357 131 0 0 0 2209 8337 6698 187 5833 5379 9886 9773 9580 9857 7848 2079 0 0
