gis_files/floamy.asc
ncols         625
nrows         694
xllcorner     895000
yllcorner     515000
cellsize      5000
NODATA_value  -9999
[rows 171 to 227 of 694, columns 96 to 191 of 625]
0 0 0 0 0 0 0 0 0 0 0 0 0 0 0 0 0 0 0 0 0 0 0 0 0 0 0 0 0 0 0 0 0 0 0 0 0 0 0 0 0 0 0 1432 7343 9674 9660 9764 9665 9750 9731 9346 9426 9102 4300 5798 3441 9476 9497 9163 8902 8635 4958 6053 2230 8083 9068 9547 8911 9275 9595 9389 9402 9437 9935 9108 9316 9270 9753 9013 9508 9601 6418 9330 9345 9267 9487 9510 9348 9222 8705 9528 9499 2546 2890 3125
0 0 0 0 0 0 0 0 0 0 0 0 0 0 0 0 0 0 0 0 0 0 0 0 0 0 0 0 0 0 0 0 0 0 0 0 0 0 501 3183 5272 6020 7370 9522 9696 9627 9567 9530 9692 9817 9840 8848 9784 9278 8695 6943 8174 6488 5212 7692 3250 4323 6323 9109 5179 6661 9193 9339 9075 9543 9376 7546 8013 5885 9065 9683 9496 8494 9198 9344 9140 9441 9435 9529 9336 8980 9102 9492 9397 9331 9310 9542 5776 1709 4840 8963
0 0 0 0 0 0 0 0 0 0 0 0 0 0 0 0 0 0 0 0 0 0 0 0 0 0 0 0 0 0 0 0 0 0 0 0 1749 5324 9478 9725 9599 9787 9763 9851 9660 9573 9796 9797 9537 9649 9867 9875 8398 3968 5522 8876 8604 2455 1065 5324 7203 8082 4254 4625 7423 9320 9361 9498 9208 9454 9416 8896 6782 6971 6833 9443 9493 9563 9352 9452 9449 9347 9060 9552 9558 9543 9427 9519 9173 9364 9718 9757 3156 8427 9752 9746
0 0 0 0 0 0 0 0 0 0 0 0 0 0 0 0 0 0 0 0 0 0 0 0 0 0 0 0 0 0 0 0 0 0 0 1268 9750 9394 9652 9370 9332 9701 9687 9669 7960 7634 9833 9286 9701 9796 9419 9575 9541 9453 9495 9863 9963 7760 7201 7798 5221 1126 5585 2276 845 3866 7548 9098 5118 8579 7860 5950 5573 9189 6054 9484 9126 9061 9279 9712 9380 9597 9127 9182 9437 9565 9466 9225 9453 9288 9511 9577 8710 9783 9926 9676
0 0 0 0 0 0 0 0 0 0 0 0 0 0 0 0 0 0 0 0 0 0 0 0 0 0 0 0 0 0 0 0 0 0 0 4774 9754 9675 9618 8987 9660 9910 9750 9819 5180 6012 9790 9366 9850 9638 8551 9297 9068 6453 9869 9355 5507 9334 8066 8620 3483 4687 676 5027 7277 5441 4007 3170 2476 2238 6159 5052 4892 5983 9286 9276 9259 7590 9521 9456 9652 9587 7807 9336 9524 9338 9350 7921 9665 9542 9667 9709 9655 9372 9527 9777
0 0 0 0 0 0 0 0 0 0 0 0 0 0 0 0 0 0 0 0 0 0 0 0 0 0 0 0 0 0 0 0 0 0 127 8713 8773 9549 9701 9581 9820 9817 9581 9742 9141 8647 6492 8636 9931 9497 5710 1034 941 0 3244 6989 1013 305 6364 3442 5962 7100 4481 9679 9606 9438 8620 2366 8757 6422 2690 5372 8825 9261 9487 9040 9257 9530 8529 9150 8735 9461 9290 9056 9601 9268 9454 9489 9069 9471 9587 9627 9787 9382 9760 9544
0 0 0 0 0 0 0 0 0 0 0 0 0 0 0 0 0 0 0 0 0 0 0 0 0 0 0 0 0 0 0 0 0 0 2827 9704 9700 9740 9558 9909 9745 9587 9640 9468 9676 9463 8818 9461 9718 8428 6328 6918 6571 6681 9135 9618 8526 7449 9683 9754 9741 7541 5177 2880 7413 9784 7628 9413 9552 8740 7387 4492 5460 9378 9439 9440 9311 9720 9340 9368 8556 9367 9671 9476 8925 9672 9550 6239 7921 9694 9705 9658 9635 9756 9612 9495
0 0 0 0 0 0 0 0 0 0 0 0 0 0 0 0 0 0 0 0 0 0 0 0 0 0 0 0 0 0 0 0 0 0 6371 9664 9707 9680 9642 9614 9685 9622 9632 9695 9661 9671 9835 9674 9517 9944 9733 9557 9588 9844 9671 9715 8175 9627 9816 9176 4420 707 0 0 1162 3346 7464 7277 9557 8520 3996 4754 9398 9180 8992 9458 9665 9200 9243 9363 9580 9658 8431 9230 9404 9219 9399 5847 9163 9709 9581 9649 9569 5729 4930 9709
0 0 0 0 0 0 0 0 0 0 0 0 0 0 0 0 0 0 0 0 0 0 0 0 0 0 0 0 0 0 0 0 0 497 9320 9656 9663 9797 9764 8833 9559 9707 9682 9525 9860 9604 9771 9766 9704 9669 9826 9856 9369 9798 9931 9941 9919 9987 9650 9230 4792 5677 0 0 5406 6412 9864 9030 9673 8884 4007 9565 9668 9477 9411 9126 9514 9702 9202 9424 9278 9523 9581 9542 9219 9338 9377 9442 9562 9590 4843 6862 9609 8778 8745 9322
0 0 0 0 0 0 0 0 0 0 0 0 0 0 0 0 0 0 0 0 0 0 0 0 0 0 0 0 0 0 0 0 0 3615 9692 9726 9277 9654 9679 9592 9649 9747 9455 9753 9403 9845 9661 9819 9781 9861 9536 9805 9844 9936 9519 9620 9615 9789 9399 9740 9875 566 0 308 3759 5577 4752 3910 3833 3850 462 7071 9244 9118 9378 9725 9196 9022 9564 9496 9775 9547 9158 9569 6975 9674 9456 9569 9434 9679 8098 8476 9326 9445 9784 9663
0 0 0 0 0 0 0 0 0 0 0 0 0 0 0 0 0 0 0 0 0 0 0 0 0 0 0 0 0 0 0 0 0 7143 9817 9645 9692 9825 9794 9644 9763 9449 9604 9652 9837 9788 9539 9814 9172 9505 9864 9597 7155 6686 9488 9697 9750 9852 9366 9408 3624 0 0 3046 1756 0 303 2884 6432 9102 3250 3455 9293 9687 9613 9558 9831 8624 9462 9511 9280 9784 9653 9633 9523 9821 9738 9763 9718 9772 9128 9173 9524 9367 9454 9716
0 0 0 0 0 0 0 0 0 0 0 0 0 0 0 0 0 0 0 0 0 0 0 0 0 0 0 0 0 0 0 0 2405 9989 9804 9794 9747 9759 9617 9678 9612 9381 9884 9772 9805 9768 9756 9779 9818 9563 9743 9829 7167 8662 9501 9608 9650 9700 9587 6480 4169 3133 597 7551 9419 8827 9022 9486 9241 9840 9015 1941 4909 8949 9482 9676 9607 9669 9571 9671 9545 9866 9807 9618 9773 9825 9579 9733 9111 9594 9749 9512 9598 9818 9851 9416
0 0 0 0 0 0 0 0 0 0 0 0 0 0 0 0 0 0 0 0 0 0 0 0 0 0 0 0 0 0 0 119 8340 9843 9840 9818 8823 9600 9557 9814 9444 9637 9900 9905 9701 9490 9407 9580 9674 9719 9126 9849 9552 9184 9809 9285 8946 9373 9292 7202 5025 170 5216 9693 9606 9484 7279 4659 9514 8126 3478 9389 9881 9687 9546 9590 9619 9776 9686 9837 9672 9757 9832 9764 9876 9850 9747 9732 7413 9584 9614 9672 9784 9741 9620 9101
0 0 0 0 0 0 0 0 0 0 0 0 0 0 0 0 0 0 0 0 0 0 0 0 0 0 0 0 0 0 0 4398 9773 9819 9801 9679 9535 9794 9814 9847 9667 9583 9772 9654 9714 9678 9768 9728 8101 9540 9640 9322 9845 9988 9952 9585 9856 9700 9268 6310 6469 8195 9769 8729 8600 9385 8255 2327 2764 362 5148 8289 9549 9517 9337 7252 9791 9720 9914 9855 8436 9777 9564 9398 9590 9691 9671 9494 9726 9737 9686 10000 9682 9494 9951 9726
0 0 0 0 0 0 0 0 0 0 0 0 0 0 0 0 0 0 0 0 0 0 0 0 0 0 0 0 0 0 1075 9216 9869 9868 9804 9609 9762 9672 9785 9590 9645 9684 9898 9771 9544 9758 9385 9503 9257 9495 9888 9769 9891 9738 9459 9395 9621 9578 9892 9463 9046 6050 2118 4354 9119 9470 9657 6287 5116 8378 3993 3827 9723 9677 9471 8792 9578 9786 9683 9792 9874 9908 9708 9537 9714 9726 9993 9728 9771 8845 9709 9866 9800 9612 9142 9626
0 0 0 0 0 0 0 0 0 0 0 0 0 0 0 0 0 0 0 0 0 0 0 0 0 0 0 0 0 0 6638 9718 9669 9693 9687 9693 9802 9737 9803 9786 9592 9762 9863 9613 5286 7467 9691 9593 9884 9762 9408 9805 9667 9673 9364 9630 9099 9336 9597 9421 9232 6162 5086 5769 5959 9522 9759 9592 9920 9751 9417 4607 9828 9650 9578 9721 9827 9723 9511 9544 9726 9697 9790 9739 9935 9907 9761 9740 9725 9683 9773 9653 9852 9669 9762 9678
0 0 0 0 0 0 0 0 0 0 0 0 0 0 0 0 0 0 0 0 0 0 0 0 0 0 0 0 0 2101 9786 9716 9799 9773 9499 9639 9719 9796 9893 9742 9479 9676 9624 9846 9359 9077 9652 8866 6261 6917 8253 8317 9616 9589 9783 9356 9699 9746 9893 9869 9756 9995 9664 9712 10000 9938 9484 9558 9358 2208 3870 9470 8954 8809 9664 9493 9754 9817 9600 9846 9677 9579 9981 9926 9942 9836 9724 9751 9711 9771 9613 9786 9514 9733 9470 9687
0 0 0 0 0 0 0 0 0 0 0 0 0 0 0 0 0 0 0 0 0 0 0 0 0 0 0 0 96 7778 9793 9695 9667 9666 9683 9707 9742 9705 9726 9742 9681 9839 9844 9857 8761 7017 8382 7417 8457 9414 9364 9474 7498 9087 9237 9764 9350 9930 8397 6048 8700 7832 9674 9636 9312 9739 5017 3499 1346 0 0 4036 6581 8624 9885 9902 9746 9826 9360 9667 9787 9723 9926 8980 9118 8883 9589 9947 9874 9730 9850 8741 9575 9475 9638 9259
0 0 0 0 0 0 0 0 0 0 0 0 0 0 0 0 0 0 0 0 0 0 0 0 0 0 0 79 6511 10000 9628 9659 9883 9620 9746 9789 9375 9179 9491 9738 9743 9113 9334 9872 9969 7411 7911 9102 9977 9158 9952 9645 9356 8267 8397 8953 9722 9746 5595 0 0 6504 8323 563 3712 4028 2030 0 0 0 1773 4946 3383 4547 6023 7432 9726 9687 9708 9781 9912 9747 9647 9733 7975 6871 9848 9725 9672 9771 9613 8286 4134 9626 9702 9759
0 0 0 0 0 0 0 0 0 0 0 0 0 0 0 0 0 0 0 0 0 0 0 0 0 0 0 5065 9996 9746 9715 9115 9947 9795 9779 9649 9666 9550 9609 9592 9899 9630 9455 9699 9718 206 8788 9741 9782 9494 9603 9833 9460 9640 9358 9815 9664 9706 9493 4538 4627 9331 8000 3064 3245 3799 2199 0 0 0 4307 9717 9751 9566 4968 872 4893 9862 9788 9765 9932 9845 9770 9342 5215 9515 9870 9873 9863 9541 9532 9543 9614 9712 9605 9698
0 0 0 0 0 0 0 0 0 0 0 0 0 0 0 0 0 0 0 0 0 0 0 0 0 0 1145 9798 9933 9810 9829 8456 9786 9675 9519 9868 9763 9800 9928 9956 9803 9436 9731 9910 9670 1088 4613 3282 2951 3364 4529 7272 9681 9656 9825 9639 9527 9498 9900 9946 9642 9217 1297 0 0 0 287 0 0 1993 5051 8221 4799 9833 5751 0 2 3173 9874 9002 8794 8816 9753 9735 9825 9877 9837 9694 9570 9769 9730 9974 9545 9544 9814 9506
0 0 0 0 0 0 0 0 0 0 0 0 0 0 0 0 0 0 0 0 0 0 0 0 0 0 5466 9988 9814 9552 9660 9653 9404 9418 9610 9584 9712 9975 9755 9965 9911 9961 9715 9713 10000 7946 5355 3497 2633 2473 1274 0 1609 7759 9658 9771 9854 10000 9573 9920 9936 9943 1083 0 0 1021 8092 3577 56 5137 607 0 0 1934 119 0 0 0 8471 7871 2704 4509 9440 9851 9809 9881 9692 9733 9797 9416 9518 9788 9483 9555 9589 9427
0 0 0 0 0 0 0 0 0 0 0 0 0 0 0 0 0 0 0 0 0 0 0 0 1739 6061 9777 9714 9710 9596 9542 9540 9653 9809 9872 9926 9786 9781 9664 9749 9971 9815 9698 9865 9800 9667 9874 9916 10000 9648 8217 0 0 236 5690 9332 9940 9121 9169 9768 9899 9702 6283 6868 8294 9702 9833 9728 9524 8033 5169 4050 5280 1882 0 0 0 0 5883 8967 4090 5692 4659 8187 9512 8283 9645 9716 9557 9404 9937 9433 9763 9251 9734 9373
0 0 0 0 0 0 0 0 0 0 0 0 0 0 0 0 0 0 0 0 0 344 3819 7570 9946 10000 9944 9709 8648 9217 9696 9794 9769 9672 9991 9666 9908 9746 9751 9844 9821 9838 9847 9748 9604 9756 9708 9895 9797 9654 9334 720 0 0 0 1022 2126 312 338 5768 9830 9966 9641 9811 9474 9818 10000 9971 9932 9928 9903 9839 9225 8544 2150 2998 8690 8397 9648 9811 9633 9536 8782 9470 9316 7582 9544 9584 9653 9713 9850 9635 9768 9857 9435 9721
0 0 0 0 0 0 0 0 0 0 0 0 0 0 0 0 0 0 0 53 3265 8649 10000 10000 9872 9833 9799 9446 9408 9714 9806 9999 9997 9976 9889 9854 9774 10000 10000 10000 9370 9990 9960 9815 9702 9986 9930 8426 3966 2349 7290 4979 0 0 0 0 0 0 0 4162 9783 9507 9828 9888 7588 8740 9932 9558 8697 3534 4416 8713 6599 0 0 4611 9887 9913 9718 9909 9801 9844 9887 9552 9766 9761 9532 9704 9673 9497 9467 9688 9267 9700 9656 9173
0 0 0 0 0 0 0 0 0 0 0 0 0 0 0 0 0 0 2254 7836 10000 9881 9995 9775 9886 9673 9411 9690 9728 9890 8991 4875 3786 9929 9831 9519 9837 9997 9855 9953 10000 9927 9883 9968 9711 9454 9058 1051 0 0 3 17 0 0 0 0 0 0 0 831 9433 10000 9986 5564 1911 9878 9819 9880 6146 0 0 0 38 0 0 2491 8433 9904 9692 9925 9769 9677 9795 9868 9880 9528 9892 9268 9607 9930 9636 9145 9926 9577 9602 9835
0 0 0 0 0 0 0 0 0 0 0 0 0 0 0 0 1523 6474 9956 10000 9991 9713 9677 9696 9614 9592 9860 9737 9862 7412 1119 0 406 9734 9743 9870 9974 10000 9928 10000 9553 10000 9905 9896 9760 9239 3286 0 0 0 31 1668 0 0 0 0 0 0 0 0 3839 9926 9859 1185 3727 9905 9926 9966 4726 0 0 0 0 0 0 0 0 6183 9682 9919 9719 9808 9744 9830 9641 9697 9674 9710 9994 9170 9731 9241 9479 9564 9636 9735
0 0 0 0 0 0 0 0 0 0 0 0 0 0 0 4818 9729 10000 9938 9839 9806 9772 9588 9760 9479 9325 9912 9928 9704 892 0 1251 6947 9665 9918 10000 10000 9918 9865 10000 9999 9920 9711 9670 8655 1414 165 6648 5790 4110 6126 9752 5615 502 5093 6441 3402 0 6 545 5604 9918 9901 542 1170 3850 9748 9892 7186 0 0 0 0 0 0 0 0 263 4629 9830 9638 9738 9928 9759 9825 9905 9526 9666 9741 9468 9706 9669 9925 9702 9561 9711
0 0 0 0 0 0 0 0 0 0 0 0 0 28 4626 9978 9941 9904 9805 9839 9855 9964 9938 9820 9768 9749 9967 7632 4366 1263 5833 8079 8107 9990 9696 10000 10000 10000 10000 10000 9957 9809 9839 9793 8551 832 11 8299 10000 9651 9513 9923 9088 1754 7355 9997 5764 3874 8884 9704 9644 9828 7257 0 0 8007 9862 9936 9491 45 0 0 0 0 0 0 0 610 5490 9928 9777 9912 8071 9418 9409 9575 9812 9738 9364 9474 9803 10000 9620 9882 9672 9615
0 0 0 0 0 0 0 0 0 0 0 0 0 4287 9996 9936 9899 9953 9886 9877 10000 9890 10000 8068 6778 9912 8714 6052 0 2784 9935 9808 9934 10000 10000 9831 9996 3417 7127 10000 9882 10000 9644 9100 9966 7116 531 1857 6412 3415 6264 9980 8011 420 0 686 0 6833 9768 9776 9826 9788 5947 0 0 8747 9842 9947 8900 3 0 0 0 0 0 0 0 1520 8484 9849 9743 4018 1215 4891 6410 7906 9680 9424 3018 7918 9678 9468 9717 9162 9704 9557
0 0 0 0 0 0 0 0 0 0 0 0 0 810 7430 9936 9950 10000 10000 9476 9971 9952 4208 1336 0 4565 2204 3217 0 104 8262 9781 9781 9735 10000 10000 9223 1152 9184 10000 9934 9945 10000 9943 9817 10000 2600 0 0 0 766 6756 10000 7653 0 0 0 5369 9997 9690 8857 6938 6390 0 0 0 153 1025 208 0 0 0 0 0 0 0 0 1974 6786 7229 3286 20 0 0 0 805 8711 9608 7716 9484 9714 9777 9455 9709 9784 9645
0 0 0 0 0 0 0 0 0 0 0 0 0 0 1381 9610 9931 9833 9894 9886 9875 9975 2041 0 0 0 0 0 0 0 6803 9979 10000 10000 10000 10000 5901 3444 9901 9649 9787 9959 9573 9593 9597 9884 2217 0 0 0 1209 5260 9985 9027 0 1 1834 7658 9688 9905 6831 41 268 0 0 0 0 0 0 0 0 0 0 0 0 0 0 2112 4661 4 0 0 0 0 0 4562 5193 9116 9588 9812 9636 7376 5277 9776 9816 9878
0 0 0 0 0 0 0 0 0 0 0 0 0 0 0 2677 5333 9288 7573 8225 7063 5155 2232 0 0 0 0 0 0 995 9360 10000 9808 10000 9814 4277 43 3628 9810 10000 9967 9697 9896 9906 9467 9689 7564 1547 0 142 9309 9888 9865 8602 0 4023 10000 10000 9969 9982 5342 0 0 0 0 0 0 0 0 0 0 0 0 0 0 0 0 0 56 0 0 0 0 0 0 1569 290 3580 8186 8399 9831 8872 8952 5833 9566 9760
0 0 0 0 0 0 0 0 0 0 0 0 0 0 0 0 0 218 0 0 0 0 0 0 0 0 0 0 1170 8288 10000 9968 10000 9975 6035 0 0 684 9370 9682 9986 9762 9952 9714 10000 9758 9444 6709 104 0 817 4686 6167 1741 0 3148 4540 7261 6685 4559 551 0 0 0 0 0 0 0 0 0 0 0 0 0 0 0 0 0 0 0 0 0 0 0 0 0 0 0 42 1179 8561 9122 6418 7902 9832 9498
0 0 0 0 0 0 0 0 0 0 0 0 0 0 0 0 0 0 0 0 0 0 0 0 0 0 0 2015 9450 10000 10000 10000 9956 10000 8948 7303 6747 6239 9206 10000 9875 9854 9695 9608 10000 10000 9659 9913 1777 0 0 0 0 0 0 0 0 0 0 0 0 0 0 0 0 0 0 0 0 0 0 0 0 0 0 0 0 0 0 0 0 0 0 0 0 0 0 0 0 1647 8132 7728 9829 9358 9571 9313
0 0 0 0 0 0 0 0 0 0 0 0 0 0 0 0 0 0 0 0 0 0 0 0 0 0 250 8638 10000 9716 10000 9956 9805 9692 10000 10000 9851 9815 9845 9848 9767 6261 9864 10000 9656 9904 9887 7221 121 0 0 0 0 0 0 0 0 0 0 0 0 0 0 0 0 0 0 0 0 0 0 0 0 0 0 0 0 0 0 0 0 0 0 0 0 0 0 0 0 1365 4394 7320 9881 9853 9647 9294
0 0 0 0 0 0 0 0 0 0 0 0 0 0 0 0 0 0 0 0 0 0 0 0 0 0 1829 10000 9969 10000 10000 9921 9651 10000 9900 9826 9844 9683 9991 9469 9555 9834 10000 10000 10000 9475 3154 0 0 0 0 0 0 0 0 0 0 0 0 0 0 0 0 0 0 0 0 0 0 0 0 0 0 0 0 0 0 0 0 0 0 0 0 0 0 0 0 0 0 2636 7272 9667 6863 8045 9728 9372
0 0 0 0 0 0 0 0 0 0 0 0 0 0 0 0 0 0 0 0 0 0 0 0 0 0 4135 10000 10000 9934 10000 10000 9938 9839 9910 10000 9748 9878 9749 9666 10000 9855 9976 10000 8683 2083 0 0 0 0 0 0 0 0 0 0 0 0 0 0 0 0 0 0 0 0 0 0 0 0 0 0 0 0 0 0 0 0 0 0 0 0 0 0 0 0 0 0 0 85 1571 9899 9502 8657 9400 9580
0 0 0 0 0 0 0 0 0 0 0 0 0 0 0 0 0 0 0 0 0 0 0 0 0 0 3176 9859 9980 9881 9677 10000 9700 9895 10000 9748 9941 9330 9460 9611 9637 9394 9198 1204 171 0 0 0 0 0 0 0 0 0 8 1178 45 334 3462 689 0 0 0 0 0 0 0 0 0 0 0 0 0 0 0 0 0 0 0 0 0 0 0 0 2325 868 0 0 0 0 3180 9614 9493 9353 8906 7686
0 0 0 0 0 0 0 0 0 0 0 0 0 0 0 0 0 0 0 0 0 0 0 0 0 0 2711 10000 10000 9977 9937 9973 9926 10000 9846 9761 9606 10000 10000 9949 10000 9977 2810 0 0 0 0 0 0 0 0 0 0 2903 8494 9983 8675 9011 9067 403 0 0 0 0 0 0 0 0 0 0 0 0 0 0 0 0 0 0 0 0 0 0 0 1235 9562 2017 109 520 1235 1040 59 1034 1144 1555 2201 49
0 0 0 0 0 0 0 0 0 0 0 0 0 0 0 0 0 0 0 0 0 0 0 0 0 0 457 5753 9714 10000 9881 10000 10000 9826 9529 9727 9989 9980 9586 10000 10000 8440 75 747 0 0 0 0 0 0 0 0 0 14 3435 9163 9536 10000 5813 0 0 0 0 0 0 0 0 0 0 0 0 0 0 0 0 0 0 0 0 0 0 0 0 7175 9853 9707 4930 7858 9467 5723 0 0 0 0 0 0
0 0 0 0 0 0 0 0 0 0 0 0 0 0 0 0 0 0 0 0 0 0 0 0 0 0 0 0 1485 8612 10000 9935 10000 9997 9697 9935 9619 9786 9707 9579 9714 5818 4564 4115 0 0 0 0 0 0 0 0 0 0 730 8544 9835 5709 740 0 0 0 0 0 0 0 0 0 0 0 0 0 0 0 0 0 0 0 0 0 0 0 0 1119 4930 9938 9721 7854 5160 4639 0 0 0 0 0 0
0 0 0 0 0 0 0 0 0 0 0 0 0 0 0 0 0 0 0 0 0 0 0 0 0 0 0 5526 7443 8460 9978 9595 8189 9062 8140 9792 10000 10000 10000 9139 10000 9469 9837 3026 0 0 0 0 0 297 5684 4380 0 0 6202 9878 5528 0 0 0 0 0 0 0 0 0 0 0 0 0 0 0 0 0 0 0 0 0 0 0 0 0 0 0 0 1215 8785 3469 1964 0 0 0 0 0 0 0
0 0 0 0 0 0 0 0 0 0 0 0 0 0 0 0 0 0 0 0 0 0 0 0 0 0 0 3699 6089 7454 8052 7480 4832 1849 9493 9597 9426 9809 9980 10000 10000 10000 10000 8301 0 0 216 2043 5640 8446 9781 7093 0 97 9325 9942 1288 0 0 0 0 0 0 0 0 0 0 0 0 0 0 0 0 0 0 0 0 0 0 0 0 0 0 0 0 0 3853 488 6155 3720 1816 2339 2652 1097 0 0
0 0 0 0 0 0 0 0 0 0 0 0 0 0 0 0 0 0 0 0 0 0 0 0 0 0 0 0 0 0 0 12 0 0 1844 11 254 4912 10000 9908 9727 9856 9839 9208 5440 7391 7443 10000 10000 10000 9743 3044 45 5085 9797 9140 0 0 0 0 0 0 0 0 0 0 0 0 0 0 0 0 0 0 0 0 0 0 0 0 0 0 0 0 0 85 0 0 2368 8747 9789 9702 9504 2859 0 0
0 0 0 0 0 0 0 0 0 0 0 0 0 0 0 0 0 0 0 0 0 0 0 0 0 0 0 0 249 0 0 0 0 0 0 0 910 8014 10000 9441 9936 9859 9939 10000 9713 9874 9912 9886 9965 9365 3208 0 4748 9897 9946 7470 0 0 0 0 0 0 0 0 0 0 0 0 0 0 0 0 0 0 0 0 0 0 0 0 0 0 139 5531 7426 6869 3959 3356 3239 4729 8646 9500 9666 6337 1948 0
0 0 0 0 0 0 0 0 0 0 0 0 0 0 0 0 0 0 0 0 0 0 0 0 0 0 0 2563 8772 4647 5410 0 0 0 0 78 7795 9554 9999 9581 10000 9921 9389 9933 9822 9844 10000 10000 9921 3936 0 0 3461 9485 10000 3624 0 0 0 0 0 0 0 0 0 0 0 0 0 0 0 0 0 0 0 0 0 0 0 0 0 78 6300 9937 9675 8923 9629 4196 6318 5575 6861 9604 9518 9858 7855 0
0 0 0 0 0 0 0 0 0 0 0 0 0 0 0 0 0 0 0 0 0 121 334 2651 4727 6964 8435 8753 9956 9663 8888 3981 0 0 0 3140 9857 8760 9591 9678 10000 10000 9690 10000 10000 9715 9844 9934 5912 0 0 0 0 1236 3121 16 0 0 0 0 0 0 0 0 0 0 0 0 0 0 0 0 0 0 0 0 0 0 0 0 0 3469 6760 9655 9020 9449 5439 16 595 246 6086 5854 9602 7911 6203 0
0 0 0 0 0 0 0 0 0 0 0 0 0 0 0 0 0 0 0 0 1354 8428 9831 9683 9821 10000 9744 10000 9659 10000 9786 9758 4645 373 0 1344 9944 10000 10000 9576 10000 9515 9945 9750 9995 10000 9833 10000 1340 0 0 0 0 0 0 0 0 0 0 0 0 0 0 0 0 0 0 0 0 0 0 0 0 0 0 0 0 0 0 0 0 0 25 8884 9300 6095 7 0 0 155 563 4408 8860 4661 204 3237
0 0 0 0 0 0 0 0 0 0 0 0 0 0 0 0 0 0 0 572 7226 9403 10000 9469 9773 8012 9941 7282 5564 9767 8246 9400 9927 9317 6894 7104 9495 9704 9889 9398 9693 9840 9999 9786 10000 9991 9839 9836 1499 0 0 0 0 0 0 0 0 0 0 0 0 0 0 0 0 0 0 0 0 0 0 0 0 0 0 0 0 0 0 0 0 0 0 3871 2436 0 0 0 0 0 0 166 9351 6249 30 8644
0 0 0 0 0 0 0 0 0 0 0 0 0 0 0 0 1017 4604 6015 8263 9980 10000 9652 9977 10000 10000 4789 83 4660 9564 7020 9291 10000 9108 10000 9996 9555 10000 9774 9999 10000 9798 9492 9923 9801 9680 9965 9876 3680 0 0 0 0 0 0 0 0 0 0 0 0 0 0 0 0 0 0 0 0 0 0 0 0 0 0 0 0 0 0 0 0 0 0 0 0 0 0 0 0 0 1282 3815 9509 2369 884 9512
0 0 0 0 0 0 0 0 0 0 0 0 0 0 0 1693 8423 9619 9579 10000 9747 9778 9857 9937 9985 8006 6 119 8204 10000 10000 10000 10000 9559 9999 10000 9930 9814 10000 9845 9976 9759 10000 10000 9946 9913 9507 6226 397 0 0 0 0 0 0 0 0 0 0 0 0 0 0 0 0 0 0 0 0 0 0 0 0 0 0 0 0 0 0 0 0 0 0 0 1590 3947 0 0 35 0 3961 9175 9501 660 413 4754
0 0 0 0 0 0 0 0 0 0 0 0 0 0 5104 9311 9880 9943 9911 9885 10000 9897 10000 10000 9939 3841 0 4802 10000 9259 9983 10000 9601 9660 9973 9479 9748 9893 9617 9889 9734 10000 9811 10000 9876 9893 5981 0 0 0 0 0 0 0 0 0 0 0 0 0 0 0 0 0 0 0 0 0 0 0 0 0 0 0 0 0 0 0 0 0 0 0 0 867 7592 2654 0 242 6175 4564 8725 9868 9890 7495 6194 9852
0 0 0 0 0 0 0 0 0 0 0 0 0 0 7913 9890 9968 10000 10000 9934 10000 9826 9968 10000 9857 7370 6716 9961 9939 9987 10000 9572 9696 9657 10000 9999 10000 10000 10000 9393 10000 9901 9571 10000 9838 9804 3391 0 0 0 0 0 0 0 0 0 0 0 0 0 0 0 0 0 0 0 0 0 0 0 0 0 0 0 0 0 0 0 0 0 0 0 0 553 840 0 1690 6582 9612 8598 9399 6252 7444 4581 8659 9934
0 0 0 0 0 0 0 0 0 0 0 0 831 5990 9998 10000 9933 9922 10000 9894 10000 10000 9758 9891 9502 9850 9864 9571 9938 9779 9983 9885 10000 9919 10000 9918 9714 9855 9356 10000 10000 9471 9853 9921 9837 9578 939 0 0 0 0 0 0 0 0 0 0 0 0 0 0 0 0 0 0 0 0 0 0 0 0 0 0 0 0 0 0 0 0 283 1196 0 0 0 1769 8484 9584 8666 9083 8590 5531 6189 7545 9798 9929 9874
0 0 0 0 0 0 68 0 0 0 0 0 2640 7982 9998 10000 10000 9952 10000 9922 4269 3949 8648 9914 9931 9841 9954 10000 9867 9932 10000 9827 10000 9853 9747 9204 9714 10000 9920 9924 10000 9976 9932 9878 9912 4502 0 0 0 0 0 0 0 0 0 0 0 0 0 0 0 0 0 0 0 0 0 0 0 0 0 0 0 0 0 0 0 1888 3566 8189 4050 0 0 0 3458 6135 5813 1615 8214 6063 9372 6587 9866 9848 9945 9989
0 0 0 360 3014 7824 5097 0 0 0 0 0 0 0 5691 9586 7364 9979 9320 3366 0 0 0 571 825 3629 9994 9780 9787 10000 10000 10000 9893 9648 9900 6763 9932 9919 10000 9962 9745 9999 9878 7970 2009 0 0 0 0 0 0 0 0 0 0 0 0 0 0 0 0 0 0 0 0 0 0 0 0 0 0 0 0 0 0 0 0 6573 9796 6870 304 0 0 0 1210 1389 314 7379 6194 9535 9611 6179 9952 10000 9982 8739
