gis_files/floamy.asc
ncols         625
nrows         694
xllcorner     895000
yllcorner     515000
cellsize      5000
NODATA_value  -9999
[rows 228 to 284 of 694, columns 384 to 479 of 625]
0 0 0 0 0 0 0 0 0 0 0 0 0 0 0 0 0 0 0 0 0 0 0 0 0 0 0 0 0 0 0 0 0 0 0 2644 9968 9927 9959 9660 9904 9927 10000 9590 9995 9945 9849 10000 9981 8588 0 6498 10000 3735 0 0 0 0 0 0 0 0 0 0 0 0 0 0 0 0 0 0 0 0 0 0 0 0 0 0 0 0 0 0 0 0 0 0 0 0 0 0 0 0 0 0
0 0 0 0 0 0 0 0 0 0 0 0 0 0 0 0 0 0 0 0 0 0 0 0 0 0 0 0 0 0 0 0 0 0 0 2287 9156 9978 9990 10000 9948 9986 9993 9985 9616 10000 9737 9941 9896 4120 106 7743 3710 693 0 0 0 0 0 0 0 0 0 0 0 0 0 0 0 0 0 0 0 0 0 0 0 0 0 0 0 0 0 0 0 0 0 0 0 0 0 0 0 0 0 0
0 0 0 0 0 0 0 0 0 0 0 0 0 0 0 0 0 0 0 0 0 0 0 0 0 0 0 0 0 0 0 0 0 0 0 0 323 7339 10000 9981 9940 9728 9978 9990 9574 9420 9703 9805 3916 1922 8391 8773 0 0 0 0 0 0 0 0 0 0 0 0 0 0 0 0 0 0 0 0 0 0 0 0 0 0 0 0 0 0 0 0 0 0 0 0 0 0 0 0 0 0 0 0
0 0 0 0 0 0 0 0 0 0 0 0 0 0 0 0 0 0 0 0 0 0 0 0 0 0 0 0 0 0 0 0 0 0 0 0 0 5918 9950 9918 9442 9976 10000 9947 9621 9786 9772 9881 3256 8023 9873 2703 0 0 0 0 0 0 0 0 0 0 0 0 0 0 0 0 0 0 0 0 0 0 0 0 0 0 0 0 0 0 0 0 0 0 0 0 0 0 0 0 0 0 0 0
0 0 0 0 0 0 0 0 0 0 0 0 0 0 0 0 0 0 0 0 0 0 0 0 0 0 0 0 0 0 0 0 0 0 0 0 966 9720 9621 9683 9765 9592 9888 9573 8707 9532 9100 4364 3511 9959 7657 29 505 882 0 0 0 0 0 0 0 0 0 0 0 0 0 0 0 0 0 0 0 0 0 0 0 0 0 0 0 0 0 0 0 0 0 0 0 0 0 0 0 0 0 0
0 0 0 0 0 0 0 0 0 0 0 0 0 0 0 0 0 0 0 0 0 0 0 0 0 0 0 0 0 0 0 0 0 0 0 349 6065 9913 9606 9792 9307 9894 9630 9332 9049 6955 1718 6492 7892 3620 1134 0 89 5135 0 0 0 0 0 0 0 0 0 0 0 0 0 0 0 0 0 0 0 0 0 0 0 0 0 0 0 0 698 8664 7817 1875 0 0 0 0 0 0 0 0 0 0
0 0 0 0 0 0 0 0 0 0 0 0 0 0 0 0 0 0 0 0 0 0 0 0 0 0 0 0 0 0 0 0 0 0 0 0 7359 8945 9971 9814 9783 9958 9838 9431 9708 9226 9190 8845 1365 1069 3418 5781 8993 7277 0 0 0 0 0 0 0 0 0 0 0 0 0 0 0 0 0 0 0 0 0 0 0 0 0 0 1968 5733 7423 9018 9979 9884 5331 615 0 0 0 0 0 0 1488 2811
0 0 0 0 0 0 0 0 0 0 0 0 0 0 0 0 0 0 0 0 0 0 0 0 0 0 0 0 0 0 0 0 0 0 0 0 0 80 6799 9999 9973 9883 9741 9594 9942 9641 5770 1452 2073 9196 9883 9890 9566 5671 5119 0 0 0 0 0 0 0 0 0 0 0 0 0 0 0 0 0 0 0 0 0 0 0 0 0 8307 9492 10000 9143 7551 9829 10000 9750 7521 4618 4353 6534 7225 8855 6058 8107
0 0 0 0 0 0 0 0 0 0 0 0 0 0 0 0 0 0 0 0 0 0 0 0 0 0 0 0 0 0 0 0 0 0 0 0 0 0 779 9250 9997 10000 9444 4973 4747 8006 6316 2676 9529 9141 9054 9595 9019 8699 8882 5693 8267 6644 1881 0 0 0 257 4254 3642 855 26 0 0 0 0 0 0 0 0 0 0 0 0 410 9796 9760 9957 9128 6604 9252 9474 8883 9821 9450 9914 9830 9051 7102 6050 6520
0 0 0 0 0 0 0 0 0 0 0 0 0 0 0 0 0 0 0 0 0 0 0 0 0 0 0 0 0 0 0 0 0 0 0 0 0 0 0 3634 9311 6314 3059 4801 5076 5724 4946 4542 9818 8986 8417 9187 8012 7455 7747 9999 9746 9914 5989 624 2265 1813 7835 8813 9470 8927 9302 6804 3896 0 0 0 0 0 0 26 2873 2330 4705 7332 10000 9847 9675 8926 7437 8608 8514 8838 9850 9494 9850 9702 9235 8769 5476 6695
0 0 0 0 0 0 0 0 0 0 0 0 0 0 0 0 0 0 0 0 0 0 0 0 0 0 0 0 0 0 0 0 0 0 0 0 0 0 0 0 3031 7444 9499 9241 10000 7848 3737 8422 8991 9037 8946 9414 4821 8243 9792 9930 8768 9246 9211 9842 9945 5640 9633 8018 9513 9951 9974 9931 9888 3665 1661 175 2051 2474 4024 7327 9955 9708 8873 8976 10000 9757 9333 9770 8146 8636 8614 9993 9350 10000 9970 9589 8845 7359 4412 6400
0 0 0 0 0 0 0 0 0 0 0 0 0 0 0 0 0 0 0 0 0 0 0 0 0 0 0 0 0 0 0 0 0 0 0 0 0 0 0 0 5785 7792 9101 7093 7491 9979 5069 4448 9785 8418 9243 10000 5068 8363 9571 9954 7642 8698 9107 9535 9080 6168 9771 9211 9909 9721 9964 9664 9960 9269 6903 8117 8303 10000 9926 9693 9948 10000 9207 8485 9991 9551 9117 9822 8391 7981 8820 8583 7222 8337 9879 9358 4562 2703 6053 6569
0 0 0 0 0 0 0 0 0 0 0 0 0 0 0 0 0 0 0 0 0 0 0 0 0 0 0 0 0 0 0 0 0 0 0 0 0 0 0 0 8357 6608 6928 1689 5258 9998 9543 4738 9209 8215 8887 9187 4876 8604 8833 9664 7641 9324 9019 8967 9606 6291 8927 8631 9967 9731 9985 9957 9505 9232 8162 8687 7585 9727 9518 9598 9842 10000 9158 8512 9806 9660 9231 9748 9507 8023 8408 5921 0 0 1101 2821 1573 7905 7057 4990
0 0 0 0 0 0 0 0 0 0 0 0 0 0 0 0 0 0 0 0 0 0 0 0 0 0 0 0 0 0 0 0 0 0 0 0 0 0 0 0 8406 7159 7686 1696 4049 9487 9625 8766 4755 6942 7959 8407 5456 6645 8027 8843 8469 8754 8801 9187 7140 8172 9151 8589 9984 9638 9964 10000 8947 8825 9803 6780 8189 9285 9434 9587 8947 9352 9106 8414 9340 9131 8352 9483 9723 9325 8020 8717 6442 1834 6796 8020 4679 6693 8511 2051
0 0 0 0 0 0 0 0 0 0 0 0 0 0 0 0 0 0 0 0 0 0 0 0 0 0 0 0 0 0 0 0 0 0 0 0 0 0 0 2642 9014 9560 8652 5587 3777 8795 9536 9446 5406 499 6985 7796 7398 3879 5975 7219 8032 8390 8336 8792 8086 6648 8728 9107 9903 9697 9839 9487 8499 9840 8993 7112 8713 8384 9528 9053 9429 8910 9146 9137 9541 9352 8984 8807 9317 6253 7581 7729 7393 2061 1202 426 6086 6897 7729 3026
0 0 0 0 0 0 0 0 0 0 0 0 0 0 0 0 0 0 0 0 0 0 0 0 0 0 0 0 0 0 0 0 0 0 0 0 0 0 0 5040 8813 9354 8665 9494 1438 6233 8115 9009 9469 7852 3224 7803 7916 7763 5290 4297 4962 4498 8001 8243 9317 4655 7745 8501 8371 8105 7850 8306 8736 8781 8562 7531 7076 9099 9423 9174 8580 9136 9430 9276 9238 9726 8971 7609 9171 7414 7703 9941 7501 8284 999 817 8062 6157 8002 941
0 0 0 0 0 0 0 0 0 0 0 0 0 0 0 0 0 0 0 0 0 0 0 0 0 0 0 0 0 0 0 0 0 0 0 0 0 0 0 7271 9245 9315 8525 9304 1315 169 8225 8312 7653 4128 3036 8111 8405 8550 8358 7537 6111 5524 4240 3808 8442 7551 4803 8862 8510 6927 7407 8571 8201 7479 7932 7839 3246 8216 6428 8331 9111 8716 9378 9706 7986 9261 8193 8732 9100 9786 9956 9751 9844 8572 5444 360 1382 375 1928 1054
0 0 0 0 0 0 0 0 0 0 0 0 0 0 0 0 0 0 0 0 0 0 0 0 0 0 0 0 0 0 0 0 0 0 0 0 0 0 175 6196 5842 5426 8627 9086 8721 5799 1603 4848 8885 8072 2755 7112 8280 8671 3835 7600 8361 7457 6389 4829 8710 7846 5653 8785 8909 8906 7720 8433 8074 8360 7643 2416 2542 4145 8743 9207 8712 8785 9551 9737 7031 9381 9932 9047 8851 9879 9818 9764 9374 9543 7928 2018 0 374 6608 1687
39 0 0 0 0 0 0 0 0 0 0 0 0 0 0 0 0 0 0 0 0 0 0 0 0 0 0 0 0 0 0 0 0 0 0 0 0 0 0 0 0 1619 9377 9863 9482 9612 1217 2713 3924 8539 6775 1947 7115 7442 0 0 0 5791 8629 5602 7243 8680 4393 5506 6456 6628 5660 8799 8657 9176 5508 0 992 1584 3723 9946 8965 7846 8852 8565 9518 9972 9998 9861 8667 9772 9015 8251 8129 9526 7117 6058 5254 6124 6953 7087
2524 0 0 16 5225 3588 2316 77 0 0 0 0 0 0 434 1383 1106 971 0 0 0 0 0 0 0 0 0 0 0 0 0 0 0 0 2473 8 0 0 0 0 1466 7972 9550 9409 8920 7870 2785 0 0 5907 8101 6599 1228 6657 5478 865 0 3377 7708 6325 4740 7631 8118 7635 6109 7350 7465 6074 6017 8780 6178 0 62 8431 2767 8137 7086 9061 8472 9313 7905 9000 9798 8399 9703 8458 7606 8331 9556 8865 4381 4297 6645 7901 9612 9120
5806 47 31 5162 9235 7706 9357 6553 111 0 0 0 0 0 2260 7551 426 4314 0 0 0 0 0 0 0 3 0 0 0 0 1075 190 6531 6366 8452 5326 731 0 62 5651 9234 8758 8703 8583 8591 1427 0 0 0 2171 6324 7124 6044 2395 7856 5935 2296 3766 8673 7987 7018 5532 8249 8000 1200 2352 1660 1764 3125 4082 7897 3 1089 9645 5118 0 1527 9092 8695 8898 7611 7280 7073 8551 4747 2118 3756 663 3029 1798 1511 4840 4077 2438 2859 602
8298 5683 6491 9471 9483 8489 3393 9179 7697 3132 330 0 0 0 1542 9336 2689 7901 3219 110 1178 0 0 0 5396 5540 0 0 0 2522 8370 7931 9351 9259 7744 9354 7840 3528 6871 9443 9599 8567 7994 8831 6412 0 0 0 242 4733 2041 850 8000 642 1854 6390 5851 80 7322 7562 7248 5214 8361 8188 6349 3964 2480 758 41 2475 7829 2743 947 9740 5686 0 0 6944 7722 8204 5334 3198 3188 395 110 1093 1242 2494 1835 133 0 485 136 1618 2700 3106
8589 9307 9225 9205 9468 6008 55 7100 9153 7781 1756 0 0 0 4417 9658 5722 8854 9452 9037 8721 1606 0 0 5729 8911 5193 5774 7578 8447 8647 8335 9478 9069 8563 8550 6982 8788 9238 9023 8337 8857 8454 9177 5784 0 0 0 0 159 2476 4109 2000 1422 0 0 0 0 5851 8519 8100 4760 7353 7403 7994 8678 8890 9129 6646 1160 6685 6454 1962 9639 8356 32 0 1227 3842 5490 2491 856 31 1127 3200 4301 4269 8909 2227 0 0 1219 2490 4769 4627 2168
9136 7213 8676 9721 9555 5248 0 3934 7966 1609 0 0 0 0 7798 9146 5842 8365 9367 9466 8890 6788 4094 257 2123 9394 8887 4098 7947 8847 8018 8500 8565 8860 8653 7668 7952 9100 9207 7119 7821 8365 6480 1416 0 0 0 0 0 0 2696 3136 0 0 0 0 0 0 3986 8223 8446 6103 3304 6362 7984 8451 8738 9155 2907 1365 1605 2103 198 7959 8565 5192 3889 0 513 1387 1029 249 1693 4899 3124 2360 1286 1328 0 0 0 724 4594 8037 8558 8673
9152 8421 9050 9555 9461 6719 0 2677 2249 0 0 0 0 1949 9175 3484 0 8409 9178 9142 8930 8211 9115 8088 1698 5650 9175 2248 5255 8453 8412 8907 8696 7792 7375 7719 9309 9481 8285 8758 8014 7879 931 0 0 0 0 0 0 0 1234 4212 154 0 0 0 0 0 20 22 3338 8793 6288 5475 6707 7913 8613 8511 6007 0 0 0 0 2394 8541 7278 8602 575 414 671 2614 3177 5885 776 0 0 0 0 0 0 1440 8531 9643 8765 9909 9830
8773 8015 8160 8938 9219 7947 517 2565 31 0 0 73 454 5096 9023 2371 210 9438 9354 9172 9162 8807 9405 9312 8809 2438 6650 4895 3461 8180 8405 9263 6073 4089 6649 8980 8575 8166 8489 8975 9897 3941 0 0 0 0 0 0 0 0 0 88 0 0 0 0 0 0 0 0 540 3065 6952 5070 3501 5418 4997 6676 4466 210 0 0 0 2771 8029 7477 4937 1099 974 6176 7610 1817 0 0 0 0 0 0 0 0 107 1334 2646 967 4629 5523
8851 7837 9301 8143 9190 7521 5052 687 0 0 1878 3537 2003 8523 8917 1644 1958 9535 9360 9530 8719 9473 9422 9415 9057 6101 2185 7169 1743 8465 8939 8993 5304 1215 8757 7974 7385 7930 8269 9367 9868 1396 0 0 0 0 0 0 0 0 0 0 0 0 0 0 0 0 0 0 0 0 169 279 4077 6521 1141 0 0 0 0 0 0 0 1858 3667 2687 265 5293 6812 2112 0 0 0 0 0 0 0 0 0 514 1586 0 1733 2605 0
8491 8846 7807 8391 9132 8133 4284 0 0 1575 8855 7452 4067 8562 6942 31 3370 9122 9493 9758 9255 8961 9548 8788 9652 8930 5534 2366 7192 5067 8134 2910 881 730 8863 8206 7757 8121 7666 8951 10000 4972 0 0 0 0 0 0 0 0 0 0 0 0 0 0 0 0 0 0 0 0 0 0 3932 6127 2166 2002 57 0 0 0 0 0 0 1419 1122 4566 3108 1010 0 0 0 0 0 0 0 0 0 0 4714 7765 118 6984 2630 0
8672 9331 9120 9148 8816 7189 318 1949 1492 8475 7760 3982 8746 8454 5003 0 5228 8965 9308 9677 9236 9000 9377 8838 9552 8428 8633 2791 4520 3231 6147 3951 374 4444 8443 8037 7927 7654 8324 9195 9424 1609 0 0 0 0 0 0 0 0 0 0 0 0 0 0 0 0 0 0 0 0 0 0 0 0 0 2277 2005 0 0 0 0 0 0 621 2628 3516 0 0 0 0 0 0 0 0 0 0 0 4015 9742 2397 2588 9901 8218 0
9018 8554 9379 8871 8862 5035 3780 2903 8255 8822 1264 4719 8896 9039 4596 0 6319 9071 8844 9399 9598 8619 9254 8721 8108 9168 8678 6916 24 0 738 7404 1439 7614 7438 8373 8284 7888 8547 9991 3917 0 0 0 0 0 0 0 0 0 0 0 0 0 0 0 0 0 0 0 0 0 0 0 0 0 0 0 0 0 0 0 0 0 240 943 3751 64 0 0 0 0 0 0 0 0 0 0 1246 3847 1574 2283 4442 8763 9679 1181
9025 8893 8497 8999 9020 1742 4641 5454 8913 3787 0 3113 8617 9331 2612 0 6578 8816 8101 9331 9664 9174 8089 8089 8984 8594 9137 9320 2306 2454 0 3007 6534 7582 7950 8650 8250 8241 9162 10000 2361 0 0 0 0 0 0 0 0 0 0 0 0 0 0 0 0 0 0 0 0 0 0 0 0 0 0 0 0 0 0 0 0 0 516 5255 3290 0 0 0 0 0 0 0 0 0 0 42 6537 4 109 8809 5525 7814 9901 2450
9294 7522 8449 9159 7832 1466 3792 6089 6295 3334 1558 6037 9025 8369 474 0 2716 8780 5378 9421 9038 9493 8950 7205 8455 7718 8109 8284 3728 7796 8159 5470 3893 7584 7818 8223 8024 8165 9537 8452 81 0 0 0 0 0 0 0 0 0 0 0 0 0 0 0 0 0 0 0 0 0 0 0 0 0 0 0 0 0 0 0 0 0 0 1768 2448 0 0 0 0 0 0 0 0 0 0 3872 2640 0 989 4870 809 9925 9315 1554
9241 7048 7117 8752 8118 2077 4339 7273 8526 7197 5149 8978 6502 5678 0 0 76 1331 701 9492 8334 9200 9079 7546 8599 6805 2835 6404 5333 8652 8478 8861 4225 5456 8120 7804 8443 8087 8902 9580 569 0 0 0 0 0 0 0 0 0 0 0 0 0 0 0 0 0 0 0 0 0 0 0 0 0 0 0 0 0 0 0 0 0 1128 4871 81 0 0 0 0 0 0 0 0 1652 2103 2353 0 0 0 0 1123 9928 4743 0
9226 7814 8726 8057 9304 3343 4354 7597 4665 8537 9537 6462 5346 4587 0 0 0 0 3700 9184 9668 9461 8621 8420 7421 3993 0 6415 8653 9151 8864 8918 7757 9118 8804 7843 8182 7810 8505 9340 1472 0 0 0 0 0 0 0 0 0 0 0 0 0 0 0 0 0 0 0 0 0 0 0 0 0 0 0 0 0 0 0 0 0 0 2139 0 0 0 0 0 0 0 0 477 8513 4154 788 4518 4920 1106 233 2292 9905 7709 1999
8304 8297 8111 9430 8823 2929 4235 7505 7899 7184 9335 3829 1182 4636 0 0 0 0 6894 8339 9544 9040 9709 8762 8740 4869 1040 2239 7146 8772 9077 8932 8435 9419 8548 8208 8389 7678 8135 7204 4817 4095 194 0 0 0 0 0 0 0 0 0 0 0 0 0 0 0 0 0 0 0 0 0 0 0 0 0 0 0 0 0 0 0 0 0 0 0 0 0 0 0 0 1046 2082 8387 226 2804 2669 1879 5386 7556 7428 9896 9977 7557
8543 8945 9200 9099 9062 3146 3320 8298 5607 3261 2828 21 0 72 0 0 3628 490 8809 9000 8315 9661 9207 8436 8277 7624 8377 1802 6163 8660 8966 9315 8726 8802 9415 9200 7934 8280 7499 8149 8138 4616 0 245 3171 198 0 0 0 0 0 0 0 0 0 0 0 0 0 0 0 0 0 0 0 0 0 0 0 0 0 0 0 0 0 0 0 0 0 0 0 0 0 1751 3445 859 798 3023 5029 4428 9415 9782 9949 9648 9954 3534
9028 9396 9230 9204 9033 3301 3244 5370 7454 9069 6403 0 0 0 0 0 3647 833 9458 3752 8489 9429 9287 9116 9774 8258 8267 6414 8849 8554 8836 9318 8575 8977 9614 9208 7787 8267 7760 7773 5891 287 11 4047 8468 5674 120 0 0 0 0 0 0 0 0 0 0 0 0 0 0 0 0 0 0 0 0 0 0 0 0 0 0 0 0 0 0 285 360 0 564 1732 763 4744 8799 6299 7179 9950 8023 9087 9732 9931 9920 9953 9908 4143
9054 8662 8859 9305 8429 4332 4248 1024 6563 9035 7831 116 0 0 176 1915 7986 1372 5600 3652 9569 9335 9701 9466 9611 7945 9064 8803 8911 8572 8934 9226 8008 8855 9140 8866 8807 8621 8339 5265 1138 4515 5807 7700 8023 8249 8655 781 0 0 0 0 0 0 0 0 0 0 0 0 0 0 0 0 0 0 0 0 0 0 0 0 0 0 0 2406 5636 9691 4994 5477 42 2930 6673 9586 4985 4969 9998 9991 9922 9766 9385 9097 9792 9906 9826 3977
3677 7648 8357 8643 8894 8075 1690 5571 706 7051 9194 5504 4351 3989 2447 9590 9388 9080 6750 5017 8016 9427 9591 9372 9014 9215 9217 8856 8674 8686 8796 8340 8721 8670 9399 8991 8808 8619 8313 5981 3514 8033 8145 7376 8511 8663 8057 1491 0 0 0 0 0 0 0 0 0 0 0 0 0 0 0 0 0 0 0 0 0 0 0 0 0 0 0 8143 9561 5006 3959 3156 4730 0 0 709 4237 9081 9950 10000 9135 9700 9941 9279 9789 9900 9692 4392
2248 3488 7988 9119 9002 7832 3900 5601 8287 1743 7513 9470 9553 9713 4898 9672 9296 9720 8977 1658 7200 9319 9502 9259 8817 9243 8912 7365 5450 8576 8804 8873 8949 8708 9589 8419 8834 8958 8548 8403 7532 8538 8040 8093 8318 8626 8010 8416 1716 0 0 0 0 4826 1431 0 0 0 0 0 0 0 0 0 0 0 0 0 0 0 0 0 0 0 0 1036 1224 0 235 0 0 0 0 0 0 744 3562 3130 3963 4102 6143 9791 9966 9881 3838 7455
1 1337 8587 7918 8371 8464 7464 820 3703 7380 5189 7458 9507 9934 9770 9886 9790 9426 9685 1034 3719 9373 9516 9155 8992 9212 8848 8426 7576 8392 8494 7971 8737 9809 9044 8256 8173 8346 8486 8944 8197 7554 7882 8515 8725 8305 8568 8185 7996 3914 3188 426 6185 9051 6077 0 0 0 0 0 0 0 0 0 0 0 0 0 0 0 0 0 0 0 0 0 0 0 0 0 0 0 0 0 0 0 0 1757 5060 3310 2530 2528 2889 2744 9064 9999
7041 8323 8050 8452 8456 8614 6460 6854 4762 2173 8918 7883 7004 9789 8691 8549 9828 9544 9668 2564 3702 9422 9304 4679 3427 9238 9090 8333 9148 8621 8695 8930 8417 8969 8204 7896 8810 8507 7957 8409 8065 8480 6902 7975 8174 8074 8008 6277 8687 7781 8376 7773 8681 9083 5878 0 0 0 0 0 0 0 0 0 0 0 0 0 0 0 0 0 0 0 0 0 0 0 0 0 0 0 0 0 0 0 0 0 0 0 0 0 0 1179 9564 10000
8546 8632 9512 8449 8366 8592 8533 8012 8023 7116 9385 9404 7700 7980 7593 7253 7923 8469 8226 2932 748 3488 4849 7759 6053 4725 8561 9173 8577 8820 7802 8570 7486 8363 7897 8186 8621 7193 8165 8139 8148 8859 8501 8394 7539 8031 8671 7958 7948 8032 7854 7857 8493 8401 8898 1172 0 0 0 0 0 0 0 0 0 0 0 0 0 0 0 0 0 0 0 0 0 0 0 0 0 0 0 0 0 0 0 0 0 0 0 0 347 1435 6851 5165
9074 9528 8987 8419 9531 8320 5809 8857 8279 7538 8137 9505 9712 8948 8159 8710 8629 8127 6720 9060 8150 5842 124 6641 6963 6932 7512 5402 2737 7943 8145 7418 8126 8529 8329 8306 8836 8569 9017 8460 8232 8506 8355 8444 9036 8504 8527 8458 7586 7843 8261 8051 7411 7971 8332 8648 4806 5679 668 0 0 0 0 0 0 0 0 0 0 0 0 0 0 0 0 0 0 0 0 0 0 0 0 0 0 0 0 0 0 0 0 0 767 3542 347 75
7600 8880 8895 9292 9393 4660 2272 4137 4936 9375 9213 8813 9258 9007 9466 7877 8951 8942 9259 9325 8900 9046 5233 6671 2826 3851 2805 6735 7091 4186 9545 8971 8669 8315 8739 8388 8335 8255 9283 7588 7952 9234 8332 7994 8586 8282 8145 8165 7765 8102 8241 8689 7242 8243 8844 8747 9112 4929 162 0 0 0 0 0 0 0 0 0 0 0 0 0 0 0 0 0 0 0 0 0 0 0 0 0 0 0 0 0 0 0 0 0 0 0 0 0
5042 6944 5430 7296 8011 3861 2444 2564 2649 9481 8877 8985 9214 6497 4869 5188 4645 7554 9404 6334 5892 8643 5522 3445 8407 9521 5358 7515 4684 2298 2872 4434 3106 8226 8259 8952 8070 7902 8679 8661 8659 8167 8860 8415 8358 8306 8181 8315 3423 8530 8637 8808 6641 8146 8760 8314 9492 3022 0 0 0 0 0 0 0 0 0 0 0 0 0 0 0 0 0 0 0 0 0 0 0 0 0 0 0 0 0 0 0 0 0 0 0 0 0 0
1871 0 0 0 224 6247 4074 9225 5519 4294 9499 8199 5445 5990 3719 4060 4310 3575 5708 2125 4614 3668 4675 7012 4233 2656 5126 7722 9795 8476 6668 5492 4211 4524 7531 8975 9227 8382 8497 8196 6219 6839 8001 8362 8348 8447 7948 4035 5164 9733 9973 9986 8315 9557 9143 3838 8059 913 0 0 0 0 0 0 0 0 0 0 0 0 0 0 0 0 0 0 0 0 0 0 0 0 0 0 0 0 0 0 0 0 0 0 0 0 0 0
7198 2134 0 10 6424 5240 6509 5945 8778 3876 6819 6461 8326 4864 7318 6855 2480 1947 2244 1955 3512 3204 1145 654 0 0 0 2776 7142 3700 715 5189 1319 2497 5787 8539 9482 8781 8362 7058 6270 6661 8361 8595 7592 6262 6114 3841 7169 7991 7377 2518 200 1419 1558 0 0 0 0 0 0 0 0 0 0 0 0 0 0 0 0 0 0 0 0 0 0 0 0 0 0 0 0 0 0 0 0 0 0 0 0 0 0 0 0 0
8427 6450 3152 4524 7208 9295 4481 3769 9431 5219 6161 6467 4723 4926 6257 6133 7938 6442 7856 3020 2381 5495 2023 0 0 0 0 852 9632 4916 0 0 0 1331 4295 5217 9206 9625 9235 8101 5995 7026 8202 8636 5819 882 9268 3531 131 0 38 0 0 0 0 0 0 0 0 0 0 0 0 0 0 0 0 0 0 0 0 0 0 0 0 0 0 0 0 0 0 0 0 0 0 0 0 0 0 0 0 0 0 0 0 0
9168 9457 9359 9961 9976 6870 344 8716 9154 8849 8291 8445 9075 9228 9340 8881 8054 8962 4814 157 1946 5217 0 0 0 0 966 7400 9869 6744 0 2098 443 486 4279 3609 5687 9485 9789 8615 5872 8343 8940 8135 5103 5202 9928 2371 0 0 0 0 0 0 0 0 0 0 0 0 0 0 0 0 0 0 0 0 0 0 0 0 0 0 0 0 0 0 0 0 0 0 0 0 0 0 0 0 0 0 0 0 0 0 0 0
8741 9556 9948 7058 4017 4070 5360 9137 5918 4272 5777 8460 8993 9094 9027 8216 6293 9277 5658 5993 8002 5681 0 0 0 0 2711 9651 9592 3324 1567 8404 3278 0 1965 3896 3431 9491 9706 8960 5068 9090 8717 3965 3516 8659 9786 831 0 0 0 0 0 0 0 0 0 0 0 0 0 0 0 0 0 0 0 0 0 0 0 0 0 0 0 0 0 0 0 0 0 0 0 0 0 0 0 0 0 0 0 0 0 0 0 0
6916 5067 4505 5885 9668 10000 7731 9435 1992 0 0 505 5540 6294 415 0 1 1180 0 976 1559 3041 0 0 0 812 8471 9818 8724 1058 7501 8359 4 0 562 2248 1054 6995 2503 5110 5101 9493 6744 798 8088 9450 9386 12 0 0 0 0 0 0 0 0 0 0 0 0 0 0 0 0 0 0 0 0 0 0 0 0 0 0 0 0 0 0 0 0 0 0 0 0 0 0 0 0 0 0 0 0 0 0 0 0
1898 0 1909 9505 9947 9325 621 3794 0 0 0 970 9518 6998 3582 6681 5537 0 0 0 0 0 0 0 0 515 8295 5047 2010 2204 8540 5531 286 0 630 5838 2866 3450 853 1956 1394 9035 5713 4028 9494 9926 3740 0 0 0 0 0 0 0 0 0 0 0 0 0 0 0 0 0 0 0 0 0 0 0 0 0 0 0 0 0 0 0 0 0 0 0 0 0 0 0 0 0 0 0 0 0 0 0 0 0
0 0 673 9524 7238 5290 0 0 0 0 0 2132 9471 9412 9456 9547 7607 0 0 0 0 0 0 0 1332 4470 8457 6349 949 4916 9649 4896 2245 0 0 1206 2094 6603 6934 6673 5782 10000 2940 3569 6982 2205 0 0 0 0 0 0 0 0 0 0 0 0 0 0 0 0 0 0 0 0 0 0 0 0 0 0 0 0 0 0 0 0 0 0 0 0 0 0 0 0 0 0 0 0 0 0 0 0 0 0
0 0 0 1111 17 0 0 0 0 0 0 3803 9547 9805 9409 8679 7764 0 0 0 0 0 222 5651 9307 9717 9935 7800 973 7042 9110 4802 3784 0 0 0 882 8048 7769 2577 1821 8394 1343 2 7266 0 0 0 0 0 0 0 0 0 0 0 0 0 0 0 0 0 0 0 0 0 0 0 0 0 0 0 0 0 0 0 0 0 0 0 0 0 0 0 0 0 0 0 0 0 0 0 0 0 0 0
0 0 0 0 0 0 0 0 0 0 0 5058 9928 9898 9847 8992 6775 0 0 0 0 0 5740 9232 9279 9963 10000 3334 0 7875 3271 758 2277 6798 4141 0 0 7765 9367 2557 4254 8329 4249 0 278 0 0 0 0 0 0 0 0 0 0 0 0 0 0 0 0 0 0 0 0 0 0 0 0 0 0 0 0 0 0 0 0 0 0 0 0 0 0 0 0 0 0 0 0 0 0 0 0 0 0 0
0 0 0 0 0 0 0 0 1005 4109 5332 8777 9940 7471 9353 9432 6934 0 883 3384 0 2995 7770 8737 9760 9969 9081 1465 0 5594 3642 7706 7979 3765 4800 0 0 5330 7248 705 8110 10000 4608 0 0 0 0 0 0 0 0 0 0 0 0 0 0 0 0 0 0 0 0 0 0 0 0 0 0 0 0 0 0 0 0 0 0 0 0 0 0 0 0 0 0 0 0 0 0 0 0 0 0 0 0 0
