gis_files/floamy.asc
ncols         625
nrows         694
xllcorner     895000
yllcorner     515000
cellsize      5000
NODATA_value  -9999
[rows 228 to 284 of 694, columns 288 to 383 of 625]
9857 9282 9117 9585 9230 6524 4 0 0 0 3 2758 8018 9392 8171 8976 9950 9809 9772 9587 9473 9663 9774 9725 9624 9651 3914 0 0 0 0 0 0 0 0 0 0 0 0 0 0 0 0 0 0 0 0 0 0 0 0 0 0 1667 773 0 0 0 0 0 0 0 0 0 0 0 0 0 0 0 0 0 0 0 0 0 0 0 0 0 0 0 0 0 0 0 0 0 0 0 0 0 0 0 0 0
4761 9407 9812 9288 9689 9633 1982 0 0 0 0 0 9 1520 4439 7661 9280 9777 9114 9635 9146 9588 9651 9916 9854 9616 8754 6853 4811 4159 1641 0 0 0 0 0 0 0 0 1341 6805 6860 6740 6286 3961 607 0 0 1791 4372 4661 4468 2775 8400 8382 3410 897 0 0 0 0 0 0 0 0 0 0 0 0 0 0 0 0 0 0 0 0 0 0 0 0 0 0 0 0 0 0 0 0 0 0 0 0 0 0 0
5082 9957 9741 9059 8674 9771 5068 0 0 0 2031 45 0 0 0 30 4702 8622 8303 9616 9620 9630 9404 9570 9429 9257 9486 9040 9331 9172 7800 6025 4349 3517 3934 3957 434 0 0 3299 6792 4110 7861 9381 9322 8988 6765 2590 1133 8430 2379 2515 5644 9697 4446 6767 8944 1070 0 0 0 0 0 0 0 0 0 0 0 0 0 0 0 0 0 0 0 0 0 0 0 0 0 0 0 0 0 0 0 0 0 0 0 0 0 0
4573 9585 9632 9582 8717 9402 7687 3004 0 3542 4503 6387 6637 4048 0 0 0 3992 8788 8299 8680 9477 9374 9414 9563 9671 9762 9576 9424 8851 9618 9667 9094 9203 8856 9089 5307 19 0 0 4459 6990 7104 9908 9888 9029 8857 8309 3941 5843 3388 0 0 2308 5588 13 7370 7738 5192 3956 2741 1570 427 0 0 0 0 0 0 0 0 0 0 0 0 0 0 0 0 0 0 0 0 0 0 0 0 0 0 0 0 0 0 0 0 0
4842 9848 9223 9728 9081 9686 9270 8538 548 0 0 747 8149 9333 3649 0 1331 7627 8497 8964 8977 8680 4665 1511 3885 3029 4295 7865 9798 9135 9792 9795 9387 7962 8098 5378 398 1773 157 58 8270 5794 8417 10000 9507 8774 9052 9095 3569 5852 7610 0 0 0 1821 99 111 1560 2846 3294 3161 4045 5096 5304 3927 0 0 0 0 0 0 0 0 0 0 0 0 0 0 0 0 0 0 0 0 0 0 0 0 0 0 0 0 0 0 0
3578 9799 9393 9661 9091 9205 9398 9162 7979 0 0 0 0 3524 9355 6082 3313 9850 9458 9403 9117 9176 8423 7669 9447 9509 9135 9627 9453 8884 9007 9375 9002 6830 8140 1071 1513 8573 6349 5903 9920 5350 8821 8959 8757 8733 5718 8725 4037 2100 7550 4056 168 0 0 0 0 0 0 0 0 0 0 83 3940 144 0 0 0 0 0 0 0 0 0 0 0 0 0 0 0 0 0 0 0 0 0 0 0 0 0 0 0 0 0 0
3195 7362 9598 9407 9388 9416 9396 8974 8819 1125 0 0 0 0 3777 9635 9649 9788 9706 9766 9124 9380 8365 8871 8908 8858 9300 9228 8923 8693 9202 9611 9342 9320 8896 3152 0 1936 3621 7781 9054 7705 7806 9045 8410 8130 4568 8914 8199 5390 1862 6779 8067 2791 0 0 0 0 0 0 102 1876 2314 1584 0 0 0 0 0 0 0 0 0 0 0 0 0 0 0 0 0 0 0 0 0 0 0 0 0 0 0 0 0 0 0 0
7331 4002 8894 9628 9662 9675 9615 9450 9501 6987 613 0 0 0 89 7562 9678 9530 9909 9780 9664 9493 8696 8509 8367 8524 9167 8630 8891 8501 8237 8964 9078 9107 9007 7828 36 2965 7590 6795 9594 9862 8701 8709 8246 6804 7718 9075 8726 8874 6556 2734 3650 9199 7551 5483 1883 1836 4356 6607 7790 9257 9279 9042 3401 0 0 0 0 0 0 0 0 0 0 0 0 0 0 0 0 0 0 0 0 0 0 0 0 0 0 0 0 0 0 0
9152 2461 7674 9444 9626 9784 9853 9763 9698 9194 7158 243 2485 5254 4749 6860 9562 9891 9873 9798 9593 9730 9382 9305 9279 9276 9033 9004 9286 9387 9368 9032 8898 9551 9237 7456 626 7655 1413 1060 9037 9204 9106 9119 3076 2676 8950 9010 8148 8790 8634 7205 6437 4432 8511 9566 9678 9050 9453 9705 9124 9294 9408 9425 9444 6285 0 0 0 0 0 0 0 0 0 0 0 0 0 0 0 0 0 0 0 0 0 0 0 0 0 0 0 0 0 0
9157 1791 7575 9475 9966 9641 9490 9566 9840 8838 8576 6067 8843 9625 9060 9344 9485 9670 9773 9217 8859 9221 9739 9100 9453 9322 8640 6050 6808 9417 9328 8988 8978 8774 9375 8946 8243 3881 0 1887 9015 8829 9090 7938 1833 614 7250 5336 4388 8769 9176 8650 8189 4152 4295 9157 9374 9361 9054 9500 9216 9425 9285 8979 9356 6789 0 0 0 0 0 0 0 0 0 0 0 0 0 0 0 0 0 0 0 0 0 0 0 0 0 0 0 0 0 0
9405 5584 5384 9738 9980 9641 9668 9261 9810 9249 9751 9322 8987 9398 9752 9712 8324 9764 9773 9758 9565 9354 9922 9689 9463 8947 8697 4867 5399 9320 8992 9557 9228 9666 9553 8511 6781 6303 1122 6228 9117 9195 9464 8807 8459 6076 4339 0 0 5207 8878 8860 9022 7925 5189 4493 9345 9256 9610 9279 9389 9258 9131 9364 9424 4905 0 0 0 0 0 0 0 0 0 0 0 0 0 0 0 0 0 0 0 0 0 0 0 0 0 0 0 0 0 0
9547 7700 2895 6445 7880 9930 9713 9816 9853 9667 9795 9305 9154 9491 9772 9940 9930 9909 9859 9545 9867 9671 9911 9641 8972 9051 8648 8383 1707 5142 8588 7873 9131 9063 7968 8918 8775 9600 7262 8350 8999 9364 9287 8855 8994 5790 2587 0 0 172 7462 9229 9103 9889 8201 4000 4841 9487 9598 9511 9733 9257 9219 9080 9630 9495 7412 4612 4926 3534 160 0 0 0 0 0 0 0 0 0 0 0 0 0 0 0 0 0 0 0 0 0 0 0 0 0
9319 8856 6548 7408 4194 4850 9685 9812 9835 9879 9744 9633 9255 8987 8863 9158 9966 10000 9674 9183 9570 9925 9530 9854 9725 9226 8766 8952 4969 836 7578 8704 8572 8396 7360 8728 7975 8723 9490 9210 9555 9136 9006 9095 9000 4071 0 0 0 0 3934 8171 9089 9127 9754 4510 3511 5628 9880 9683 9335 9151 9184 9533 9394 9118 9465 8579 8835 9346 8690 5350 0 0 0 0 0 0 0 0 0 0 0 0 0 0 0 0 0 0 0 0 0 0 0 0
9288 8938 8513 8439 8993 3267 9252 9523 9809 9859 9832 9625 9709 9690 9247 7908 9927 8937 9196 9193 9046 9768 8732 8939 9460 9551 9085 8137 6495 2318 7013 8886 8581 7828 4040 4143 8685 9044 8770 8322 9640 9536 9330 9129 9168 3826 0 0 0 0 11 5342 8569 8489 9222 8836 3378 3574 4598 9288 9375 9497 9501 9724 9810 9576 8746 8847 8819 9161 9103 8449 4095 670 18 753 0 0 0 0 0 0 0 868 5831 3125 7 0 0 0 0 0 0 0 0 0
8997 9279 8755 8380 8737 8928 4233 6303 8447 9930 9897 9922 9880 9370 9952 8993 9781 8358 8671 9421 8794 9044 8710 9113 9332 9198 8406 7656 7723 4477 1860 9345 9226 7074 9064 8579 8254 8162 8351 7349 8989 9631 9246 8810 9289 2523 0 0 0 0 0 491 7617 9179 8772 9019 7243 5957 5163 6172 9014 7754 7677 9425 9433 9695 8872 9167 9115 9138 9400 9107 8551 5037 8144 7894 0 0 0 0 0 113 25 956 4317 8651 5699 0 0 0 0 0 0 0 0 0
9509 9257 8358 8265 9306 8738 9129 5452 3835 6614 9214 9723 9890 7304 9043 7605 7949 8280 9020 9039 9047 9437 9284 9186 9368 9466 7398 4877 7840 9025 8405 8597 9093 8338 8899 9008 7811 6485 8436 1212 5312 9258 9296 9263 9471 1078 0 0 0 0 0 3595 9012 8976 8834 8741 9241 8146 4419 3915 8836 8944 9005 7692 9096 9325 8819 8724 8727 9138 9115 8677 9436 8660 9030 7056 0 0 0 0 0 3577 4096 0 6 8296 6851 0 0 0 0 0 0 0 0 0
9468 9206 9283 9141 9265 7236 8361 8537 6044 3577 4094 6531 6961 5342 3879 2537 4913 3788 8752 8858 8743 8740 8953 9275 8443 9184 6694 7512 8915 8789 8646 8764 8906 6470 8328 7661 6485 5300 6644 831 3456 8824 9221 9301 9261 6456 186 0 0 0 0 258 8050 8979 9068 8578 8733 8503 6986 2736 7657 8735 8818 8779 8202 8695 8862 8530 9041 9250 8882 8843 9223 8819 9184 8638 5048 4051 4381 657 0 473 7180 1322 1366 9494 3766 0 0 0 0 0 0 0 0 0
9327 9268 9624 9412 9103 7065 3935 4551 7364 6142 4650 5908 6024 5659 5214 4542 5516 5577 5538 7361 8355 9017 8752 8962 8192 7338 9093 8659 9032 8906 9030 9242 8563 9502 9141 8910 8538 5438 6296 4698 3653 8892 9344 9298 9358 9130 6637 524 0 0 0 36 7416 8909 9421 8114 8843 8684 7846 3528 8333 9359 8664 8670 8407 8804 7778 8388 7790 7431 4828 9248 8608 9451 8958 9048 8660 8171 9601 1663 0 0 1117 5082 1620 9382 895 0 0 0 0 2 1882 789 0 0
9248 9339 9423 9203 9261 9237 8760 6606 4144 9082 9381 8815 8766 4732 3759 2521 4471 5093 6970 7008 6968 8293 6081 9052 8940 8412 8612 8930 9042 8911 8390 8066 8638 8775 8731 8803 7942 7321 7410 6367 8763 9122 9076 8719 9448 9481 9455 7586 2008 0 0 31 4474 6685 9076 9071 9267 9275 9102 6041 5803 7884 8435 9095 8383 8261 8556 8975 8348 8087 7145 8331 8499 9212 9257 9194 9214 8533 9151 1968 2617 307 0 3023 3700 9448 6468 2566 278 21 2755 8918 9188 9086 5600 2759
9005 9030 9130 9324 9430 8767 2318 7039 7498 7536 9407 9540 9402 5853 591 0 0 1570 5523 3432 3006 6736 5392 6260 7938 8958 9020 8566 8723 8969 8904 8054 8364 9328 8163 8044 8810 8148 9033 8708 6882 8065 9504 9396 9537 9114 9282 9182 9420 6711 8 0 4766 935 7691 8453 8717 9143 9154 9213 5020 4970 7867 6430 5964 8732 9202 9337 8843 7671 8391 8491 8809 8786 9301 9270 9563 9123 8852 8901 9381 8132 3270 6315 9292 9534 9436 9608 5557 6806 9159 9278 9090 9068 9089 8596
7373 9275 9194 9551 9354 9277 7694 3589 6843 7914 8817 9020 9147 9664 8658 5783 7364 3218 3 1357 1556 2188 2268 2638 4336 6131 9193 8487 6049 9073 8081 8802 8932 8765 8877 8537 8357 8551 8966 9103 6928 6799 9151 9471 9551 9221 8485 9322 8810 6238 489 0 1536 7621 8678 9172 9449 9105 9051 9067 8629 5681 5299 8049 4959 1962 4391 8549 8137 7357 7609 9055 7945 8795 9031 9210 9334 9116 9339 8979 9568 9243 9214 9017 8750 9055 9090 9154 8626 9148 9358 9286 9010 9357 9188 8412
647 4979 4356 4750 7155 9481 9215 9222 8724 8322 8824 9232 9040 9022 9097 9462 9341 9096 7103 3755 869 6308 8236 7777 6261 1945 1305 3151 3564 5667 8419 8080 8770 8369 8665 8854 8304 7077 8095 8425 8657 6462 6615 9560 9537 9523 9384 7313 5166 0 0 0 0 4881 8869 9235 9175 9125 8606 8536 9171 9305 7003 5815 8062 6187 2806 1349 7104 9321 9047 8685 8317 7570 9173 9122 9147 9272 9313 8732 9156 9363 8888 2588 6544 9198 9007 9286 9281 9476 8980 9343 8952 8769 9436 9440
2330 0 3105 5686 5962 9314 9233 9233 9273 8824 8500 9705 9583 9661 9591 9459 9082 9092 9583 9118 5282 963 3261 9296 8853 9260 6729 5322 7830 5854 1379 6137 6906 8344 8517 9275 8598 6234 6074 8886 6248 6930 6101 8979 9366 9382 9238 7538 885 0 0 0 0 1643 8280 9074 9086 9299 9282 9120 7212 7062 8255 5402 5095 6158 7353 3382 6970 8978 8239 9451 8839 7016 8853 9019 9329 9116 9394 8978 7330 6443 7431 4273 1574 9378 5234 9142 9273 9271 9377 9193 8886 8839 9240 8969
8008 0 634 5685 5020 2653 5519 8909 9497 9384 9362 8633 9301 9147 9470 9420 9084 9099 9358 9548 9438 3631 1035 3251 6282 4068 4026 8456 8974 9522 6896 4127 2494 6117 9540 9089 9026 8559 2005 6516 2761 2140 4475 9067 8108 9284 7138 3651 0 29 0 0 0 2676 7571 9142 8888 8767 9211 9213 8735 8369 7970 7443 8297 6358 4807 8390 7128 7773 9184 8948 7859 8745 9204 8102 9099 9322 9554 9344 9390 8298 1513 5838 5289 5544 3925 6112 9328 9351 9579 9063 8917 6741 9207 9484
8773 1328 0 5583 2511 2 708 8970 9182 9440 9365 9590 9778 9565 8971 8957 9093 9627 9242 9444 9556 9095 8002 4224 5454 2564 1291 8002 8436 9624 9512 9385 8532 2568 6430 8833 7368 7622 1323 1148 3770 2325 6054 8650 9025 9423 6134 4425 207 5063 4947 519 673 8631 9163 9314 8427 8914 7209 8643 9287 8095 8840 7579 8861 8431 7518 6217 9115 7595 8909 9526 8690 8983 8632 8553 9094 9293 9143 9243 9493 9381 6473 363 3455 5141 7393 4614 7823 9342 9146 9278 9396 9269 9263 9361
3882 2012 0 0 1095 233 1042 7820 9216 9278 9412 9538 9478 8155 9136 9532 9311 8770 9873 9687 9790 9840 6901 9498 9428 9659 7928 6078 8214 8978 9266 9036 9134 8895 2601 2429 2516 2509 5190 2302 3295 5488 3829 6980 6639 9264 8681 3059 4851 6310 9339 6916 6205 9356 9578 9743 8419 8318 8955 8993 8619 8928 9332 8615 8383 7961 7918 5711 5137 7532 7555 7957 7992 8616 8843 8468 8665 9098 9373 9460 8969 9424 9229 6019 113 7627 8844 5262 1901 9209 9400 9234 9519 8690 9080 8331
9361 5608 6265 6928 116 638 6308 9179 5369 4973 8865 9503 9610 9402 9543 9278 9845 7856 9714 9660 9809 9348 3406 9340 5977 8305 9367 7412 8703 8980 9153 8893 9063 9076 9231 6913 7155 6981 5824 1300 4307 6858 4712 6446 6181 4770 6342 2969 7299 9372 9093 9062 9034 9169 9556 9565 8582 8871 8069 9231 7672 8498 8896 7967 8768 8474 8923 9320 6607 6057 9165 7663 8237 7750 7979 8530 8390 9190 8772 9036 9475 9241 9159 9452 4313 1254 8098 6003 0 8617 8639 9323 8900 8514 9100 8374
9378 9475 9313 9317 7105 1874 0 13 3721 3307 594 3372 6522 6025 8569 9453 9528 9066 9631 9677 9726 9326 5138 2980 88 6685 9390 9294 9531 8561 8688 9424 8903 9351 8672 9112 8643 8641 9002 7513 4485 3551 3893 3126 4237 2390 2128 1679 8266 9434 9174 9280 8841 9258 9366 9004 8976 8928 8750 5783 9273 7143 8111 5891 3792 6869 8417 8981 9400 5041 3734 9227 8468 8337 9307 8329 8261 8931 7211 8652 8337 9673 9293 9049 9243 4353 7346 8149 4211 6592 5999 8518 9467 8966 8724 7996
8969 9431 9128 8675 7954 8556 1152 0 2371 7296 5694 0 0 2026 7347 9663 9849 9775 9690 9615 9641 9523 5830 5889 1144 3857 9378 9307 9493 9782 8869 8847 8604 8253 8932 8853 8643 8952 8908 8935 8558 8279 8647 8401 4132 7070 7536 4155 2009 5262 8728 8475 8759 7826 8529 9732 9136 8838 8932 7820 9034 8486 8476 6288 0 5237 7433 7749 8979 9048 6064 7690 8706 6238 7494 6839 7809 8901 8544 4802 5849 8685 9287 9164 9164 8861 8638 8790 9250 4848 4306 8848 8614 8978 8767 8819
9218 9079 8802 8586 8962 9246 452 3063 7277 9309 9086 3522 13 835 5233 7015 9639 9813 9653 9761 9431 5820 8760 9664 8723 8124 8844 8335 9169 9337 8841 8921 7958 8884 8349 9033 8761 8958 8881 5154 6928 8984 9110 8322 9159 8397 6161 7848 7153 4877 7605 8108 7482 7644 9005 9537 9371 9192 8424 9059 8048 9234 8423 6791 19 2716 8463 8511 7053 9070 6118 6763 8893 8732 7870 8484 8497 8792 7942 5275 2807 8244 9051 9547 9281 8938 9085 8844 9235 5246 8354 9190 8871 9116 8388 8459
9234 8957 9096 8469 8778 8668 1621 3987 8344 3568 4601 8281 2675 0 0 0 4838 9703 9731 9524 9582 9578 9602 9785 9691 9242 8795 8965 8028 9004 9198 9003 9136 8806 8475 9223 9074 8975 8695 2895 6180 8492 6323 7224 8204 9057 8814 9451 8771 8807 6301 4009 2298 4117 7416 9402 9477 9019 8617 8778 8872 7985 8002 8294 5023 9 3129 5975 6180 8175 8041 5018 7263 5532 8201 8195 7715 8603 8619 8293 7665 9146 9369 9124 9047 9480 9269 8879 9146 8909 8527 9273 9022 9099 9230 8897
9258 9497 8685 8985 9599 4793 5280 520 7632 1979 0 3261 1975 0 0 0 0 445 2151 8596 9818 9753 9185 8764 9540 9464 9293 8690 8813 8882 8945 9059 8949 8944 9025 8629 7554 9124 7108 9185 9209 9181 8954 9036 9200 8752 8729 9093 8578 9278 9164 8785 8788 3893 3223 4519 9072 9474 8261 8871 9253 9175 8593 8720 9176 4409 6 4278 5887 8282 8349 5208 6990 7344 8142 8434 8772 8291 8404 8047 8098 8174 9071 9190 9112 9152 9287 9384 9002 9397 9203 9471 9126 9352 9335 9326
9321 9555 8882 8572 9647 7772 7423 497 4275 4211 0 4779 5442 19 0 0 0 0 0 5266 9700 9930 9461 9593 9551 9344 8632 9060 8975 9304 8800 8984 8960 8428 8859 8270 7224 8803 8454 9112 8742 9689 7865 8719 8932 9254 9396 8945 9362 9124 9438 9323 9562 9272 7446 1704 5425 9086 8910 9163 9139 9481 8980 7728 8043 9052 6309 6831 8037 9057 8809 3709 5600 5182 7394 3413 7968 7248 7993 8201 8947 8876 9149 9267 9430 9314 9130 9289 9532 9117 9504 9484 9176 9345 9601 9731
9278 8600 9102 9466 9635 9629 8251 6812 2787 11 502 21 5172 3015 0 0 0 0 0 876 6789 9777 9851 9553 9232 8597 7882 7831 8046 8634 9057 8723 8757 8705 8382 8840 8421 9014 9383 9838 9350 9235 9261 8900 8286 8959 9437 9286 9342 9450 9239 9467 9501 9613 9683 7576 4056 2204 9494 9462 9363 9041 9192 7768 8583 7580 8787 8969 6911 9166 9437 8438 6539 5099 5617 8058 3511 6581 9257 7975 9069 8919 8855 9141 9454 9642 9302 9114 9151 9179 9371 9478 8757 8900 8970 8897
2380 1333 7404 8858 9419 9496 9574 9214 9611 8031 9384 1165 3087 8102 433 0 0 0 0 0 50 6555 9669 9465 9587 7657 9170 8599 8050 8708 7883 7601 8613 9036 8583 8288 7132 8943 9100 9256 9390 9666 9626 6062 6848 9711 9791 9074 9370 9707 9567 9286 7996 9565 9088 9728 7746 5157 871 2034 3593 7032 8010 9559 9390 7707 8977 8901 8502 9588 9572 9429 8462 9405 5292 8378 6647 3394 5235 8100 8091 7890 8219 8887 9544 9196 8739 8167 6151 8771 8968 9562 8876 9336 8876 8852
1928 0 592 4563 8320 9504 9219 9464 9647 9442 9525 4932 822 8907 6324 3540 1441 0 0 0 0 847 9578 9474 9689 9715 9028 9073 8284 7924 7429 7841 8391 8958 9026 9078 8938 8738 8589 9206 9557 9773 9661 9084 9178 8910 8774 8446 9465 9407 9597 9136 8503 9346 9363 8643 7632 8785 8358 9341 7775 4154 3747 6771 9628 8996 9466 7754 9331 9357 9295 9454 9256 9548 9376 4463 8408 4828 1738 8292 7995 5824 1822 8288 8428 9531 9689 8884 8967 9130 8593 9269 9352 9212 8814 8719
4357 187 0 0 3451 9426 9713 9585 9518 9489 9329 7593 8181 9723 9766 8801 4544 2384 6280 2598 1146 3656 9839 9725 9599 9562 9274 9351 8686 8147 8417 8231 7748 7739 7187 8926 9029 9152 8983 9246 9678 9433 8895 8755 9109 9050 8870 9090 9491 8654 8893 9100 9195 9117 8849 7481 3945 7443 8316 9393 8415 7735 5310 2775 4878 9101 9098 6661 7456 9037 9154 9206 9613 9232 9934 6519 5679 9013 7714 3808 9086 3133 1169 5155 7209 9103 9084 9100 8525 9640 9564 7061 8144 8061 9283 8920
9154 6329 5771 2477 4014 9357 9385 9461 9358 8972 4217 4910 2935 9009 9880 9706 9656 8597 9645 7168 9934 9832 9811 9823 9592 9970 9872 8974 8477 7868 7960 8002 8611 8903 8740 8515 9104 9216 8987 9044 8976 7909 7719 8237 8554 8732 8727 9065 8793 9656 9516 9300 8856 8672 9296 6364 7558 8755 9294 8874 7009 8509 8366 8888 6845 2806 6355 5144 7627 8393 9792 8525 8385 7922 6918 9086 5341 4436 6787 8227 3504 7309 5192 4592 240 7636 9002 9336 9461 9556 9582 2117 6332 8715 9143 8882
9388 9318 9223 8441 8811 9097 9552 8881 8823 6915 3780 0 3025 8708 9673 9108 9707 9709 9564 9411 9735 9784 9819 9746 9759 9663 7909 9774 8998 7266 8704 8579 8600 8339 9055 8191 9106 8896 8858 8853 8653 8761 7974 7902 8297 8480 8567 8828 9122 8854 9123 9186 8839 9024 8455 4303 6439 7717 8822 7083 1825 2758 8332 8725 8522 3737 3237 3909 3252 4899 4298 8949 6231 7069 4756 6990 3764 2252 731 5641 6949 3104 8121 7369 3460 8098 7547 9165 9238 7594 9295 7803 6091 8309 9247 4614
2312 8792 9499 8988 8703 8455 4861 2283 1228 3730 421 4868 8915 9526 9302 9337 9068 9463 9094 9412 9208 9165 9697 9720 9773 9704 3935 9341 9460 2661 9569 9095 8546 8862 8366 8591 8828 8825 9168 9030 8843 8478 9272 8676 9026 8655 8428 2077 2658 4466 7917 8566 9679 8796 6844 4315 5283 5040 5425 4242 8251 4967 2433 4197 4911 6082 2642 4206 3647 2333 1671 2431 2949 723 0 2745 3711 5881 317 504 5512 7459 3898 4631 4406 482 5509 4330 8515 9096 8646 8738 9664 8193 9578 2566
2185 1149 7492 8925 7935 7998 3965 8102 3062 1688 8452 7440 7758 7540 9454 8583 9043 9819 9451 9793 9672 8677 9827 9492 9808 9763 9828 9205 9509 8862 5220 9002 9450 9785 8608 8389 9154 8875 8499 8467 8706 8555 8598 8920 8916 8928 8852 8308 8254 8595 7416 8787 9927 7334 3149 8587 8855 4050 6935 5753 8355 8099 6749 7445 8600 7127 9159 9241 8686 2614 8119 8954 8922 3981 171 302 2067 1380 1764 2282 691 2757 2151 430 3358 5739 4287 952 5943 8697 7570 8424 9572 8449 8261 5598
6957 0 2966 9108 9261 7565 7876 9053 8595 8497 7506 29 223 8331 8833 8275 9176 8640 9957 9353 9847 9618 9751 9423 9554 9724 9420 9538 9592 9570 8271 8462 9658 9973 9223 9067 8787 9164 8558 8798 8955 9185 9126 8845 8761 7812 5223 7542 8250 8574 8131 8724 8725 3806 8565 9490 9321 7022 5392 7425 8851 9121 9033 9343 9497 9062 7986 9197 7943 2285 8279 9380 9106 3525 1856 2031 0 0 2009 5503 3827 2605 559 3936 2412 3310 8294 8631 9177 7963 9005 8553 8549 8765 7982 7854
9289 497 939 6710 9269 1318 5308 8951 9687 7503 5269 912 2384 8441 9541 7673 9136 8755 8750 8892 9737 9518 9644 9603 9452 9198 9573 9599 9701 9457 9476 9484 8959 9811 9431 9237 8988 8810 8825 9237 9054 9248 8556 8558 2762 950 20 889 7727 9036 8899 6655 2699 7454 9486 8803 8957 8076 9365 9640 9126 9036 9166 9380 9447 7917 5430 1544 2919 4004 9116 9656 9591 1584 0 0 0 0 1479 6009 4340 1594 2570 2516 4882 5939 2939 3565 3628 2456 4707 4663 8729 7827 8694 9156
9605 5783 7 0 4133 1757 0 674 3477 1799 2623 4866 634 4693 9208 8933 9642 9675 8069 8923 9473 9718 9783 9574 9492 9439 8815 9077 9471 9480 9578 9326 9462 9481 9109 9024 7957 7149 8650 8394 8889 8756 8790 6286 112 0 0 0 535 2308 2089 1541 1407 7342 9490 8912 938 168 7903 9342 9272 6101 8892 9030 8212 9407 9032 576 1415 5988 8289 7362 2816 36 0 0 0 0 0 2921 2101 3544 6308 1734 1925 2589 2820 1984 4176 2208 3593 4101 6677 6522 5792 5770
9206 9577 6850 1282 230 2560 168 0 0 0 0 0 0 547 8537 9423 9991 9984 9609 9641 9442 9710 9838 9854 9701 9635 9759 9160 9463 9398 9345 3801 3610 8272 8957 8229 6006 2258 827 586 3686 5130 3553 84 732 5418 7951 4032 11 0 0 0 0 251 7406 7160 0 0 3087 8879 7350 27 5406 2342 6427 8990 5895 2692 5468 1854 0 0 0 0 0 0 0 0 0 0 0 0 2 947 3327 2103 0 1280 8429 7306 4460 4408 3657 6214 8658 5567
9504 9653 9398 9313 7478 2819 0 0 0 0 0 0 0 0 7092 9342 9943 9862 9510 9197 9030 8221 7670 8185 9472 9747 9745 9463 9480 9244 8318 5839 0 768 9556 4438 35 0 0 0 0 0 0 0 3783 8676 8521 8563 2510 0 0 0 1308 4589 695 6193 1241 2804 2163 9090 4718 1165 6412 3667 9013 9311 4748 4857 2592 1169 0 0 0 0 0 0 0 0 0 0 0 0 0 0 0 0 0 797 5230 6829 6745 7760 4738 4493 9326 5291
9694 9246 9657 9402 9710 8780 3545 174 0 0 0 0 0 0 5949 9409 9895 9792 9443 8998 9469 8005 3218 3367 4461 8616 9695 9561 9731 9203 9313 9179 503 228 9521 3781 0 4243 6462 5655 4944 2061 0 0 2998 8830 8278 9196 7916 4970 347 0 2386 8976 7340 2503 5792 7812 3286 7884 2036 1332 4433 8964 9136 9003 1818 1885 4222 85 0 0 0 0 0 0 0 0 0 1158 1465 2156 1414 1149 8564 7053 1287 5217 4093 2634 3091 2397 6475 3596 913 2128
9603 9645 9638 9666 9549 9383 9290 8672 6443 826 0 0 0 0 1208 7921 9538 9704 9609 9308 5504 3352 1819 7230 4442 8420 9288 7346 2497 7535 9741 8251 1222 365 9122 7926 0 3374 8402 8645 8667 9182 2671 0 4327 7932 2792 2000 1345 512 0 0 0 6885 9097 9134 6642 4144 0 758 0 0 3102 9341 8878 3042 0 1538 3606 0 0 0 0 0 0 37 3379 6629 1586 9345 9602 9323 9215 9455 9378 8583 5694 3857 6698 8289 5412 231 48 4500 7450 8092
9207 9696 9482 9276 9433 8263 8326 7893 8388 4079 0 0 0 0 0 5974 9103 9095 9295 9162 9015 7815 7280 7762 9100 9312 9507 6422 0 0 179 1030 2096 1044 4587 3850 35 4932 8522 8398 9424 9448 9482 8767 9387 5590 67 0 0 0 0 0 0 4280 4669 3308 7522 8668 1697 0 0 1119 7093 8672 2866 121 1081 4225 371 0 0 0 0 274 0 4225 9310 8866 6878 9504 9322 9455 9230 9015 9420 4231 8644 7803 6747 4511 1832 0 1201 9417 8323 8928
4991 6926 9579 9550 7464 8506 7067 4059 1144 816 0 0 0 0 0 2114 6768 7021 9717 9194 9243 8352 8324 9207 8835 9000 9380 9211 5474 5288 3544 0 423 2515 4613 3360 7887 8845 7770 8719 9116 9646 9261 8648 4076 249 0 0 0 0 0 0 0 253 5766 794 2378 8730 3774 0 0 6411 7762 1418 224 3183 669 1117 0 0 0 0 0 4991 0 1965 4087 4967 9440 8619 7047 8352 9527 4829 7902 358 212 171 4040 7388 4130 0 0 9071 3896 5315
1727 1728 3963 7421 8150 3585 28 0 0 0 0 0 0 0 0 0 20 6 4358 5441 7166 7297 9014 7848 8524 7747 9141 9387 9541 9734 6239 1728 6376 3388 3247 8457 9456 9171 8855 9423 9239 9243 7049 1647 0 0 0 0 0 0 0 0 0 0 121 2 1404 9417 5241 0 0 45 243 1879 3063 294 0 0 0 0 0 0 2848 6395 0 0 0 0 2838 425 0 523 5828 8757 7104 0 0 0 0 0 0 0 0 1625 1797 6635
9406 6791 67 2168 245 0 0 0 0 0 0 0 0 0 0 1347 4800 972 1739 7 1215 1200 1319 5424 4561 5171 2464 6709 9293 9251 9539 5713 4870 151 5506 7989 6561 5456 4388 6104 7994 7578 443 0 0 0 0 0 0 0 0 0 0 0 0 0 1121 9116 7154 0 0 254 336 0 0 0 0 0 0 0 0 0 7191 4242 0 0 0 0 0 0 0 0 44 4463 4394 0 0 0 0 0 0 0 446 6440 9205 8574
9931 8456 1299 2213 0 0 0 0 0 0 0 0 0 0 0 6051 9659 3301 0 0 0 0 0 0 0 0 1082 0 303 529 781 810 3502 7392 1471 0 0 0 0 0 3967 2344 0 0 0 0 0 0 0 0 0 0 0 0 0 0 477 9146 1306 0 0 3938 18 0 0 0 0 0 94 0 0 407 9077 3750 0 0 0 0 0 0 0 0 0 491 1427 0 0 0 0 0 0 2911 3417 9359 9356 6291
9752 9669 9716 6271 0 2868 9061 3066 0 1877 2709 3252 7323 6679 4418 8423 7542 404 0 0 0 1040 1049 0 0 0 2195 3148 0 0 0 253 8405 700 0 0 0 0 0 0 5088 2835 0 0 0 0 0 0 0 0 0 0 0 0 0 0 727 7464 0 0 809 1408 0 0 0 0 0 2182 4880 332 0 2493 7901 2606 0 0 0 0 0 0 0 0 0 166 289 0 0 1 1910 6819 40 7834 7983 3999 630 16
9961 9986 9905 1793 30 7226 9364 2549 0 2564 9813 9488 9521 9501 9396 9425 8813 4043 0 4319 6959 9461 9734 5047 6433 4609 6394 7621 2095 279 14 706 630 0 0 288 355 0 0 0 4574 1840 2094 1388 242 0 0 0 0 0 0 0 0 0 0 0 1609 6105 1 0 1362 15 0 0 0 0 4228 9430 5058 4209 0 4463 4951 1541 0 0 0 0 0 0 0 1431 5284 8054 1149 0 0 4570 4958 6843 5554 5191 0 0 0 0
9857 9874 9776 9294 8201 9686 9075 6460 978 2801 9528 9782 9389 9405 9447 9425 9605 8982 7354 9573 9512 9894 9726 9231 9893 7630 8027 7400 6919 9364 8863 7020 3019 5406 5824 7818 9212 7058 5740 1154 6898 6636 4515 7034 6635 2106 0 0 0 0 0 0 0 0 0 0 3951 3697 685 0 0 0 0 0 0 2878 9531 9523 9567 5763 0 5270 4760 2019 0 0 0 0 0 0 556 7919 4773 998 0 0 0 2525 6083 6662 5741 3635 1466 5651 4784 0
9966 9887 9821 9878 7582 7729 9319 9709 6604 6865 9773 9630 9427 9427 9479 9461 9911 9439 9536 9476 9728 9684 9859 9939 9781 8239 9979 9777 7374 6898 8538 9757 9952 9153 8588 9941 9888 9927 9250 7813 9508 7750 2114 0 3291 7025 1929 0 0 0 0 0 0 0 0 0 2631 944 115 0 0 0 0 0 0 6938 9512 9823 9563 7645 442 5541 4937 3372 0 0 0 0 0 0 560 786 0 0 0 0 0 1815 5365 7591 55 4911 9585 10000 8130 685
