gis_files/fnsa201314.asc
ncols         625
nrows         694
xllcorner     895000
yllcorner     515000
cellsize      5000
NODATA_value  -9999
[rows 225 to 269 of 694, columns 288 to 383 of 625]
9125 9457 8913 9059 9335 9222 9559 8901 8467 9316 9467 9528 9407 9431 9421 8176 8302 5726 5565 3054 561 3058 983 3741 462 177 0 0 0 0 0 0 0 0 0 0 0 0 0 0 0 0 0 0 0 0 0 0 0 0 0 0 0 0 0 0 0 0 0 0 0 0 0 0 0 0 0 0 0 0 0 0 0 0 0 0 0 0 0 0 0 0 0 0 0 0 0 0 0 0 0 0 0 0 0 0
8983 9438 8916 7222 8920 9380 9385 8698 7515 7407 9560 9389 9328 9695 9729 8906 9078 8364 8416 6046 6178 7500 4853 7503 3737 521 0 0 0 0 0 0 0 0 0 0 0 0 0 0 0 0 0 0 0 0 0 0 0 0 0 0 0 0 0 0 0 0 0 0 0 0 0 0 0 0 0 0 0 0 0 0 0 0 0 0 0 0 0 0 0 0 0 0 0 0 0 0 0 0 0 0 0 0 0 0
8871 9383 6892 5230 8377 9086 9069 8678 8302 7982 8090 7915 7649 9180 9436 8640 9007 9210 8427 7529 8709 8317 7493 8293 8036 4723 0 0 0 0 0 0 0 0 0 0 0 0 0 0 0 0 0 0 0 0 0 0 0 0 0 13 10 44 0 0 0 0 0 0 0 0 0 0 0 0 0 0 0 0 0 0 0 0 0 0 0 0 0 0 0 0 0 0 0 0 0 0 0 0 0 0 0 0 0 0
8933 8175 8588 8775 8460 9457 8759 9250 8555 8876 8783 8551 9022 7391 8549 9860 9624 9334 9066 8997 9316 8702 9372 8709 8218 6643 4294 5626 5454 3244 0 0 0 0 0 0 0 0 1833 4107 4057 4019 3954 1278 0 0 0 178 1 6 1 88 0 0 5 4 0 0 0 0 0 0 0 0 0 0 0 0 0 0 0 0 0 0 0 0 0 0 0 0 0 0 0 0 0 0 0 0 0 0 0 0 0 0 0 0
8951 9446 8850 9176 8777 9140 8909 9708 9448 9555 9827 9448 9281 8910 8256 8550 9532 9017 9536 9022 9474 8928 9437 9283 8949 8394 8983 9216 8682 7461 6696 5236 4713 5189 4617 3 0 0 3112 7633 8195 8539 8471 7671 5078 1145 0 2495 2205 0 0 0 2755 1757 24 0 6 0 0 0 0 0 0 0 0 0 0 0 0 0 0 0 0 0 0 0 0 0 0 0 0 0 0 0 0 0 0 0 0 0 0 0 0 0 0 0
9806 9336 8354 8221 9343 8353 8890 9137 8865 9424 8938 8828 7603 8550 6624 7696 8266 7816 9298 9582 9719 9424 9552 9284 9333 9363 8347 9024 8279 7536 8387 7790 8610 8366 5794 6448 374 0 3679 8593 8164 1596 2387 6571 8120 7992 5089 858 4627 2933 34 0 573 2994 1558 0 0 0 0 0 0 1 125 26 0 0 0 0 0 0 0 0 0 0 0 0 0 0 0 0 0 0 0 0 0 0 0 0 0 0 0 0 0 0 0 0
9081 8950 8846 8352 8639 6958 6959 8911 9117 9195 9281 9344 9342 5763 9171 8770 9147 7967 6133 7584 9311 9246 9269 9452 9614 9615 9122 8692 8184 9130 9088 7598 8645 8026 8664 8775 3887 2696 8223 8738 6928 173 15 1776 7781 5544 6747 2371 415 4008 4797 3115 147 645 1315 864 1756 2158 1825 3273 3825 5258 1109 122 0 0 0 0 0 0 0 0 0 0 0 0 0 0 0 0 0 0 0 0 0 0 0 0 0 0 0 0 0 0 0 0
9551 8833 9113 8803 8706 8239 8477 8999 9417 9584 9333 9331 9541 8847 3660 7382 7905 8320 8460 8451 8349 9234 9675 9469 9191 9039 9506 9409 8057 9633 9398 9104 7111 7465 8489 8540 8717 8456 8811 6285 4626 230 188 7074 8348 4965 3280 907 4696 2287 7373 7668 5759 4280 4877 5118 6325 7129 7376 7184 6599 8017 6232 2629 103 0 0 0 0 0 0 0 0 0 0 0 0 0 0 0 0 0 0 0 0 0 0 0 0 0 0 0 0 0 0 0
9448 8984 8961 8696 8729 8837 8512 9211 8890 8837 8854 8643 8866 9229 8788 8494 8839 9104 9117 8776 8706 8190 8719 9828 9565 9147 9562 9390 8402 8445 8944 8955 6246 7546 8880 7722 8554 8906 8107 1249 3471 6690 7954 8594 8585 8407 4624 3532 2745 2702 3655 7880 8353 8194 8399 7426 7185 7215 7727 7865 7368 8146 8978 8621 1369 0 0 0 0 0 0 0 0 0 0 0 0 0 0 0 0 0 0 0 0 0 0 0 0 0 0 0 0 0 0 0
4479 8647 8810 8490 8564 8679 8164 9093 9225 9382 9256 8535 8989 8522 8658 9393 7155 8452 9449 8727 9257 8090 8757 8726 8747 9125 8865 8852 8467 8718 9434 9027 8879 8453 8430 8509 3920 6468 8204 6923 4843 8752 8808 7924 8762 8683 7624 7796 8151 4567 2431 4663 8480 8318 8342 7745 6680 6816 7664 8111 7908 8417 8298 8477 1195 0 0 0 0 0 0 0 0 0 0 0 0 0 0 0 0 0 0 0 0 0 0 0 0 0 0 0 0 0 0 0
1232 7238 9035 8849 8565 9242 9188 9106 8075 8782 8393 8495 8220 8389 8907 9285 8450 9206 8049 8520 9373 8540 8157 8057 8361 8926 8223 8688 8329 7546 8803 8807 8851 8441 8902 7914 3353 7669 8433 2131 3189 8554 8389 8307 8642 8300 8343 7875 8362 7136 4221 3287 8026 8516 8140 7937 7632 7905 8356 7347 7873 8604 8598 8566 1035 0 0 0 0 0 0 0 0 0 0 0 0 0 0 0 0 0 0 0 0 0 0 0 0 0 0 0 0 0 0 0
2272 5866 8632 8968 9209 9237 9473 9382 9050 8517 5741 9047 9172 8921 9427 8918 7224 9431 8807 8821 8516 8600 9137 9048 9239 8839 8830 9148 9038 8951 8536 8517 9468 8929 7485 3077 5425 8786 8734 4893 7144 8742 8578 8367 8001 8484 8822 7903 8648 8229 5990 6899 4557 7593 8697 8652 8264 8857 8844 8082 8211 8706 8985 6673 55 0 0 0 0 0 0 0 0 0 0 0 0 0 0 0 0 0 0 0 0 0 0 0 0 0 0 0 0 0 0 0
3264 7445 9163 9407 8945 9183 9404 9714 8736 8517 7523 8787 8802 8604 9018 8770 8176 7644 9053 8802 9220 9197 8226 9347 9157 8324 8051 8682 9079 8539 8146 8729 8209 9173 8802 7837 4596 8945 8277 6755 8371 9091 8860 8403 8251 8401 9063 7313 8561 8956 8384 7484 6040 5059 9024 8931 9050 7894 8433 8501 8621 8807 8541 7755 3652 981 1162 1491 0 0 0 0 0 0 0 0 0 0 0 0 0 0 0 0 0 0 0 0 0 0 0 0 0 0 0 0
6626 3391 9013 9809 9175 9387 9183 9628 8939 9478 9325 8810 8992 9543 9335 7208 8677 8547 8885 8783 9294 9673 8766 8389 8505 8235 7698 6979 8642 7436 8249 8869 9102 8846 8383 8090 6483 5871 8273 8371 7615 6421 8494 8823 8039 8416 8564 7106 8821 8679 8389 8766 5922 5094 8497 9439 8470 8885 7613 8205 8024 8002 8417 8921 8781 8624 8224 6199 4190 2417 16 0 0 0 0 0 0 0 0 0 0 0 0 0 0 0 0 0 0 0 0 0 0 0 0 0
7682 4998 3919 3722 9628 9559 9611 9617 9511 9541 9240 9018 9308 9468 8379 5634 6939 5938 9185 8777 9132 8699 8890 7757 7774 8192 8140 7551 8245 7567 6315 8514 7972 6991 8578 7894 8670 8251 8041 7580 4886 6285 8568 8655 8544 7499 8236 7597 6937 8556 8825 8948 8979 6869 5210 7430 8409 8337 8269 8766 7982 7462 6834 9049 8827 8881 8461 8055 8397 7977 2614 0 0 0 0 0 0 0 0 0 0 0 0 0 0 0 0 0 0 0 0 0 0 0 0 0
8782 7938 6907 2653 4375 8964 9822 9413 9615 9525 9697 8915 8926 8920 7345 2498 1340 5928 8945 9353 9821 9035 9398 7878 8717 8576 8759 8071 8823 8900 7628 7114 7849 5824 8677 7620 8268 8821 7917 6400 8616 8871 9000 8757 8775 7629 8305 8182 7983 7768 7046 8546 8694 9049 4635 6695 9131 8679 8048 8184 8269 8019 8179 7265 8297 8896 7706 7935 8662 9061 8049 2486 1061 2020 832 0 0 0 0 0 0 108 3096 4410 615 0 0 0 0 0 0 0 0 0 0 0
8655 8105 7820 7110 4574 4932 9244 9640 9550 9431 9478 8946 9140 9050 7639 9507 7523 8803 8721 8756 9654 7281 8522 8652 8346 8638 7674 7632 8132 8526 8150 7405 7235 3831 3964 8106 8668 8155 8022 9235 8565 8727 8719 8905 7223 8393 8004 8169 7441 8048 7324 8031 7975 8680 7980 3857 6149 6190 8529 8294 8044 7762 8175 8091 8137 7059 8076 8233 8229 8724 7720 5896 7715 6037 3767 0 0 0 0 0 1305 6741 7747 8052 7383 1291 0 0 0 0 0 0 0 0 0 0
8894 7663 8141 8578 8282 4629 2117 6761 9575 9705 9671 9604 9072 9870 8485 9649 7836 8342 8806 8297 8679 7437 8593 8762 8191 7963 7199 7336 7426 8547 8901 8724 6213 8394 8087 6458 8589 7717 5536 7684 9049 8941 8480 8906 8926 8117 7567 8594 8373 8460 8595 8029 9017 8060 8169 6211 4360 6933 6366 5469 5348 6369 8021 8425 8722 7259 8371 8556 8698 9180 8633 8065 6873 7347 4704 0 0 87 2738 5492 8085 8280 8146 8022 7918 2668 0 0 0 0 0 0 0 0 0 0
8815 7924 7439 8905 7922 8963 6562 2876 2657 7350 9037 9226 6192 6445 5112 6251 5726 8719 8547 8643 8894 8743 8589 8892 8906 6701 4817 7639 8598 8011 7996 8830 7658 7519 8648 7122 7528 7593 266 3827 7693 9215 8994 9180 7925 8228 8925 8505 8995 8635 9186 8240 8550 7482 8071 9122 7176 6406 5925 7060 7392 7742 6655 8289 8556 7884 7498 7987 8506 8655 8175 8724 7745 7324 7549 6809 5593 5837 7496 7089 8325 8616 8435 8255 7697 2487 0 0 0 0 0 0 0 0 0 0
8273 8739 7613 8933 8297 7863 8310 6887 5013 4782 2531 3975 988 2148 3358 4819 1237 7952 8566 8364 8287 8387 8815 7870 8465 6103 7259 8726 8304 8106 8330 8564 5991 7223 7217 5128 5331 4313 105 892 4209 8900 9234 8764 8273 7323 8292 8670 8266 8333 8657 8552 8590 8409 7875 7790 7957 5127 7593 6890 7940 7688 8071 7178 7328 7074 7589 8189 8387 7392 7672 8383 8282 8337 8187 7523 8223 7436 8072 7817 8951 8416 8330 8492 8349 2786 0 0 0 117 2752 4012 1385 0 0 0
8793 9039 8416 8004 7886 8038 6764 7986 7805 8007 8499 6686 7301 6656 6919 7334 4295 1919 5413 7816 8580 8134 8349 7609 6917 8460 7737 8524 8485 8675 8920 8166 8911 7353 7970 7204 6167 7020 1775 2863 4054 8667 8825 9081 8029 8570 8545 9178 8759 8830 8065 8822 8433 8192 6914 8116 7447 7218 5321 7620 8811 7707 7732 7449 8169 5874 7291 6613 5918 3792 7620 6795 8606 8129 7880 7705 6005 7697 7431 7751 8900 8166 8491 8289 7875 6267 3842 513 70 2977 7933 7648 8017 4142 3698 2505
8404 8087 6921 5725 8510 7737 7837 7096 7281 8049 8583 7942 8277 8241 7858 8062 7318 7873 5218 5225 7309 4379 7674 8392 8022 8177 8065 8535 8295 8008 7597 8300 8402 8468 8685 7316 6495 6834 6869 7397 8729 8386 8208 9117 9232 9160 8322 9083 8776 8471 8453 8929 9202 8613 8575 8409 8782 8634 5233 5793 6939 7845 8670 7713 7268 8019 8235 7815 7321 5596 6015 6727 8451 8485 7860 7725 6497 7979 7544 8445 6435 7388 8406 8243 8196 8669 7935 6528 5256 8378 7370 7775 8320 6434 7609 8302
7819 7652 5501 6037 7227 7891 6513 6603 6336 7919 7837 7381 8039 8731 7278 7636 8535 8032 8127 4814 5830 3239 3687 6660 8758 8517 8347 8536 8637 8627 7712 8073 8346 7944 8048 8546 7750 8418 8337 7128 7119 8976 9089 9037 8786 9186 8634 9308 8485 8995 9022 8608 9013 8361 7834 7958 8640 8807 8203 6759 5935 8211 7683 8413 8297 7879 7816 7934 6499 7402 6868 7302 7731 8317 8339 8219 7974 7667 7859 8630 9044 7076 8013 8136 8117 8317 9002 7011 7713 7676 6916 8012 6714 7875 6815 8420
7559 8198 7757 6786 5511 7190 4994 7032 6926 7491 7244 7128 7746 7637 8147 8559 8090 8004 7964 8221 8397 8481 6303 2711 3551 6835 6962 4676 7069 7579 8190 8307 8060 8378 8436 7743 7550 7668 8159 8308 7070 8066 9257 9107 8914 8246 8913 8093 8578 8782 9040 7858 7960 8216 8129 8500 8224 8642 8416 8041 5340 7652 7263 7318 7293 6939 7146 7154 5794 5676 7296 6418 6910 7684 8112 8511 7510 8475 7166 8674 7934 7100 7476 7224 7646 8354 7717 7328 8008 7036 7007 6658 7434 7186 7036 7574
7930 7175 7677 5970 7286 6228 7146 5709 7085 7510 7062 7011 7508 7848 7869 7835 8105 8086 7698 7669 7871 8458 8230 7939 3611 4358 1708 3356 1663 6554 7368 7998 7938 7832 8520 8009 7117 7196 7979 7909 6525 8751 9364 9005 9047 9108 6709 8347 8670 9212 8471 8389 8285 8413 8491 8601 8354 7727 7572 8377 8135 5478 4813 6562 5862 7531 7101 7703 7858 6997 7178 6852 6695 8090 7886 7977 7816 7825 7505 7628 7563 6182 7524 7474 6434 7027 8047 8044 7751 6145 6729 6445 6202 7247 7583 6840
8093 8156 6313 6537 6332 6949 6917 5897 6808 7124 6633 6425 7180 6564 7150 7090 7479 8452 8044 7122 7725 7116 8507 8278 8643 8052 8367 7183 4171 2561 3300 5908 7780 8211 9152 8145 8220 8125 8537 8620 7970 7196 8706 8839 8999 8455 7181 7551 8463 7858 8176 7638 7800 7816 8542 8539 8186 8141 8460 6125 6041 6711 4724 4684 4809 4945 6222 5877 7383 6887 7445 7436 5822 6961 7573 8579 8177 8487 8164 6249 5621 6952 7845 8146 7702 5475 7062 7100 7573 6416 6009 6558 5992 6971 6492 6944
5876 7978 4814 6981 6609 7669 7460 7500 7851 8156 8181 8265 7837 7386 6831 6325 7496 7851 8116 8282 7405 8387 8169 8430 9009 8253 8065 8825 8642 4348 3184 1623 4518 9338 9005 8663 8177 5158 7625 8323 7957 8404 8492 7836 9172 8527 8988 8491 8936 8091 8658 8023 8413 7153 8741 8129 8162 8451 8514 7989 7427 7322 6661 8007 7164 4952 6310 5581 5991 7615 7638 6853 6819 6741 6445 7526 8635 8026 8112 8078 8648 6914 7780 7570 8566 8013 7979 7510 7742 7146 7220 7248 3934 6465 7035 6988
5097 5973 5817 7758 6710 7663 7346 7232 7222 8272 8182 7302 7398 7536 7687 7272 7577 7676 8531 7408 7651 8182 6814 8645 8731 8880 7736 8122 8732 8512 7731 5697 4380 5068 6394 5898 7207 7922 6154 7859 8568 7164 8065 8808 9191 8880 8171 8604 8431 8273 7983 8363 8875 8487 8639 7746 7730 6219 7876 8219 7245 8090 7084 7915 7509 7365 6144 7316 5716 7079 7822 6500 7299 5664 6903 7732 8373 8142 7809 7815 8477 8481 7904 7807 7298 7223 7994 6547 7087 7392 6949 6282 6917 6159 7129 5997
5105 5029 6425 7775 8066 6907 5455 7495 6913 7208 8343 8363 6725 7531 8576 7485 8187 8948 8351 7876 8470 8379 8696 8677 9044 8515 8356 7687 7676 7797 8427 8581 8575 5735 3441 3133 2244 3792 5093 7551 7960 8428 7918 7644 9020 9383 8800 8744 9071 8840 8249 8142 8726 9108 9335 7726 7271 7694 8182 7476 7563 8570 8075 7622 6979 7075 6428 4306 6034 5819 6143 5889 7329 7766 6810 6247 6497 7405 7819 7007 7975 8274 7830 7484 7762 6306 7810 8180 6547 7092 6675 7701 6473 6456 5699 6411
6301 5537 6154 8036 8535 8421 8569 7588 7549 8524 7702 8376 7027 6890 7896 8956 6845 8535 7891 8315 8563 8165 8658 8416 8881 8894 7982 8559 8783 8874 8707 8835 8729 9137 8497 8098 7859 7974 4402 6070 8420 8037 6997 8071 5560 6967 8716 8743 9363 8865 8371 8767 8836 9188 8842 8127 8023 7208 8401 7199 7134 8209 7439 8057 7831 8221 8688 6957 5122 7807 5802 6258 5726 6646 6878 6770 7526 5281 5960 8206 8476 7718 8391 7383 6755 6756 7421 8263 6731 7159 8487 6762 6179 6716 6838 6852
7420 6937 6824 7607 6065 7181 6779 6108 4390 7884 8391 7901 6992 5169 7378 7634 7874 7787 8392 8877 8534 8068 7534 8593 8294 8574 8703 8806 7900 8315 8737 8514 8971 8295 8653 8113 8250 8585 8448 5127 4234 6399 3838 3813 1818 5216 2003 8423 9329 8842 8823 8184 8669 8882 8374 7835 8118 7416 5302 8575 6167 7278 7575 6778 6423 7851 8155 8549 7119 2676 5989 6050 6275 8327 6967 7065 6862 3600 5622 6657 8998 8692 6372 7393 8165 7128 6770 8127 5887 4296 7437 8727 6981 7462 6662 7145
7452 6481 5290 7047 7094 8307 6839 5892 5208 6840 7498 7594 5685 5339 5975 8017 8292 8134 8304 8731 8803 8664 8938 8653 8421 8061 8623 8764 8275 6811 7947 7772 7494 7587 8289 8060 8603 8545 8684 8097 8288 8825 8388 7496 8090 8771 5543 2953 5695 8417 8110 8228 7554 7935 8902 8649 7870 8210 6932 8369 7871 7811 8417 5907 6992 6571 7146 8423 8137 6234 6243 6709 4605 6463 5740 6623 7200 5401 2503 3956 5858 7545 7929 7801 7242 7043 7686 7287 6599 2794 7047 7866 7503 6675 7232 7033
7722 7358 6185 6697 6134 7321 5656 7577 6953 6158 6307 5804 6885 6806 7209 6635 7407 6216 8186 7785 8088 7972 8712 8255 8328 8029 7661 8167 8521 8068 7933 6746 6594 7400 6583 7735 7790 8512 5694 7909 8616 8866 8048 8874 8565 7427 8033 8872 6981 8004 6878 7006 7033 8315 8396 8759 8349 7806 8408 7454 8468 7638 7533 6164 6471 7922 7771 6130 8425 7124 6050 7475 7166 6627 6778 7618 7600 6335 4180 1489 5400 6744 7702 8485 8108 7625 7844 8825 8588 5192 6286 7743 8330 6660 6766 7562
6471 7277 6389 7496 7676 6206 7534 7223 7356 6953 6923 6752 6061 7342 7669 7077 7252 7225 7089 8397 8586 8614 9052 8987 7855 8031 7506 7267 7856 8351 7669 8399 8106 6969 8290 8303 7549 8341 8379 8997 8399 6046 6978 8033 8879 8647 9350 8618 8571 7225 6691 5501 4265 6544 8595 8887 8527 7982 8101 8313 6461 7129 7841 7898 7000 5324 5711 5618 7965 7604 6554 6825 4926 7400 7055 6734 7351 7620 7156 6157 6444 7999 7070 8372 9147 8282 7820 8009 8330 6055 6710 7233 7935 8285 7614 7855
8638 6012 5529 7036 5607 6810 6873 7321 7560 6767 6879 6635 5453 5134 7026 8913 8038 7720 7097 8215 8659 8302 8130 8724 8823 8484 7402 7128 7627 7750 7974 7682 7648 7628 7974 6786 7928 6381 8724 8832 8866 8776 8818 8974 8426 8615 8785 8318 9123 8945 8411 8732 8308 6444 4284 7827 8476 7688 8044 8611 8430 7901 8004 8514 6857 6627 7363 5299 7884 7663 7997 6126 5601 6697 7136 6936 6642 6460 7222 6249 6720 7422 8284 6973 6710 7288 7328 7604 7623 6704 8299 7742 8461 8130 7725 7706
6888 6924 6537 6494 6655 6474 7173 7337 6921 6872 7422 6068 4216 7358 5878 7309 7060 7822 8233 8006 8364 8239 8333 8811 8341 6759 8037 8196 8595 7411 7333 7827 7311 7795 7766 6460 8491 7905 8453 7932 9347 7741 8426 8721 8610 9324 8618 9168 8921 9079 8643 9196 9063 8397 6786 2360 6762 7706 8103 8431 8775 8432 7309 7421 8458 8230 7905 7252 8407 8041 7595 8397 6518 6148 5326 5351 6088 5751 6900 6964 7219 7080 8021 7832 5991 6677 6445 8056 7785 8302 7766 7013 7735 8941 8126 7390
6693 7297 6840 6267 7424 7110 6592 7360 7047 6277 6520 6010 4817 4882 4484 6622 5906 5871 7329 6968 7658 8398 8460 8563 7595 6666 6693 7392 7716 7508 7677 7524 8320 8123 8808 7548 7341 8950 9695 9054 8675 9014 8131 8028 8595 9071 9077 8489 9335 8918 8569 7662 9259 9438 8854 7884 4486 7145 7219 8185 8354 8413 7205 7948 6962 8127 8511 6505 8828 8693 8447 6769 6646 6426 6049 5943 5803 4813 4596 6611 6931 7124 7440 7336 5670 7022 6774 7767 7496 7992 8632 7279 7713 7683 7564 8733
6819 7408 7180 7298 6206 6439 6426 6350 6888 6359 5710 5488 4340 4685 6106 6190 6919 7271 7529 6897 8328 8241 8300 9018 7346 8280 7613 6527 6937 7117 6626 7804 7977 7777 7597 5252 8065 7348 8647 8983 9278 9350 5854 6702 9556 9255 8714 8072 8812 8971 8905 7761 9138 7850 8887 7411 7924 6515 3463 1588 6143 7393 8706 8941 7278 8258 8333 7730 9165 9172 8827 7750 8711 6410 5971 4807 6867 4192 6954 5395 5659 5598 6685 6919 7927 7124 7186 5001 7099 7189 8817 7360 8964 8048 7629 7807
4565 5439 5991 6537 6604 5316 5962 5748 6222 5943 6931 3491 5684 5933 4993 6114 7056 7677 7122 8134 8253 8677 8468 8892 9162 7840 7376 7212 6271 6263 6803 7391 8160 7770 8024 7558 7792 6716 8489 8771 9294 9329 8871 8900 8466 8663 8253 9112 8796 8485 8384 8108 8934 9088 8036 7345 8290 8476 9029 7927 4464 3955 5418 9058 8165 9024 7345 8674 8526 8866 8487 8007 9330 9424 6878 3914 4617 5093 5590 5927 6065 6216 7155 7059 8181 7698 7700 7579 7035 6816 8581 7854 7623 8149 7580 8048
6066 4432 4824 6056 5784 4446 5587 5960 5960 6550 6247 5475 6558 6766 5813 6175 5989 7225 8216 8589 7999 9000 8882 8376 9147 7974 8179 6747 6957 7411 6779 6995 6698 6571 8003 7817 8062 7332 8255 9283 8773 8477 7964 8625 8654 7575 8165 8831 7814 7712 8272 8674 8358 7806 6695 3487 7064 7881 8885 7978 7069 4965 5364 4684 8447 7826 6382 7122 8683 8448 7164 7589 8269 9834 9338 4527 5674 3940 4390 4379 5438 5630 5129 7495 8737 7998 7875 7573 8127 8696 7776 6331 6653 8391 8278 7259
4654 4980 5139 5182 6307 4866 5513 5957 5632 6715 6804 6296 5802 5978 6962 6961 6716 7947 7812 8727 9559 9617 9449 8314 9342 8004 7939 6400 5099 6421 6574 6923 7822 7840 8092 7631 7820 8023 8190 8460 7526 7416 7716 8103 8273 7575 8009 8362 8672 7459 8604 8166 8013 8213 5327 6844 8075 9030 7865 5792 7577 7501 8290 4842 2333 4920 4005 6330 7983 8836 7632 6532 6579 6106 8472 3958 6926 5010 6535 5973 5985 6505 6071 8122 8978 7417 8324 8122 8614 8388 8599 6904 7163 7885 7718 7664
4777 4799 5851 5435 6548 5598 5866 6599 6301 7179 6213 6587 6183 6458 5475 7790 7733 7727 6528 8021 8346 8821 8176 9094 8499 6691 8714 7375 6711 6017 6951 8289 7568 7462 7225 7584 7791 7830 8484 8068 8343 7598 7538 7834 8037 7943 7020 7421 7821 7906 7678 7633 7065 5662 2938 3310 5507 6647 5861 5996 4314 8199 6898 5621 4019 5161 5641 4676 4724 3884 8198 5562 8881 9050 6407 2094 4183 4335 6425 6263 5876 8412 5881 8024 8882 7595 8317 7672 6223 8002 8547 7259 7122 8776 7652 7762
1961 4693 4822 5460 4917 5217 5647 7276 7199 6582 7148 6754 7367 7022 5966 5363 6874 7950 7752 7592 7987 8357 8593 9043 9192 3190 8016 8273 7728 6519 7462 7585 8338 6764 7691 7062 7756 8530 8726 8685 8078 9032 8111 8423 7775 7271 7998 8039 7784 6293 6085 5800 6155 3762 6435 6267 3443 5016 6064 8728 7398 3934 3414 6116 8610 6942 6632 7678 6715 5622 3172 3433 4740 5479 2646 3954 6213 4362 5080 7669 7057 6652 8427 6716 8714 8230 8418 7563 7866 6456 6616 8381 6409 9040 2973 7209
2110 3578 3682 3818 5942 4595 5625 7987 6416 7057 6298 8830 5355 6821 6027 6552 7568 7845 8436 8591 7425 8292 8372 8982 8670 9211 8070 7789 8795 7232 7158 7608 7462 6839 7969 8003 7385 7774 7535 8304 8241 8272 8670 8476 8525 7756 7209 7687 6834 4757 5527 6853 4094 5084 7706 7881 7934 7901 7441 7599 7775 7112 7518 8159 6400 6933 8438 8231 5241 7988 8763 8672 3776 66 793 1562 2949 3786 4324 3287 6766 5814 6611 8895 7531 7336 8053 7027 7644 6078 7291 8465 7484 6578 6502 8506
4419 3573 3465 3905 6100 6306 7737 8620 7662 9019 8845 8718 6269 6668 7701 8699 7521 8828 6555 7430 7042 5600 6936 8352 8739 7710 7999 8125 7668 8379 8044 8988 9275 7357 8213 8240 8309 7135 7171 8576 8280 8738 8115 8008 6941 4373 6606 6814 7323 6527 6740 6847 4966 8014 8455 8026 7947 7484 8314 7993 7679 7498 7954 8087 7361 6766 8046 6923 5851 7041 8983 9053 6988 3675 4594 6613 6463 5371 8221 8343 4320 5097 5803 5656 7827 8107 8357 8573 7658 8283 6537 7076 7953 6093 6335 6246
