gis_files/fnsa201314.asc
ncols         625
nrows         694
xllcorner     895000
yllcorner     515000
cellsize      5000
NODATA_value  -9999
[rows 360 to 404 of 694, columns 96 to 191 of 625]
5955 3647 3472 6152 8241 5833 2629 0 0 0 0 0 0 0 0 0 2366 8189 7383 5197 4157 1801 1524 1116 2255 5169 2929 3570 5881 2632 1858 1370 404 78 241 232 220 215 3534 3901 2924 4722 5748 7460 6816 7829 8699 9162 8988 7672 8790 8581 6706 7402 7736 5697 1182 3177 2674 602 299 852 670 1081 1140 3056 2131 2363 741 174 0 429 608 3485 5524 3302 1417 2994 1445 2549 2797 2829 4052 3812 2053 2459 4064 6207 8833 8258 8339 6406 7390 3894 7095 6952
7052 7202 5770 7199 7830 6137 439 0 0 0 0 0 0 0 142 2978 7184 7608 7777 6523 3536 2284 2789 2947 5827 5745 5158 4073 5094 3220 1106 871 776 1347 1337 1148 1567 4132 4186 3179 5671 5371 6849 8990 8914 8246 7795 8409 7050 7972 8205 5044 6905 4812 3156 1989 1661 840 1489 3268 2386 661 990 1348 1614 999 1428 1991 3746 1099 30 641 672 3826 2870 1325 1548 414 30 109 799 1011 667 53 5 724 2042 756 1148 2504 2418 1626 3603 1361 6142 7244
8901 7619 7534 7343 6799 3801 0 0 0 0 0 0 0 0 1391 730 2392 7279 5094 5582 4850 5044 7589 7686 2964 2229 3830 3734 3487 1863 1016 888 405 750 1466 654 1621 4536 3772 2993 3077 4405 1494 1775 6966 8200 7881 7619 7269 6765 7651 7008 6385 7311 4744 769 871 1081 1626 2089 4197 1288 3928 1000 3440 3490 1700 887 317 13 4 56 374 35 8 283 172 124 104 495 374 508 240 290 144 1045 1337 1241 822 292 401 40 657 168 0 0
8953 9387 8581 8422 4052 92 0 0 0 0 0 0 0 0 2356 5193 4201 7013 6557 6365 6498 7622 8184 4681 2035 3051 4776 5675 2284 569 26 829 178 585 1163 940 1764 1941 2476 64 0 859 2237 6998 8107 8476 7797 7996 7567 7346 6760 6783 6803 6946 7720 2816 1624 2074 3169 4352 511 728 651 779 1337 2452 4044 2053 610 716 105 54 189 4 14 183 69 112 144 267 374 452 223 453 1170 1593 3295 489 455 523 633 1742 2225 3019 6204 2635
9436 7268 9202 5136 18 0 0 0 0 0 0 0 0 0 4369 7138 9057 8614 7913 7002 5243 6974 6252 3891 2753 2863 4694 4564 2901 607 43 14 44 291 59 586 1629 1120 51 1010 2717 1725 4091 5324 8194 8100 6451 7506 6424 6385 4828 4599 5385 6533 7313 7238 8187 8333 8904 6438 997 1554 1055 788 869 3097 5798 4513 2124 1998 649 667 197 1 68 522 1502 315 526 426 854 1103 1017 429 878 1567 1029 355 292 118 1903 5493 5618 6430 6253 7125
9180 9274 3768 147 0 0 0 0 0 0 0 0 0 174 3201 3837 4639 8038 7679 7230 5419 6091 5119 8433 3491 2396 2561 5665 2106 176 414 0 10 4 4 105 231 105 194 327 189 664 1007 4122 6163 7329 3910 4453 4229 3511 3675 4998 3206 7293 7021 7551 6332 8029 9188 8719 6148 2641 1410 552 1145 1271 253 822 1060 2269 2106 2165 1341 220 88 546 680 723 262 242 644 1885 702 272 275 1034 1964 837 4315 4743 5270 2086 590 153 2853 8807
7964 6349 3199 0 0 0 0 0 0 0 0 0 0 674 6828 8343 7061 8915 7584 6624 7070 7854 6847 8249 4670 4081 7257 8600 6079 2447 1244 58 0 0 118 135 74 153 447 406 1710 3615 4039 4334 3912 4984 3389 2380 2348 2785 2646 2381 2728 2979 6229 5952 7339 7858 8359 7102 7228 3295 1224 759 1485 843 533 1550 1356 779 133 49 10 1 4 31 291 143 89 1002 2385 3284 1596 1105 1012 1287 2594 6356 7529 7853 5271 1328 2400 4109 7284 8763
8282 8417 3762 0 0 0 0 0 0 0 0 0 0 184 5745 8645 7217 3199 3939 5398 6705 8330 7918 7676 7393 8480 8031 6765 5534 7469 5541 5399 3230 862 202 74 66 591 2873 3427 5143 3965 5829 4362 5153 3394 3881 1564 3763 3535 2496 1618 4281 3492 4331 4991 7555 7006 6705 6863 8251 8973 6152 2242 2853 4936 6632 7199 7378 6184 2750 31 390 118 48 31 176 320 1755 720 728 1323 1337 4310 3604 8621 9029 3988 8182 9185 8910 8943 8897 6421 1407 162
3465 4428 1307 0 0 0 0 0 0 0 0 0 0 528 2208 4132 3391 109 980 6850 7249 7115 6266 6927 5846 6380 8684 8943 7834 7564 4737 6364 4358 1193 33 0 30 1056 4118 7594 4537 4516 5279 3793 2140 2814 2047 1226 675 854 2663 3753 3507 2302 3213 5045 8150 7341 6483 7386 6979 7255 9653 9173 6626 7623 7480 6354 5327 6474 7390 6167 6351 6543 7794 6213 6710 4872 3256 2684 3392 4104 5902 6242 5391 7447 7720 7006 8693 8783 9037 3838 1810 1361 34 0
460 0 0 0 0 0 0 0 0 0 0 0 0 799 374 2021 685 370 1463 6241 3215 4861 6037 7255 7104 8887 8179 8960 8245 3013 1414 1756 988 2294 600 779 2827 3199 5720 3939 7297 7604 6204 1707 1544 745 2456 2366 1816 19 1920 1129 474 593 654 4299 7736 6734 6443 7700 8728 5053 7763 7624 8973 8102 6711 6463 6705 5906 6229 6111 5138 7023 7974 7975 7046 7356 7681 3418 6597 5124 7484 7461 7301 7771 9200 9199 9359 8879 8298 5907 1461 499 0 30
0 0 0 0 0 0 0 0 0 0 0 0 0 0 10 2028 1830 1646 3113 7421 5222 6499 5524 3870 7723 8092 7797 8282 8023 2461 2225 2095 1285 2924 2613 4360 5242 5873 5818 7992 6562 5144 2439 1233 3224 2944 916 887 1947 909 2773 2746 1845 1177 2968 4540 5276 3544 7284 6510 7447 6986 6402 5444 6791 6229 6207 6981 6155 5807 4394 4734 6724 5201 5686 4446 5606 8159 8417 6132 6905 4518 5917 6327 5960 7809 9230 8608 8160 6401 2691 309 442 201 0 50
0 0 0 0 0 0 0 0 0 0 0 0 0 0 0 179 179 909 2710 4363 5459 7470 7169 7021 8372 7143 6870 8713 9008 5035 2789 4147 3535 1770 706 567 2198 2736 6478 3667 2668 1372 3732 2151 1798 1816 454 1088 1433 728 537 728 1124 2594 4700 4525 2945 1614 5324 7696 8220 6986 7355 7265 7345 8741 7854 7785 6202 6824 5739 5297 6700 6510 5691 6461 5734 5784 7967 6717 6924 7205 6024 6872 6277 6445 4984 2486 842 266 277 533 396 1343 5265 6929
0 0 0 0 0 0 0 0 0 0 0 0 0 0 0 39 2816 4187 6939 6878 7758 7386 6862 6666 6814 5174 7131 9279 7334 3875 4808 3411 1706 3018 558 472 69 291 2702 3547 2790 4073 2160 854 2411 4324 542 467 255 162 263 1047 1865 534 2678 4195 1494 2879 4734 7644 8325 7698 6115 6232 6974 6800 7179 6074 5852 8302 6908 7730 5990 7070 7461 6789 5424 5851 5454 7154 7617 5330 2150 4004 4498 2972 892 1405 861 647 580 2574 4748 9168 9570 9378
0 0 0 0 0 0 0 0 0 0 0 0 0 0 0 31 123 2275 4759 7747 7588 6263 7924 8337 9205 8678 8185 8635 5021 2747 2117 985 107 1154 125 15 33 173 2090 2952 3900 3121 1272 785 2212 1608 2766 2984 664 459 845 690 657 759 1567 379 1401 4942 8164 7589 5749 5948 7183 5315 5961 5644 5715 4418 4606 6193 7691 6037 6074 4653 6867 7541 7488 5680 1233 3653 5634 4507 6160 6256 7281 6094 6179 5657 6069 6113 2701 6047 9246 8702 9750 9806
0 0 0 0 0 0 0 0 0 0 0 0 0 0 0 8 60 1162 6665 2479 6484 7728 7945 9818 9099 8426 9102 8690 6073 3511 464 207 161 13 90 13 15 119 1126 4646 4181 2338 1223 1780 4537 2186 2919 3425 2274 1865 1495 1006 1840 1239 1538 1093 1594 3378 8757 8160 5713 6198 7909 7667 7306 5538 4696 6076 7336 7353 5221 5468 5824 1555 1612 4107 4828 5450 6645 4186 4323 7597 4804 4975 7289 7254 8670 8699 6108 9325 8470 7909 9390 9832 9640 9572
0 0 0 0 0 0 0 0 0 0 0 0 0 0 0 0 138 1085 8070 8667 9385 8690 7975 7365 6958 4857 7873 6613 4200 1727 571 275 233 97 198 115 352 393 2521 2612 5958 7855 5383 3038 4952 3371 3921 2343 1277 1749 2957 5790 5825 3551 3122 3100 5528 1899 6150 7716 5146 4323 7395 7407 8245 5156 5336 6356 8098 5089 2932 7568 5413 2137 2516 2745 3530 4142 5661 5306 5384 6698 1885 3687 6624 8026 8313 9193 8107 8440 8180 9501 8803 9088 8796 9033
0 0 0 0 0 0 0 0 0 0 0 0 0 0 0 0 4 1640 4606 9240 8684 9304 8813 8965 9373 7883 5543 8515 3885 631 104 182 33 14 5 20 533 776 1926 1977 6249 5307 2570 3894 1305 968 1502 1573 932 1246 4724 2876 3744 4403 3805 3638 2331 1152 7097 8149 7139 3531 3782 7220 4180 5220 5134 5941 4478 3490 4230 6154 4634 3586 4543 3112 3585 1414 3542 3294 4059 4674 8181 8372 8939 8288 7930 8776 8856 9296 9291 9143 8660 8796 6843 8156
0 0 0 0 0 0 0 0 0 0 0 0 0 0 0 0 0 231 2455 6490 7795 9072 6898 6402 8046 8387 8046 8540 6613 2529 1086 1234 73 118 29 77 389 305 1070 2715 765 3283 1816 2733 4138 3364 1915 1520 640 532 1131 1539 1355 700 1041 1760 2164 3595 5837 2568 5612 4916 4599 7820 7119 5388 5779 7530 7484 3342 2510 6416 6017 5861 6626 8278 6880 6089 6130 2786 7375 7968 7942 9012 8412 8706 8333 7562 8697 8643 9382 9912 9601 9265 9286 8195
0 0 0 0 0 0 0 0 0 0 0 0 0 0 0 0 0 0 15 3455 4004 8289 6249 7378 8155 7575 3216 5104 5926 3610 139 69 122 114 120 44 53 90 958 2080 1714 5337 5928 5863 5203 6409 4290 3842 1277 739 672 1249 384 926 450 1663 1157 1892 2095 947 3219 2879 5797 8664 7099 5576 6932 8150 8003 8741 7959 7604 7138 3070 7238 7742 7321 6751 5320 2156 8122 7777 7097 7047 7925 8813 9324 8208 8283 8236 9123 9570 7942 8984 8796 8616
0 0 0 0 0 0 0 0 0 0 0 0 0 0 0 0 0 3 103 5932 8330 8196 8940 8539 8268 8703 5810 5613 3403 1676 942 51 56 28 107 174 99 299 2222 2782 3816 3012 1700 4501 6843 6113 6583 5812 5665 543 741 410 1332 1026 819 2087 2658 3929 5596 6298 7710 7876 5884 5927 6074 6160 5443 5508 8669 8821 7528 6622 5075 4523 8892 6860 3176 6145 8862 6372 5640 7974 7378 7334 9038 8974 9160 9502 8757 7217 8098 8525 7519 7060 8421 9126
0 0 0 0 0 0 0 0 0 0 0 0 0 0 0 0 0 0 341 6568 9138 9712 9176 8904 8546 7915 3032 966 784 207 924 54 152 68 25 50 112 800 2718 2836 5355 1982 3886 2904 2810 2071 4318 5898 4507 3662 2572 623 440 437 2280 2000 3411 5646 7101 7208 6315 4182 4567 2644 2480 6455 7173 8060 8539 8008 7030 4216 4203 7562 8776 8287 8369 6889 7664 8605 4999 5573 7529 7716 8387 8931 5970 9012 9276 7408 6558 8630 8899 6282 5611 5987
0 0 0 0 0 0 0 0 0 0 0 0 0 0 0 0 0 0 730 3061 7736 8990 8333 8376 7052 1884 802 213 245 1873 1701 275 691 88 66 41 173 184 1009 1819 2584 3550 5621 6232 5542 5597 3373 4300 3540 2333 4229 2248 2927 3063 2501 5561 1785 2694 5138 5611 2395 4259 2890 3182 6990 7745 7378 7161 7454 5903 6351 7402 5434 6868 6675 8333 8648 5038 6627 8701 8487 2482 3467 7296 6488 8425 7406 8303 8580 5489 5285 9231 7520 8391 2674 5945
0 0 0 0 0 0 0 0 0 0 0 0 0 0 0 0 0 0 2260 5123 8073 8396 8704 8805 8083 4971 2339 531 99 250 1346 1444 947 819 108 161 620 2523 2494 4674 4592 3361 4354 3440 4052 4913 5716 2501 2950 4594 3280 3240 3329 2634 4216 5720 5389 6719 3741 6815 7692 7381 8621 8347 8665 8473 7913 8437 9032 8704 8260 8203 7066 6441 8298 9030 7027 5818 5163 8329 6137 2597 6559 6387 7555 6460 8512 7786 7249 2738 2117 6712 6168 5884 4333 6370
0 0 0 0 0 0 0 0 0 0 0 0 0 0 0 0 0 0 2751 3778 6968 7516 8621 8907 7248 5669 403 177 276 261 1153 1326 2287 3757 2822 1721 1933 5429 4501 3638 3253 5191 3732 4217 2087 2781 5950 4433 5473 6029 5842 4698 1755 2516 3741 3514 3768 5923 4236 6026 7472 8726 7672 7208 5337 6504 8399 5168 7385 8170 8683 8966 8430 7888 7238 6902 7191 5925 8123 7183 5938 2556 6939 6055 5928 7475 5551 3754 5207 761 1632 2799 3854 4597 4096 6056
0 0 0 0 0 0 0 0 0 0 0 0 0 0 0 0 0 243 5375 7470 9127 9089 6796 6547 4506 1412 344 20 74 30 628 2449 2661 2235 2091 4517 4244 2780 3514 5146 4242 4372 4600 3866 3580 4019 4384 5467 4818 4944 4211 3960 3723 3448 1577 1361 6047 6633 8125 8189 8667 8412 7827 7546 8692 8770 8318 3249 5142 9254 9137 9192 9049 5635 3097 5324 3546 4930 3206 1164 2555 2804 3268 917 2239 2159 1677 1818 647 73 292 1283 2263 3606 6864 6568
0 0 0 0 0 0 0 0 0 0 0 0 0 0 0 0 0 469 5023 8086 9375 9289 7067 5513 4236 221 85 35 45 310 2217 2694 1849 1522 1681 2651 3813 4532 5104 5198 5570 5605 4270 3642 4555 3320 2437 3144 1491 3388 2139 1115 2137 5233 2378 10 2288 4193 6583 8393 8166 4329 6137 8112 7156 7302 5771 4606 5512 7023 5902 4311 5538 5703 5980 6091 7429 8029 8482 8800 7618 5894 4200 6167 6466 9464 5670 9072 8421 2292 118 1026 6479 6175 5231 3801
0 0 0 0 0 0 0 0 0 0 0 0 0 0 0 0 0 1703 1216 7488 8818 7909 7273 2939 1829 171 119 61 79 439 3831 3734 2683 2082 1701 3846 4507 4358 4525 3975 5093 4561 1749 3890 2583 1671 2101 966 1951 2989 1954 273 1887 4427 3836 1271 1081 2175 7513 6258 5330 4699 6443 7237 5839 6241 5304 2375 3121 4579 7553 7435 6952 9052 8822 8532 9419 9025 8963 9438 7786 8161 5531 4500 6714 7732 8900 9273 9301 8815 6937 8243 8674 7356 3971 3057
0 0 0 0 0 0 0 0 0 0 0 0 0 0 0 6 2386 5970 3974 3096 8063 7462 1474 1874 64 107 53 85 60 203 232 2876 2835 1123 4553 5092 3974 5779 7538 3515 3460 2642 2508 2884 2889 1692 1538 1080 5098 1325 888 420 838 2952 2291 1067 975 1460 2516 4895 7293 7253 5923 6450 2224 4513 1518 5281 6478 9639 9397 9122 9131 8382 7042 7263 8500 9109 9291 9151 9334 8999 8854 5830 7728 7944 8265 9355 9288 9776 9689 9393 8593 7228 5442 1798
0 0 0 0 0 0 0 0 0 0 0 0 0 0 0 766 5921 3008 6714 5374 6958 5242 355 242 102 107 66 59 110 879 1031 5179 6494 4073 5470 4576 5503 2694 3522 5639 7821 3334 4709 5395 5300 3234 2105 2530 1523 438 258 277 712 78 272 3404 1660 1755 2784 4192 4838 5055 1050 3782 2449 1313 6185 6040 6661 8180 9508 9416 9318 9330 8733 8763 7738 9068 8926 8840 8711 8877 8678 6995 5512 7353 7175 8391 8766 9106 9472 9577 8654 5686 5463 4235
0 0 0 0 0 0 0 0 0 0 0 0 0 0 0 3904 3856 2168 3708 2668 2363 2455 135 83 124 55 38 49 49 1919 2959 5246 5375 2757 5088 4375 4452 8263 3016 5100 7644 3245 2776 4857 5877 4908 3128 1874 1351 1918 1085 785 492 950 2657 2115 2229 3761 2291 928 337 1070 4310 5660 2393 1648 3102 5703 5039 6321 8486 9522 9454 9254 9360 6295 8770 9156 8851 8471 8860 8432 8570 7469 6233 5679 6450 7144 7832 8998 9127 7436 9422 8994 9733 8062
0 0 0 0 0 0 0 0 0 0 0 0 0 0 0 406 2076 2603 5216 3960 3580 995 128 85 74 10 113 167 162 1125 1049 2755 6051 3465 4432 2906 7763 7884 7520 7920 7382 7212 5581 4066 4027 3783 5874 3900 2016 2477 1306 1019 664 2370 4541 3910 1287 206 1458 1369 3364 3594 5453 7286 6101 4852 1656 3555 5965 8305 8038 8259 7445 8046 9004 8255 9543 9177 9541 8899 9193 8093 9023 7470 8194 6509 4755 6490 8273 9003 9712 8254 8182 9848 9413 4847
0 0 0 0 0 0 0 0 0 0 0 0 0 0 0 2171 3679 4661 7040 6165 607 591 138 304 174 100 499 780 950 1071 1149 1559 4058 3161 5262 6559 6973 6464 7120 8292 8007 9347 8849 4839 5023 4747 4930 4047 2977 2250 3150 2199 374 1278 2390 771 467 241 6153 5069 6449 3637 4033 6000 5878 8988 5418 4316 4409 7215 8570 7978 6779 8123 8067 7917 8554 8177 9143 9398 9023 8016 8273 8697 7786 7038 4478 6862 9128 9049 9649 9537 8171 9860 9733 9378
0 0 0 0 0 0 0 0 0 0 0 0 0 0 16 3426 3825 6776 5987 5401 1781 202 53 24 94 551 655 1192 1276 1445 1746 2327 2737 4896 6030 5874 6652 5498 5818 8844 6251 8243 9063 7910 7082 7672 5232 4092 4261 4654 4076 3204 1922 1562 1075 39 211 4552 8420 7432 6956 7584 8396 7929 8694 9127 6510 6172 7126 8095 8901 8485 8039 8982 7933 7549 7623 8062 9182 9040 9007 8210 6898 8253 8229 7991 7548 5646 8610 9192 8396 9261 9063 9522 9392 9590
0 0 0 0 0 0 0 0 0 0 0 0 0 0 1884 3565 1364 5956 6349 5245 5547 1064 1794 593 194 327 275 646 1800 1720 2797 1878 3446 6305 6561 4488 4640 6613 6000 3131 7585 8265 8810 8915 8071 5566 8279 6984 5996 6485 5958 6407 3392 1218 1855 581 1957 8141 8191 8199 7994 8703 8228 6819 8245 9454 4512 8413 8169 9270 9357 8953 9286 9188 9071 7979 6987 7888 8282 8699 8174 8832 8110 8943 8145 6806 8549 6308 7442 7854 9676 9579 9447 9743 6929 8151
0 0 0 0 0 0 0 0 0 0 0 0 0 0 1555 3412 960 6258 7263 5078 3284 743 1550 1798 827 355 230 700 735 415 1793 5339 3838 4993 4743 7444 3433 2424 2546 5124 9044 9418 8509 7858 8857 5019 8506 8629 7924 5680 4701 3339 2799 3611 1312 2623 5258 6154 7071 7365 7023 8752 9043 9150 9015 5256 3542 7397 7585 9165 8058 7425 9059 8652 8086 8344 7898 8517 8235 8580 7387 6986 8645 8220 6805 5822 7254 8008 9409 8357 9548 8906 9649 9732 9303 8203
0 0 0 0 0 0 0 0 0 0 0 0 0 0 691 2323 2881 3504 5246 3566 2449 2477 163 1619 2031 844 266 1428 962 729 2666 5040 2767 3151 2568 1977 2046 2372 6047 7466 9698 8394 8970 7085 9023 7240 6747 6039 4431 4074 1213 2972 3713 3600 2791 1929 3418 2560 3012 6992 7411 7750 8091 7841 8832 2869 4525 8549 5671 7303 7052 5478 6916 4407 5952 7284 8107 7350 7678 7663 8224 8856 8221 7555 8073 6918 8949 8831 9078 8742 9308 9078 9491 9237 9340 8907
0 0 0 0 0 0 0 0 0 0 0 0 0 1165 2651 1592 3024 4797 3731 3408 5154 1244 1133 187 1133 1209 1458 2319 3303 635 4610 5192 3078 2883 4098 1606 99 1729 4237 5403 7973 8856 6552 8703 8269 8036 7493 5778 7782 6182 2294 1632 1616 5241 3776 2402 2564 1648 3831 6969 6968 8149 9234 8003 7493 4655 8595 5136 2541 3825 4232 6333 5337 6838 6012 6463 7376 7858 8273 5380 6034 5975 6710 5371 7693 8076 8259 8899 7745 8480 8485 8435 9108 9474 9204 9035
0 0 0 0 0 0 0 0 0 0 0 0 0 940 4433 2183 1759 3008 2403 3450 5285 2072 1205 1011 548 1371 1993 3323 2114 389 1317 2694 2405 4999 2193 2076 4303 3773 7218 4987 3088 1175 154 2480 6039 7477 7622 7491 6835 6547 7575 6147 3792 5697 3347 3580 1503 1336 5258 7188 8167 7885 8495 8332 8078 5705 3162 4442 4656 6084 3480 2234 3013 4813 8461 7908 6040 5945 7164 6850 5797 6548 5186 6429 5957 6697 8324 7678 7861 7832 4368 7329 8680 6967 8129 8890
0 0 0 0 0 0 0 0 0 0 0 0 0 650 3437 5159 3279 2791 2299 2296 4836 3488 1877 1350 690 967 692 1322 1392 1456 1024 1376 3058 4142 3359 1009 527 3238 6525 1819 1099 206 16 975 3483 1690 2205 6129 5844 6113 4932 3988 6163 6554 3556 3535 2309 1060 4892 8156 8007 7282 7323 6646 8648 8707 4966 2574 2161 5519 8172 4082 3864 5512 5334 7445 7477 9230 5650 5578 5862 5734 7025 5842 5625 7728 7770 6707 8470 7524 8527 8161 9281 9056 7548 8763
0 0 0 0 0 0 0 0 0 0 0 0 0 714 1532 2810 3664 1332 394 2797 5243 6752 3075 1483 962 345 268 554 784 637 1790 2002 5576 4526 4055 1727 2445 6416 3719 2237 1779 1927 1355 442 251 13 72 1609 6841 6598 7787 6114 6248 5578 4695 5123 2770 3556 2809 7259 8489 8802 8263 8105 8327 8930 1604 4313 607 842 6869 7257 4786 5299 7909 8914 8812 8721 4823 4167 2996 4272 6379 7922 7245 6834 5697 8418 7994 8757 8037 8500 8457 6302 7060 4013
0 0 0 0 0 0 0 0 0 0 0 0 0 1217 2466 4150 3271 3807 3619 2925 4612 6039 2173 990 702 398 248 325 561 751 761 2536 3236 5237 6931 4824 6435 5879 5296 3951 2535 120 256 87 50 34 114 70 5679 8505 7579 8187 4903 4732 1660 4078 4033 4956 2309 5491 8526 8446 8199 7980 6480 7762 3383 5921 899 2455 6433 8609 7336 5196 6453 8949 9300 8714 5817 1488 3199 3087 5248 7711 6849 7594 7020 7267 8753 9602 8446 7939 7829 7060 7061 4097
0 0 0 0 0 0 0 0 0 0 0 0 0 127 2472 3757 2198 4387 3968 5823 4950 5177 3712 1317 1261 561 191 132 231 226 102 1288 3285 6190 5827 4298 4076 3381 2343 2288 1410 307 253 640 941 316 82 8 133 1366 5972 6449 4384 6149 6280 5956 1731 3433 4576 5056 7008 8019 8288 8752 7104 4556 8625 5344 3594 1593 3101 5475 8578 8743 8578 8963 9338 8721 4092 3841 3391 6759 8273 8753 8206 9204 6155 5955 7378 7617 8075 6512 7878 4847 4433 2062
0 0 0 0 0 0 0 0 0 0 0 0 0 0 2377 3343 1365 5063 2939 3190 3463 3100 2866 1433 240 601 511 414 237 196 396 2239 5322 5805 4375 6726 4950 2344 2600 2328 965 590 660 1236 1302 452 14 13 54 531 6816 9206 5631 7977 3216 2549 4081 4970 5595 5973 4641 5716 6285 7825 6666 7243 8234 4502 5985 5103 4443 7081 8061 8379 8630 8929 8239 8931 8378 8041 7282 4385 8329 7391 8519 8423 8077 7263 5777 6115 5923 4641 7322 6534 5518 5846
0 0 0 0 0 0 0 0 0 0 0 0 0 0 832 3685 862 3229 818 3426 3806 1520 2678 2784 2296 809 1109 652 853 971 316 2375 3555 2548 1830 6208 2831 2672 1525 2745 1849 512 1977 1198 652 373 252 26 83 240 1617 7481 7329 4323 3285 5031 4161 6996 5600 7896 7573 5970 6834 7535 7233 7277 8339 5827 5744 7269 5572 4471 3623 4437 4427 5733 7513 8235 7376 7948 7858 8402 8319 8909 8657 8976 8325 8954 8146 8009 6671 6755 7160 6549 8389 8215
0 0 0 0 0 0 0 0 0 0 0 0 0 0 1187 3036 1229 2278 404 213 3552 3312 3717 1456 153 13 379 839 1766 655 533 225 1047 384 641 936 1419 4601 1987 1924 2490 1267 4482 4383 980 2018 882 373 110 569 2500 3522 6006 3848 4648 5370 6978 7800 8344 8685 8589 7701 7868 6498 5092 7361 6992 5326 6624 5403 5546 4971 5439 5883 5813 4372 4254 6910 7414 7102 7415 7700 9235 9061 8677 8723 8662 7969 8886 7917 5493 5593 6604 7643 5174 4177
