gis_files/fnsa201314.asc
ncols         625
nrows         694
xllcorner     895000
yllcorner     515000
cellsize      5000
NODATA_value  -9999
[rows 225 to 269 of 694, columns 96 to 191 of 625]
371 211 45 23 63 31 514 511 276 304 221 15 331 1297 3088 2832 585 189 143 4 0 3 5 0 0 16 0 282 169 823 3522 2869 3130 4880 5699 3606 4398 1660 3080 3783 3825 1394 3245 1071 1794 4645 3817 7667 2775 1310 2514 3095 3111 2565 1711 5544 5383 5026 748 1936 2812 3939 6263 7085 7593 7170 7959 7999 8031 9014 7097 3001 84 80 3085 2237 7429 6593 7324 2999 5282 787 955 728 3067 6961 7651 8645 8467 8870 9826 8753 8813 5142 2491 3885
517 886 1783 35 13 59 478 1070 798 615 40 0 112 695 1148 173 556 13 15 0 0 0 0 0 1 0 0 55 209 376 1627 894 1249 1981 4576 3687 2031 936 1555 3098 322 981 3123 4221 1384 4843 6298 6005 5391 1844 3933 7457 5704 5272 4028 4740 4987 3786 2185 2117 1953 3411 6392 6676 8584 9581 8165 1907 5817 8445 4708 701 40 2836 578 7738 5948 5167 8018 5173 3552 2040 4305 434 3174 8155 9867 9754 9079 7880 8259 9062 3418 1695 1085 3870
2072 3871 207 0 40 1859 1468 1410 1042 517 14 8 0 13 38 8 8 9 11 0 0 0 0 61 90 18 110 11 641 1095 455 988 542 410 774 1185 867 1150 1479 1336 2496 1920 2095 4183 1893 5138 4897 6805 6263 5123 3063 5835 5443 6400 6820 7494 7122 3325 2254 3603 2911 5705 7849 8139 8461 9495 9125 6540 7257 8361 4823 6078 5651 7456 5867 7682 7943 4788 6816 7545 3643 2781 4099 968 2979 8363 8787 7875 9230 6640 7531 3206 480 1636 968 2332
246 9 114 206 133 327 38 324 423 193 226 20 6 13 40 56 0 0 0 0 0 0 34 189 98 391 118 15 212 291 351 105 40 90 379 388 231 1057 1818 1463 1939 1633 3345 2302 406 1085 1972 4047 2564 2534 2533 3048 5616 5201 5805 6706 5976 4484 3507 3302 3036 6418 8854 9043 9561 8884 9278 9556 5294 3378 6194 8223 7360 8239 9318 8955 9107 8833 8999 8277 7210 4314 6762 2874 635 6749 8115 8425 5879 7449 9436 9352 805 286 3044 39
191 600 607 273 371 103 218 292 859 202 119 236 48 11 3 10 0 0 0 0 0 0 0 0 4 103 262 13 38 117 191 64 104 98 107 396 498 1116 1983 1702 1542 1510 1486 1489 848 771 309 1045 628 1528 2865 3407 3939 2883 3372 2866 3123 3180 5218 1741 4305 7554 9028 8941 8856 8980 9324 7998 2498 2708 9239 5428 5297 8536 8786 8680 7856 8072 9411 9478 6111 6256 4837 6492 1578 5506 6725 4717 913 593 8042 4994 2353 9 173 3309
0 883 572 542 1370 301 691 1691 1091 684 522 277 138 11 0 0 0 15 1 0 1 0 10 0 0 0 3 0 8 48 98 64 24 173 488 375 1060 1987 1811 1488 1180 1468 2031 784 167 105 169 383 795 2904 3585 4431 4735 2292 2057 1101 770 1806 3875 1326 2518 7227 8253 9389 9402 8590 9550 9523 3648 2934 6278 4360 7774 8934 8918 9300 6219 7268 7836 7605 6336 5972 3803 6483 3675 6267 4182 2503 6475 3187 8078 861 1306 411 1402 7262
1515 3664 2711 2417 1465 1346 2459 2487 780 1144 686 202 310 0 0 0 1 0 0 0 0 6 0 63 10 0 0 0 4 119 53 28 33 233 1064 469 664 995 1222 965 1244 2196 2061 869 386 518 651 1500 2229 3021 3024 2948 2544 3624 3500 1540 383 1682 3373 3152 5205 7484 7996 7888 9392 9518 9574 9260 3191 4418 4422 6094 9246 9453 9061 7437 7548 8147 7797 7008 8302 3832 4004 7903 7276 5227 2286 3667 2903 6853 8154 189 2431 1179 2416 8835
4071 1711 1962 1819 2934 2697 3712 3243 1512 499 1377 886 282 77 152 311 1 0 38 4 148 16 0 0 31 0 5 0 24 74 14 113 863 529 1407 1831 1957 2013 1000 1081 1581 3234 2201 1606 2687 1340 1272 1631 2244 3120 4015 4713 4195 4284 3337 1066 1147 3467 4500 5794 7829 7361 8392 9421 9623 9828 9151 8637 4270 3110 3981 8362 8627 8544 8220 7278 7188 8448 8465 8702 8713 168 4390 6503 6291 1347 5978 8733 1991 6459 5672 252 23 237 61 8744
4106 1145 2693 3347 1775 1227 2370 3151 3488 852 677 2648 414 1415 3606 4713 3046 1254 470 780 363 674 627 18 4 19 5 148 51 167 454 1064 1576 921 1022 1199 2022 1515 1750 1977 2240 1305 1372 1814 2385 1814 1011 1074 3367 4260 7294 7281 4446 4783 4275 3821 7757 7373 8346 6691 7480 6128 6446 8526 9683 9481 6759 5687 3874 7774 6609 9614 9882 9824 9244 8921 9528 9331 9294 9511 8954 2506 3536 6369 5593 3818 4788 2176 3185 5746 1776 848 20 38 0 8140
2789 1929 1410 1544 774 2075 2481 2367 731 692 2934 1065 2229 3690 3619 4656 6498 3309 1943 1384 1241 664 526 1416 1011 386 55 163 704 414 641 1609 611 275 859 776 2101 2937 1700 2486 2075 2380 1834 5494 2563 1854 1104 2358 2850 3140 3384 3043 4099 4076 4335 4952 4788 4028 5912 7765 7777 4979 7205 6466 9358 9202 5625 3008 4626 7151 9181 9551 9308 8797 9018 7901 8665 7454 8664 8694 9098 8363 3901 6656 7726 6638 1918 4267 2219 4749 3851 1262 1357 2447 1172 6125
300 425 236 128 863 376 1135 2292 3007 5295 7465 4163 1626 4473 5302 3811 2684 1504 1798 2541 3401 1841 2809 3197 3827 2255 1400 646 598 600 450 559 911 765 1638 1900 2011 1821 1343 978 2077 2742 3273 7061 3557 2617 3738 2820 2412 1962 3287 2748 2753 3685 4487 5028 3832 2826 4403 4924 6929 5715 8495 6826 9239 8549 3726 3034 4994 7682 7133 9182 6775 7679 7112 8314 9605 8786 8934 9522 3185 7589 3667 4566 6548 7074 5275 2713 4922 3525 4479 735 4710 6051 645 3133
319 14 87 228 208 1382 718 751 5055 1343 7604 5759 1045 4219 4192 2245 1597 1307 3399 2583 1549 756 1004 1385 3103 1672 2408 1200 1458 1116 415 597 401 473 2496 2464 1572 1867 2191 3502 4656 5556 3466 4852 3675 4570 4503 4484 3727 2835 3012 2993 1461 5448 4310 4230 2173 1953 2378 4197 6070 6071 8679 9403 8362 4635 3992 4472 4410 6273 6340 4326 5109 6083 5154 8213 7992 8754 6630 5237 4847 7804 3072 3053 4907 4405 5055 1320 5472 1931 3485 2569 6479 2253 2748 3992
226 0 0 46 100 84 13 92 1843 8871 7303 6731 7339 6268 5758 4920 3902 3136 1244 1855 1221 878 1026 1834 1927 1953 2228 2383 1411 1983 1129 1974 2781 2043 2974 1875 3562 3095 3904 3532 6045 4695 3781 3741 4758 3986 5235 8692 5444 1873 1200 2582 3320 4704 2770 2866 1742 3208 3921 5672 5916 1622 2881 8224 6160 4359 2363 3022 5018 5780 5656 3542 4797 7028 7840 9101 9897 9310 8701 7651 8632 6869 2949 4147 2176 2751 3580 2515 4239 1926 391 2622 3214 3334 7067 7727
79 0 0 59 416 1573 675 79 840 4804 7299 5479 5350 5261 4908 2268 5198 4814 2895 2886 2534 1919 2163 3146 2206 3555 3314 2678 1594 2238 3372 3702 5115 5734 3846 4106 3867 4173 2662 3289 4417 3292 3066 3115 4481 5345 5546 8964 5368 2347 1011 2363 5243 4984 2582 3812 3488 4195 3629 4793 4256 2102 1833 7496 1777 5739 5122 3275 5522 5381 4033 3840 4192 8157 8290 8950 9703 8558 7858 7753 8229 5464 385 6540 4397 3254 2286 5127 2563 2536 4407 7677 3716 1724 5344 7085
78 261 64 223 1105 1056 2653 3009 3329 282 750 781 681 858 731 419 2038 3027 3145 4765 5416 4407 5761 5109 2027 4631 5324 4496 5897 7373 5062 4586 3695 5297 6631 4753 2233 3152 5689 6493 7461 4380 3057 6195 6690 5127 5051 6397 6904 3658 198 876 3412 4474 2836 5033 4526 4325 2395 1187 2850 1732 825 2618 2713 1267 2031 3369 3388 4002 6628 6180 6821 9163 9774 9255 9147 8590 8569 5038 3925 1109 2150 6586 2501 3679 5337 8497 6964 6337 6446 7450 4378 4742 7426 5098
184 85 508 976 469 415 403 5439 6542 2003 1177 319 467 356 674 290 270 2471 3343 4316 6977 6475 5088 6995 5760 8206 6214 3463 6035 5744 6389 6239 5345 3570 5368 4551 2530 2839 4594 6313 8697 7564 5810 8325 7595 1690 3145 3678 8046 4241 497 2722 2358 3823 2948 4254 5544 3934 2349 891 2095 2005 1634 4 0 0 467 4177 4523 4915 6755 4976 4400 8218 9375 6673 5375 8437 5370 1004 1665 901 4936 5427 5538 849 7124 7145 6942 7674 7055 7871 7090 8463 8013 7814
487 681 256 179 163 211 77 1064 7391 6148 7018 3255 755 448 549 1597 644 2066 2920 5199 3568 4679 7774 8371 7525 8092 5429 6554 8209 5532 7060 8327 8315 3142 4283 5514 2292 1629 4743 6433 6764 8921 9247 8933 4542 2455 5301 2839 5804 3171 2201 3332 5053 2722 4690 5560 4906 6434 2806 968 2630 1721 1109 34 159 66 13 1148 2612 5074 2815 4089 2974 4753 8484 8156 8265 4148 2055 394 1 1017 5390 4678 4739 644 7169 6922 5146 6430 7550 7036 6714 7760 7277 7718
236 191 94 90 232 84 148 191 723 2821 4982 4822 2109 3377 2122 877 1283 2127 1044 1268 1943 5526 6020 5337 7738 6346 6410 7743 8595 6059 8417 7938 6195 3133 2052 2933 3332 3016 4818 5856 9151 8593 9466 7366 2408 2023 3629 2294 2853 5798 5018 6421 3741 4773 5250 5194 5398 8093 2564 2319 1862 2933 2459 1232 1421 1091 803 401 1653 4846 3743 3973 2716 6436 9313 8965 5933 3053 2311 0 0 28 1834 3113 7008 4350 6088 3974 7376 6103 5588 4956 7273 7526 7627 9468
13 44 72 123 132 39 2130 7910 4710 2688 2551 1253 2037 2405 2949 2741 1274 1686 432 651 534 1608 2439 3231 6333 6187 6257 6384 6909 7488 7133 7462 6254 3310 1903 2607 4094 3838 3364 5618 8146 7416 8785 8159 2982 346 1721 2921 5429 7260 6470 5467 4773 4809 6054 5401 7424 8389 2316 2069 1984 3767 1885 3120 1607 1601 5294 3891 2925 4469 5480 3351 2503 5399 9362 8599 4724 3805 3172 375 0 1074 1005 1747 5172 5857 6902 7431 7247 5115 3840 5743 7145 7654 8048 8359
70 107 487 898 276 92 5107 9350 7417 6126 6544 7097 5640 4097 5340 3146 2661 800 2303 842 1488 2988 1450 781 2289 1475 6722 6568 6774 3886 3382 5997 7467 6875 5428 5911 4995 4279 5689 6647 8879 9010 9546 8318 4993 1364 1830 5113 5962 6552 5450 4301 6322 4811 5016 5565 4975 6958 3616 2321 3313 3290 2672 3361 4195 4607 5930 5130 5852 7859 4285 1801 4616 2106 5273 2091 600 1563 4177 1707 1 636 3595 4836 8637 7242 4903 4463 8194 7978 6480 5878 7262 6433 7643 6661
129 281 228 483 1153 1431 7038 8219 6548 6277 4689 4863 5098 6143 7577 6179 5573 681 932 4582 3611 1942 1520 839 2396 1188 5103 5512 1465 2212 5537 4132 6939 8500 4796 6752 4919 7573 4556 5428 8072 9675 9261 4419 2421 2880 4377 5876 6355 8342 6700 3837 7750 7567 4426 4964 3616 4069 5751 3219 4844 1894 5223 5311 6251 4960 5838 4604 4994 5136 6350 5790 8071 4427 3298 5322 5920 5084 6650 5558 4352 2683 6128 6321 9456 7248 5562 6796 8708 8352 6361 7360 6405 7306 3417 632
30 188 292 659 602 3285 8095 7188 7683 7687 6507 4798 4350 3692 6055 4995 5494 6648 1317 5149 3199 2454 3512 4082 3815 2260 4066 7089 7299 4639 5065 5354 5532 6078 7520 7840 7398 6504 6779 7454 4414 7721 9042 4570 2546 5596 7673 7509 7775 8072 9043 8214 6528 2001 3919 4373 5645 3909 4740 2944 7090 3330 6121 5472 6576 7090 5270 6770 3694 7020 5567 5470 7735 3763 3314 3812 5848 6386 3298 4091 4039 3633 4897 7918 7593 9142 8832 6392 8413 8402 7748 8810 8037 2321 61 3307
0 9 45 359 332 1163 3633 4432 2689 3621 4235 2495 3228 4685 3536 4335 8790 8436 7583 5065 6456 7050 6134 8895 8744 6623 3879 6371 5759 5794 2545 5457 5621 3509 6820 4171 1772 5552 6429 3759 2615 7549 9132 4653 3841 2603 5867 6847 7141 8716 8855 7481 5606 5320 5617 5992 3743 5060 3945 5307 6434 3315 5132 5470 5897 5014 6195 6019 3443 6667 5741 4192 6515 7494 8552 4730 5320 4944 4414 3323 4505 5956 3550 4338 7477 7037 7726 7903 7360 7829 9444 8614 1943 0 2970 7095
6 1 60 0 39 723 596 1325 1010 1833 2002 745 3369 2393 641 1569 6282 4931 8022 5952 4177 6821 8309 9010 7554 6618 2815 2471 2546 4819 4350 6083 6921 4996 2209 726 250 3300 4316 5491 4071 8031 8609 8278 7686 5703 4409 6729 7358 8990 8713 5532 7515 6882 7154 6471 1992 6411 3550 5876 5561 2191 3344 5977 5257 6206 6430 7205 7504 3488 6566 4861 5152 4926 3478 4616 4611 5951 6081 6175 5082 5580 4937 4150 5198 6356 7534 7942 8297 8688 9300 5706 2319 2994 6711 7297
228 64 29 330 1734 2357 401 833 1640 1485 1451 981 3357 1419 645 814 4666 5808 4944 3123 2503 7287 6992 8652 5141 4365 4306 626 3413 2915 4961 3388 7567 4497 480 1021 1939 4487 4811 5448 5021 8581 6178 8304 8527 7145 3634 6219 6083 8955 7357 6243 6455 5834 7824 3157 4076 2248 5521 5610 5952 839 3896 3842 5157 5484 6064 6390 8791 6123 7091 7283 6596 6101 4691 3146 4753 4316 5374 5193 5770 5403 4091 3713 4421 5601 7165 7718 8583 8453 6696 5483 2050 6019 5655 4572
184 701 1394 615 3194 3061 2145 321 692 1089 993 1142 2470 2766 687 1147 4030 906 2519 290 598 3544 8127 5297 3685 3101 4960 281 2567 4019 4648 3593 3525 532 1858 3136 6100 3717 5488 7835 8071 7479 5438 3082 3357 4834 4788 5951 6140 4037 3259 4673 6372 7923 3769 5554 1226 3128 5460 6041 7511 2382 4688 5015 4281 5622 5849 7303 5775 5082 6791 8624 8456 7975 7643 4999 5319 3573 5420 6440 6655 6596 4803 4007 4570 6579 7851 7445 9354 7366 5394 6767 4323 2277 6933 6922
551 2016 1045 800 2876 2308 2165 290 1170 403 198 1765 1256 1524 1831 2084 1428 181 331 282 1473 1894 2006 5444 6647 3361 1351 903 3669 5134 4965 1933 862 2662 5167 7515 8415 7016 5987 6592 7848 7934 5797 4389 5035 8325 5524 4172 4137 7274 7398 7191 6323 6555 6571 2075 124 156 4824 6742 3446 5003 4116 5536 6583 5117 7071 6908 4560 5102 6185 7130 6242 6229 6323 7559 6776 5622 6345 6142 4397 6150 3920 4251 4922 7639 7232 7425 9239 8223 9131 9552 8633 9098 7800 8532
2163 4339 1821 2225 4270 2235 993 516 682 635 300 479 622 187 1500 498 207 25 154 1893 1543 2546 2845 3388 1138 1234 743 739 2800 3165 2115 341 1121 4196 6908 7120 8199 5642 6458 6790 8062 7742 6791 8154 7898 5655 4774 6355 7785 5458 4541 6656 6099 6904 5396 2381 517 790 4236 1972 6596 5103 5384 4764 2309 4226 4127 5711 1915 2081 2876 3629 5056 7250 6668 7578 7506 6389 6145 5888 7350 4523 2934 3289 4597 5369 7134 7636 7913 8648 8324 8516 8539 9543 9502 8906
2822 4616 4072 3704 3016 2129 1022 276 339 340 243 359 187 320 347 54 54 164 1247 2600 996 2070 3037 842 1210 837 2737 1422 1249 975 805 1849 3397 6430 6687 6009 7459 5077 7505 8006 7809 7149 6613 5586 2763 4172 7607 7747 2269 2312 3251 6081 6963 6825 4191 1761 5173 5122 3100 4892 6098 4086 5366 7194 4717 5839 5226 5132 4846 5386 2247 5458 7494 6682 4641 5464 7028 7594 7287 5464 4564 4883 4272 5003 5853 6258 6492 4415 6924 7849 8280 8211 8210 8713 8339 8497
3852 4096 3992 1889 2599 3004 1108 252 359 314 410 115 276 418 233 110 221 1440 2588 1075 266 850 454 1074 221 223 1863 1824 784 492 2455 5927 4781 5222 7441 6683 7332 5627 7082 7758 6367 6631 6944 4221 4039 5235 6808 5386 3322 3923 1774 5132 5141 6535 6503 4946 8108 4626 3880 5719 6626 5601 3672 5977 5014 4665 6423 2959 3536 7214 3899 2362 6194 6157 6110 4719 5462 8245 7651 7257 6500 5556 3081 4215 6512 5197 6803 5592 5270 6821 9040 7964 8201 8803 8961 7528
5843 3598 1637 1386 2564 1979 1282 686 543 395 368 82 198 157 188 734 1050 1247 2624 649 423 657 378 452 0 734 3471 2441 592 2573 5819 4187 4014 2637 4944 7618 5809 6630 7583 6936 7223 7010 4902 4148 4363 7012 6020 2094 4106 2799 2854 3559 6562 6414 8716 7135 3248 6272 5006 6115 5657 3733 4363 6367 5807 5567 5425 6468 5607 5719 6025 4024 3705 5937 8988 8561 6912 8294 7550 8238 6014 5453 4234 3282 4330 4543 5902 6806 2716 7710 9309 8921 9033 6706 7312 4217
3886 1552 1593 2156 2028 1310 477 638 799 99 285 220 371 642 691 1633 2590 2691 1075 381 157 636 852 2513 859 2372 2565 1902 3887 4256 5191 4111 5714 6157 7164 5983 6098 5882 5482 6845 9360 5119 3111 3462 5820 6303 4523 3431 2534 4384 3442 2934 6391 7708 4929 5497 4754 7200 5626 7371 7086 4397 4143 5168 6515 5337 6700 5967 5587 4965 4715 3171 3795 3110 7617 6390 8433 8460 7362 8499 7475 6035 3645 5640 3492 5015 7771 5989 5097 5946 9212 9328 9138 7239 7087 7209
3126 3916 2871 1902 1737 1762 827 882 774 233 99 191 564 1237 842 1197 4329 2196 1532 440 751 532 1133 2641 2058 2151 4610 4748 5968 4479 4166 3902 5299 3860 2985 2815 2716 4639 7948 9476 6826 5618 3213 3907 5108 4434 3315 4615 2896 5771 4387 5661 6512 6369 5054 2277 4887 5844 6190 7094 7001 7954 5975 4275 5344 6017 5634 4375 5127 5336 6495 6451 5848 6963 7545 7339 7891 7518 8694 7336 6583 2796 5391 6504 7947 7462 5270 6878 8219 9024 8731 8965 9306 8913 7475 5728
2353 2973 3036 2715 1157 710 748 968 626 587 102 450 909 1326 1224 2656 2153 2122 2120 2091 1414 965 2129 2720 2252 2706 2425 2427 2644 2732 1972 3680 2784 2948 5050 4183 3031 4393 8430 6974 2498 3197 8004 7767 8672 6029 5626 2784 5289 4418 5621 5380 3596 2598 1080 2122 3033 5033 5751 7232 7461 7168 7510 6705 3723 5526 5631 6880 6174 5557 6776 7360 7451 8208 8155 6454 7970 8701 8032 4214 3472 5849 7186 8028 6454 7213 8215 7348 6291 4408 6050 5250 5162 5064 4763 3585
2817 2107 2579 2012 1428 840 442 691 1295 548 938 1587 1104 1645 1411 2194 1858 2758 2229 2043 991 1317 1989 1455 3337 3254 1680 2703 853 2190 3248 4126 3634 4472 5990 7224 4626 3059 4369 3238 6715 4760 7031 5531 5355 5184 5917 2807 3303 3595 4222 4254 4278 3302 4936 2632 3323 5815 6154 6183 7179 7252 7268 5016 6884 4947 6991 5251 5218 3895 8007 7548 6199 7692 7846 7269 8152 6572 8290 6927 7276 7779 7365 7051 8757 5102 5825 7345 1841 5718 6781 9121 9541 8640 7568 1700
950 2209 1593 664 830 489 434 1065 912 835 2726 2585 4066 1607 1114 738 856 2154 1917 196 766 1291 1557 39 490 1652 3021 1296 731 1313 1197 1525 3500 2430 7987 5359 3450 4403 1266 1491 2870 4808 7336 8471 5803 6150 2929 3486 2291 6434 3136 2997 1775 3401 4512 5724 4143 6084 6036 6229 5661 5573 5990 7110 6385 8014 7748 5901 5068 6116 5862 6860 8137 5374 6184 7357 7472 7536 8709 8966 6262 7760 8160 7005 6183 8228 9191 7179 2745 7950 8953 8823 9449 7668 679 0
610 1927 2058 472 332 492 787 462 340 832 1266 5538 6305 3847 2781 3246 2662 1070 314 46 24 187 3546 3485 1448 2834 2074 1504 1446 2921 4156 2239 1994 3684 2541 2605 2958 4259 2811 2617 3075 3150 3647 5891 5687 4846 2968 2756 4188 7050 4811 3378 2249 2815 4690 4809 6696 5136 4281 5427 5038 4400 6125 6160 6441 7156 7363 7486 7868 7521 9166 7447 8264 6391 7293 7945 5987 7265 8907 7982 8683 7811 5808 2355 8897 9160 9219 3481 9358 9695 5272 8490 6421 953 0 140
1078 1867 1563 800 946 743 409 899 1943 893 3859 3085 4463 4802 3495 3581 3635 1283 1098 415 1085 3864 4643 4192 6882 4493 2836 1004 2431 2593 2900 3907 5631 3127 736 1528 2997 4747 4750 3589 4492 5580 4643 4570 5755 3723 2212 2868 5840 3746 3578 1898 4067 5465 4157 5394 4665 5854 6276 6515 7089 6173 8067 6016 5139 7603 7239 7540 6660 6271 6410 4111 4920 5284 7811 8033 8203 7491 8743 7622 8299 8194 7451 8026 9686 9215 8289 9453 9081 9416 8313 2595 108 6 0 898
720 2112 2881 573 730 788 1626 1258 1174 2198 2762 1810 3012 2730 5399 3981 4242 917 28 1392 3093 4346 3621 4710 5345 2740 2842 3468 3999 4086 2598 7037 5686 2134 1750 1666 3374 3965 2996 2947 5782 7033 3896 4083 5671 2694 1617 3231 5686 4417 2873 4597 5662 5703 6952 6755 4701 4975 6588 6780 4315 8463 6880 6128 6224 7159 7380 6836 7638 8389 8489 8273 790 1609 5475 3788 7051 7863 8167 8726 7036 7242 8416 9395 9636 8958 9429 8644 8983 8958 8394 322 0 0 0 2398
1174 1801 1204 930 1784 3488 3830 1036 955 1179 1974 2357 2806 4446 6336 4328 3867 1218 993 1967 2109 4082 6448 8447 4353 5650 5322 4715 4380 2837 4267 5238 2997 2051 1882 1514 3588 2918 4278 5560 7705 7234 7708 5543 1326 582 4217 4622 4097 2561 1956 5951 7401 6441 6126 6035 5690 3934 6143 6212 6214 8392 6418 6981 6702 7678 6307 6372 6310 5868 7784 6371 83 1553 9038 5307 9183 5603 8295 4094 6135 9393 9168 9636 8748 9344 9389 9472 9232 9488 4412 82 460 1026 1455 6509
2299 1258 1089 712 2997 3791 2012 899 2109 3911 5588 4701 5376 4560 4531 4124 3172 792 494 174 838 3955 4763 5312 3916 2619 5570 6002 5082 2485 4457 3164 2368 1150 2337 3428 2884 6933 7573 8004 7506 8236 5069 189 995 5465 2540 2909 2563 1076 4483 6022 6918 5948 6747 7545 8273 5460 6354 5853 6831 7412 6952 5904 7855 5647 7168 7612 7311 7430 8680 2544 2521 6988 6238 8250 8206 7079 4678 7150 7168 7686 9321 6696 5539 8583 5740 6130 9720 7148 3728 3115 1054 7306 9305 7942
2324 1788 1197 1681 3495 5097 4644 2768 5539 6091 6435 2820 2294 3728 2183 2319 4093 2676 1475 1908 2191 2723 2199 1148 4175 4168 3704 3783 3363 3021 787 1687 2373 1663 3001 4148 4875 6569 4949 7385 8416 8086 1982 632 5284 2583 3560 2199 2407 4937 5459 7025 6449 8192 7526 7268 6656 4350 4645 5253 5415 6656 7638 6908 7050 8490 6927 8742 7243 5754 4792 3682 6307 8135 8412 5051 5580 6599 7279 8505 6889 9061 9278 9777 9496 7541 2785 8254 9029 5561 1648 2708 3501 2215 3068 6293
3189 3753 3283 3150 2296 5859 4686 6165 6904 7845 4545 1771 3574 2973 2032 1257 1783 1972 2741 4930 5803 5671 1928 272 1257 1360 2018 3766 7076 6706 4128 2888 4649 4585 4242 6254 5056 7531 7717 8719 8887 2879 0 1717 3043 3840 3733 4227 4281 3874 5799 6128 6056 5994 6293 4937 8091 7112 6542 5127 6695 8041 8895 7134 7271 6769 7122 7536 5664 6134 6924 7874 7276 7317 6810 1353 6658 6091 7948 8790 8650 6843 7020 9333 9300 7010 8772 8566 3856 2028 803 3793 7592 4151 4714 8433
1562 2086 2455 2383 4994 4388 3185 5128 7165 5750 3606 1903 3259 1572 2052 2012 2193 3214 4431 4022 5660 2555 1776 216 14 72 877 3096 3441 5315 6538 6796 3867 4468 4808 5894 7117 6148 6749 9340 7614 3674 93 3974 2780 4724 5409 5661 5344 4439 6943 7583 6106 5504 5552 8096 7267 8071 6557 6795 6769 6862 6315 7056 7455 6069 7322 8132 5492 7213 8460 6711 6359 3889 2278 1897 3275 970 1277 5159 4205 4296 6618 8987 9513 9533 8073 4617 5349 8048 2697 4850 5933 7728 3426 9818
3021 3022 2661 3421 3653 3312 5144 6070 6214 4432 2476 2728 5519 2688 1277 1987 4516 4198 1445 4617 4256 878 108 230 526 118 605 585 1928 5149 5719 5892 4281 5213 5881 6143 5778 8573 8120 8568 5869 513 3841 5273 6145 6672 6632 6364 5458 5720 7321 8249 7057 5887 7032 6061 6285 4769 3925 6327 5405 5596 5383 7886 6238 6070 6977 4962 4772 6841 7742 5908 4422 2955 2027 517 1459 6099 5946 4991 3931 6658 7245 8770 7964 9199 6479 1771 4336 4848 4473 7158 9276 5365 8171 9506
