gis_files/fnsa201314.asc
ncols         625
nrows         694
xllcorner     895000
yllcorner     515000
cellsize      5000
NODATA_value  -9999
[rows 180 to 224 of 694, columns 96 to 191 of 625]
0 0 0 0 0 0 0 0 0 0 0 0 0 0 0 0 0 0 0 0 0 0 0 0 0 0 0 0 0 0 0 0 1037 6207 5815 8431 9283 8504 8534 6609 7668 8969 9326 6444 8049 7866 6673 6524 8948 8628 9635 9140 9338 8274 6951 9109 9535 8663 4019 6264 8550 8537 9157 8462 9096 8560 8305 9378 9244 8808 7332 7963 8521 9140 9379 8761 8777 9242 9305 9773 9434 8828 8887 6044 9136 8777 9236 8415 9370 8540 9140 8820 8861 9472 9380 9128
0 0 0 0 0 0 0 0 0 0 0 0 0 0 0 0 0 0 0 0 0 0 0 0 0 0 0 0 0 0 0 0 3992 8514 8450 8002 8179 8403 7904 8831 6085 8367 8690 6711 8167 7878 9354 7807 8816 9252 9397 6707 5931 9368 9697 9826 9824 8788 7584 8494 8673 8333 7997 8134 8706 8371 8944 8563 9375 9097 6485 8767 9490 8999 9162 9605 7599 8961 9387 9064 9680 9404 9304 9022 9214 8851 9503 9022 9342 8175 8875 9471 9357 9239 9507 9079
0 0 0 0 0 0 0 0 0 0 0 0 0 0 0 0 0 0 0 0 0 0 0 0 0 0 0 0 0 0 0 0 2840 3966 7414 7620 7296 8598 9340 9205 8726 6885 5686 6391 8049 8854 8234 9117 9438 9257 8974 6671 7928 9347 9533 9665 9597 9171 7962 8889 7491 8724 7994 8088 8378 8362 8665 8776 9225 7979 9020 8968 9242 9005 9192 9352 9434 9334 9456 9196 9476 9348 8923 9187 8638 8329 8688 8604 9172 9056 9349 9262 9581 9691 8810 9540
0 0 0 0 0 0 0 0 0 0 0 0 0 0 0 0 0 0 0 0 0 0 0 0 0 0 0 0 0 0 0 1957 5582 4227 5725 7064 8547 9237 8549 8596 8344 8377 6666 8308 7701 8835 8530 9148 9339 8404 9654 7366 6106 8864 9071 8747 9107 8953 9275 9143 8916 8423 8418 8497 8791 6681 3729 8800 9342 9019 7843 9744 9453 9023 9214 9123 9601 9278 9279 8386 8156 9413 8778 9630 9153 8943 9078 6692 9044 9284 9278 9365 9111 9103 7925 9284
0 0 0 0 0 0 0 0 0 0 0 0 0 0 0 0 0 0 0 0 0 0 0 0 0 0 0 0 0 0 61 5277 5217 4689 4688 5572 6562 5899 8629 7758 8294 6209 6785 7296 6872 9062 9582 7715 9579 9623 8970 8388 2900 5467 9414 9926 9493 9162 9069 9007 9029 9424 8239 8073 8940 7097 3997 8287 8827 9331 9204 9017 8618 8598 6458 9557 9092 8344 9050 7303 8859 9148 8647 8703 9049 8822 9030 9412 9298 9175 9358 8951 8925 9773 9353 9515
0 0 0 0 0 0 0 0 0 0 0 0 0 0 0 0 0 0 0 0 0 0 0 0 0 0 0 0 0 0 3589 7968 5664 6338 6372 5551 5733 5309 4560 4950 7656 8318 7352 7106 7264 8732 9294 8776 7958 7060 8988 9605 6710 7861 7846 9269 8846 9513 8920 7625 8840 8913 9206 8754 8471 8383 7186 5843 5858 8272 7574 7239 9104 8627 5736 8211 9545 9247 9111 9591 9693 9447 8571 8457 9038 9063 9146 8865 7373 8140 8514 8688 8402 8852 9035 8840
0 0 0 0 0 0 0 0 0 0 0 0 0 0 0 0 0 0 0 0 0 0 0 0 0 0 0 0 0 457 7033 9042 8034 6751 6607 4308 5907 6509 7398 7084 5943 8325 3618 3169 5302 7890 8796 6771 8507 8581 7722 8833 8993 8764 8277 7348 8101 4617 6921 5626 6923 8255 7007 7992 6923 6267 5419 4513 4043 6261 7954 6315 8330 8159 9273 9132 8182 7562 8420 9082 9103 8982 8248 8763 8090 8367 7962 8339 7432 7748 7477 8426 8489 8620 8250 9269
0 0 0 0 0 0 0 0 0 0 0 0 0 0 0 0 0 0 0 0 0 0 0 0 0 0 0 0 0 4595 6336 8704 9141 7452 8879 7807 4528 6234 6399 6951 7918 6919 6673 8486 7053 6252 6436 4346 5857 5714 6907 8253 7999 7934 7845 8008 8141 6963 6483 3486 551 2459 4413 5289 5033 5092 4707 5102 6677 7637 8076 7352 4365 7519 7891 7987 7124 7620 8925 8303 8041 9363 8886 8013 8372 6372 8801 7540 8649 7109 7215 8127 9133 8959 9242 8576
0 0 0 0 0 0 0 0 0 0 0 0 0 0 0 0 0 0 0 0 0 0 0 0 0 0 0 0 1029 5138 7174 8113 8529 8827 6890 8914 6399 7904 7539 8729 8397 5595 4617 1931 2367 1853 2178 4269 4348 4227 7065 5622 6410 7185 8409 8229 8694 4582 2383 6123 6051 8337 7944 7075 6627 5133 4897 4183 5549 6012 8687 8310 7824 7597 8571 9271 9097 7115 7794 8796 8680 8308 4959 7824 8596 7377 8782 8759 8304 6976 6128 7475 8674 8969 7922 8496
0 0 0 0 0 0 0 0 0 0 0 0 0 0 0 0 0 0 0 0 0 0 0 0 0 0 0 0 5458 7652 4429 7237 4783 5562 5909 5803 6394 9275 7475 4099 3476 1951 1507 2530 1835 3218 3588 4370 3226 4696 4117 4600 6806 6577 7284 8851 7740 7030 3905 6591 4127 5886 6492 5345 4295 2963 3275 6572 5700 5970 6977 8090 7587 5645 5669 8541 8341 7491 6926 7065 6734 7318 8529 9215 7676 9056 8958 8409 7732 8294 4590 2086 6035 7834 8869 6310
0 0 0 0 0 0 0 0 0 0 0 0 0 0 0 0 0 0 0 0 0 0 0 0 0 0 0 1979 9388 7821 7879 7890 6778 5129 6488 8019 7832 4584 3762 3964 1843 3379 2885 2474 2010 2100 3600 3287 2669 4153 4883 4131 7416 7041 7836 8323 8258 7313 4723 4959 2040 4952 5911 6706 3206 4428 5404 2599 6574 5785 5948 8189 6769 8361 7738 8049 7622 7585 4639 2580 6697 7218 8356 8019 7546 9119 9063 8980 8688 8663 7122 6717 6133 5025 7400 7595
0 0 0 0 0 0 0 0 0 0 0 0 0 0 0 0 0 0 0 0 0 0 0 0 0 0 495 4316 6783 7264 6487 5766 8285 8560 9064 7287 2496 3233 3445 4605 3205 4318 5142 3583 958 140 174 1878 290 38 3591 3413 4718 6094 7445 7855 8777 5966 6311 2811 1867 558 2270 4088 6512 6365 6929 8907 8614 8718 9254 8638 9035 8107 8640 8600 7925 8205 5700 3739 5952 8649 8585 9165 7636 9444 9279 8650 8879 6670 6505 7001 5082 5511 6683 7464
0 0 0 0 0 0 0 0 0 0 0 0 0 0 0 0 0 0 0 0 0 0 0 0 0 0 2792 5227 6838 7845 9232 8601 8160 7417 5617 3068 2170 4229 4099 4660 3364 2904 1809 93 39 75 73 43 25 15 462 1762 2360 4188 7202 4871 6450 4389 808 6707 4038 4220 626 2338 4486 4102 7220 7943 6612 6439 7782 6888 7646 4261 4170 5731 8198 8351 5054 1050 2806 8351 8876 8409 8831 8392 8882 8225 8554 6463 7252 6707 5159 8393 7830 5098
0 0 0 0 0 0 0 0 0 0 0 0 0 0 0 0 0 0 0 0 0 0 0 0 0 1633 5946 6838 6344 6770 6006 8266 4977 2472 1857 2244 4185 1977 2550 1601 755 1290 2292 231 69 231 1589 1785 385 28 0 2790 2082 2713 7033 1708 1711 2778 4049 6193 7806 7614 1466 243 2609 3426 4765 4266 5245 4763 7051 5552 6804 1844 2237 5196 8013 8684 6987 2930 3228 2254 5868 7345 4526 8302 6164 6902 7180 8308 7924 8867 5976 7175 6420 6287
0 0 0 0 0 0 0 0 0 0 0 0 0 0 0 0 0 0 0 0 0 0 0 20 460 2617 6819 6757 7353 7836 6613 5141 3639 2802 1736 4156 6143 2471 966 125 189 2814 3076 960 487 492 1688 829 48 157 24 587 1283 2219 3682 2602 2639 2063 3850 5838 5389 4113 1548 393 1642 2373 559 2348 4004 3990 3327 5107 5940 2997 778 4053 5359 7595 8361 8057 7224 7708 8629 8623 5484 8192 7016 8341 8550 8110 7715 8412 7740 6714 5824 6948
0 0 0 0 0 0 0 0 0 0 0 0 0 0 0 0 0 0 0 0 0 58 410 4301 6562 5342 7082 7336 4244 2324 702 590 1307 3583 2784 3921 1796 90 0 26 4 1168 3215 766 300 227 788 201 1592 2408 562 61 389 907 1719 2459 2217 2260 1085 2353 3599 1858 233 1268 2530 3892 3668 3075 5039 5626 3534 4969 2057 4280 230 462 2096 3697 4343 5141 3591 6443 7035 8679 8578 8107 9142 8649 8706 7991 8812 7548 7445 7836 6720 8736
0 0 0 0 0 0 0 0 0 0 0 0 0 0 0 0 0 0 0 445 3707 4196 4167 5724 7084 7836 6917 5079 912 888 1098 1101 3578 3118 2865 1770 6 0 0 0 0 26 1776 993 54 5 14 1285 440 410 509 226 869 585 1130 1089 2634 2509 1177 1618 1688 404 1582 2674 1675 2080 1617 2334 3457 3213 1775 439 1488 1647 2358 3135 1931 4951 1845 4781 3062 2968 7722 9246 8194 9032 8536 8166 8215 7061 6361 7578 4291 7066 4739 6414
0 0 0 0 0 0 0 0 0 0 0 0 0 0 0 0 0 125 1939 5741 8019 8347 8132 4965 7207 4264 3318 2618 1734 563 1892 2624 3344 2741 1046 490 0 0 0 0 0 0 186 620 4 0 44 275 232 867 736 730 527 246 1898 569 1771 2702 1549 552 1656 347 433 1661 2666 2952 1197 1870 1780 1777 487 275 309 216 558 567 2036 1216 1844 4781 4168 1721 6094 8221 8192 7240 9014 8529 6978 5719 5010 3539 5302 3870 4360 7026
0 0 0 0 0 0 0 0 0 0 0 0 0 0 0 0 193 5582 8484 7642 6624 6423 6247 5891 5386 2258 1505 2040 2302 3450 2407 2318 3376 1020 11 0 0 0 0 0 0 685 644 784 26 161 31 376 227 1130 1231 750 306 477 1187 1088 716 2316 1473 2144 2306 1116 445 1584 1875 2446 2510 1938 1549 571 61 102 300 720 888 192 2479 135 1813 5799 3049 5174 736 3721 6964 7641 6847 6666 6903 7062 6645 6040 4932 4226 7220 5450
0 0 0 0 0 0 0 0 0 0 0 0 0 0 607 2782 2837 7948 8999 6483 6239 4474 3569 2628 3825 571 1662 2375 3502 5463 3954 2451 1581 137 0 0 0 0 0 0 0 9 107 197 14 188 413 20 415 542 220 14 154 1044 2023 746 1090 1465 1507 1015 3668 1690 2026 2164 1772 1142 2092 906 627 628 278 344 715 1207 2174 686 112 2037 6387 7161 3394 6063 4934 4841 6000 6346 4664 6456 5095 6221 7840 6387 4487 4334 5582 5837
0 0 0 0 0 0 0 0 0 0 0 0 0 314 903 1703 2847 5714 6776 2781 1895 581 1076 1271 2654 2080 3033 2510 1904 1633 2225 911 40 0 0 0 0 0 0 0 0 0 320 94 102 743 347 741 2322 548 1064 986 300 334 245 898 649 566 744 1976 3560 2270 2209 2920 1426 784 770 881 536 321 539 884 1001 1732 3411 1428 299 3023 7410 8009 4965 7692 8696 6865 7139 7288 6209 1247 6079 6668 5460 5973 4742 5489 7154 5419
0 0 0 0 0 0 0 0 0 0 0 0 0 194 1636 3260 182 448 2588 2052 1118 547 1199 863 1012 1714 1322 883 1258 1356 853 0 0 0 0 0 0 0 0 0 0 0 107 733 355 813 445 114 1863 1548 956 2262 1606 64 114 756 1419 527 784 1392 528 1675 1461 3236 1219 785 1407 1221 270 839 1809 1345 1582 1646 3318 2025 2117 4767 7066 7028 7827 5585 6451 3694 5708 5197 4650 3979 5151 6922 7451 6330 6278 6741 5400 6484
0 0 0 0 0 0 0 0 0 0 0 0 23 93 912 2156 3144 1356 2057 1992 1655 1941 1774 1705 972 1434 1114 753 715 410 0 0 0 0 0 0 0 0 0 232 403 771 1587 2477 1624 529 1764 719 479 1396 1897 1172 815 48 182 275 158 355 837 304 350 405 375 1415 735 388 1271 1395 232 947 2383 755 1608 2013 1864 3304 1904 7254 7984 8426 9101 5548 3123 7060 8717 7593 4748 4643 3846 6611 3856 4862 8583 5572 8091 6206
0 0 0 0 0 0 0 0 0 0 0 0 553 564 336 832 700 2751 2245 320 1749 2282 1202 809 790 1889 1098 661 803 68 0 0 0 0 0 0 0 0 1 448 1297 5158 3338 4345 1519 2072 2756 980 1283 1327 1224 1379 810 162 271 1052 181 142 102 287 518 563 273 399 213 148 267 664 433 1044 913 1244 1568 1282 3425 5375 4354 9180 8462 8701 8929 8436 7994 9093 8798 9330 6591 5453 5764 5363 5728 5532 6139 8294 8546 6924
0 0 0 0 0 0 0 0 0 0 0 539 1507 1835 1540 1130 607 1037 208 311 651 600 409 492 419 833 2485 730 394 0 0 0 0 0 0 0 1 0 0 3874 7634 7431 6158 2287 1470 2189 3781 1836 833 1267 764 1229 1400 366 201 601 186 134 255 257 425 718 470 573 472 104 129 551 558 480 1367 2757 2110 3235 5777 6719 7289 7730 8890 9298 8925 8535 7868 9156 9170 9389 8885 6598 6490 6025 6436 7011 7855 5738 7204 7140
0 0 0 0 0 0 0 0 0 0 0 1468 1103 1131 526 204 31 504 1119 1527 482 391 152 307 404 1158 1371 1 0 0 0 0 3 0 6 28 34 0 0 4118 7257 6275 2490 157 307 656 1942 1021 532 630 513 2247 2051 480 330 903 1780 978 728 952 283 1000 399 166 363 331 148 139 645 1209 2011 2533 3623 5218 5534 6282 8944 9413 9007 8777 8905 8240 9033 9336 9296 9296 6742 6648 6698 6305 5205 8244 7332 5378 6805 8269
0 0 0 0 0 0 0 0 0 0 0 799 450 0 23 474 568 928 1292 1178 342 365 220 388 358 547 30 0 0 0 0 0 0 5 5 15 30 36 44 4009 3443 400 212 166 82 194 168 459 553 1565 675 768 2580 2203 1126 448 252 1224 1335 483 307 48 1015 334 277 314 122 758 1026 1400 2056 2895 4010 4694 5676 5246 8905 9018 9023 8547 7978 8718 8585 9192 9114 8982 7982 8426 6387 7957 8525 8958 9054 8381 7688 7075
0 0 0 0 0 0 0 0 0 0 0 217 423 34 625 389 516 1343 1438 1263 1221 874 499 238 208 73 0 0 0 0 0 0 0 0 6 311 687 474 10 684 0 5 51 140 46 3 41 189 945 1608 498 253 3492 5348 396 314 591 383 270 501 115 315 844 809 771 958 528 606 1893 2106 3282 3882 2627 4791 6504 6828 8204 9101 9043 8817 7937 8415 8639 8563 7550 9056 9141 8988 8496 4951 8544 6223 6880 8999 7451 8431
0 0 0 0 0 0 0 0 0 34 260 538 753 344 1816 2215 1690 513 146 1234 817 1036 807 342 85 0 0 0 0 0 0 0 0 0 352 2620 1624 633 1606 326 0 3 8 26 9 46 21 176 4 1 6 468 1562 3295 429 396 458 142 499 1020 290 1031 1400 724 2121 1076 425 950 1093 1688 3076 2805 3717 6801 7410 7243 8896 9153 9132 9636 7738 6360 8387 8274 9229 6863 7082 8782 8264 7188 8862 8759 8056 8726 8877 8512
0 0 0 0 0 0 0 0 208 1098 1030 514 354 596 879 1509 588 645 341 839 835 691 541 331 19 0 0 0 0 0 0 0 0 15 1069 1025 945 2792 1762 868 0 6 0 1 34 14 16 28 21 49 44 425 4916 2903 733 148 337 370 775 369 888 1187 1956 646 635 516 918 1356 2326 2672 3059 3679 4020 7406 8886 8003 9083 9040 9363 9468 8233 8840 7583 8180 8003 6021 2434 5804 8438 8601 9082 8583 8358 8076 8086 9107
0 0 0 0 0 0 0 38 413 1124 585 163 267 477 179 109 506 511 635 553 758 8 161 21 0 0 0 0 0 0 0 0 0 61 976 1076 775 204 3 0 0 0 16 0 0 39 9 128 191 243 2336 4976 4929 3738 336 130 384 423 1262 468 1320 438 358 449 839 1030 1790 1898 1941 2531 2124 2920 2349 6622 7873 8195 5907 7274 8239 9392 8719 9072 8451 8707 7909 3854 5983 6542 8960 7825 9093 9121 9032 9058 8847 8998
0 0 0 0 0 0 26 112 602 1159 1453 371 1089 1347 383 73 283 780 676 602 538 1342 409 49 4 0 0 0 0 0 0 28 534 310 1680 879 50 60 10 171 1035 2765 468 99 137 4 4 31 423 3382 6561 6248 2561 2115 1093 914 310 127 1291 541 908 364 460 450 157 1060 1722 1836 972 1814 2964 1828 3312 4098 7555 6116 7558 8317 8427 6813 8810 8506 8409 8499 7673 1706 7286 8549 8890 8766 8223 9022 8826 8196 8842 8259
0 0 0 0 0 319 490 0 681 938 853 301 721 222 452 364 261 434 1569 2639 799 266 596 554 60 0 0 0 55 1342 1502 4271 4211 2205 63 93 635 983 691 2204 5651 4132 2923 662 109 14 4 53 3705 7652 5418 4145 4328 2526 1698 1189 630 1533 1846 537 1174 243 365 675 1138 1611 1056 1962 847 2400 3542 4185 4818 7426 6717 5863 8353 6907 7917 9118 8741 8902 9027 9229 6456 3905 8209 5353 7656 8477 8983 9498 8339 8709 9235 9059
0 0 0 0 54 194 84 247 1412 1079 940 235 573 667 739 423 99 2294 5468 3985 951 85 68 238 151 707 34 119 2748 2707 1627 897 54 1607 339 235 458 2124 2845 2184 3832 4601 2106 304 232 35 337 1835 8445 7038 2952 2559 2520 347 479 334 549 2950 3475 2070 1054 364 233 443 1295 2042 1716 3238 2741 5079 6256 3851 5363 7337 5355 5739 8609 6801 8019 9422 8717 7318 7912 8805 7496 6914 5748 7235 7923 9151 9140 9130 7096 9339 8420 7935
0 0 0 0 245 187 0 379 1080 1074 1922 1563 1479 1233 820 581 2622 5671 7025 872 0 0 0 70 778 1041 665 115 31 41 248 173 490 3062 118 21 322 2781 6640 7549 4842 2145 218 60 253 58 394 5074 9257 7017 5478 6898 5825 2827 1113 419 1355 2702 1931 1933 483 79 566 1098 728 1444 1584 1919 2605 3815 4939 5090 3928 3862 4403 4063 8407 8494 8961 9411 7820 7844 4088 7969 8913 8739 5718 7244 8578 9056 8909 9128 2888 7585 7886 8159
0 0 0 0 384 428 0 199 1469 1824 2036 1883 937 1182 2899 1708 5136 3289 825 0 0 149 287 908 1499 524 1148 14 78 20 365 20 246 3258 271 90 223 700 6115 4764 1006 1390 644 1348 829 487 2610 5296 5655 4231 7991 7865 5090 4148 462 554 992 1300 797 1065 398 207 346 462 1168 2288 2470 837 1859 3199 5986 5470 1574 3574 8003 6202 8081 8144 8463 8476 6333 4611 4245 6361 7397 5708 7875 8218 8818 9389 9150 7293 8578 8950 7636 8845
0 0 0 0 1025 430 3 405 442 495 1732 798 787 1014 1904 1843 2662 1106 184 35 0 0 322 133 74 0 63 223 122 56 0 13 0 1085 294 1449 563 602 7345 6436 6988 7304 5853 2726 2349 3723 2784 3473 2247 2249 6897 6433 4181 3165 523 448 948 252 734 676 265 321 435 371 1055 1668 2333 1243 2474 5938 8234 7027 6183 7761 7500 5982 9466 9477 8764 6798 3506 2577 3369 8701 6751 5794 5677 8241 8576 8009 7337 7419 8181 5647 7469 7227
0 0 43 360 493 182 45 778 603 942 679 1105 2585 3258 1134 2381 1239 241 923 4 19 80 1054 352 238 92 110 470 341 137 68 5 591 283 2827 2569 423 1528 4656 5656 6311 7388 8149 5849 1557 5418 8299 6952 2066 2900 5443 3024 2161 981 405 790 970 454 1165 1366 282 474 331 194 809 2480 3751 4947 4676 5581 7471 6742 8218 8547 8826 6229 7417 9156 7972 1731 799 3135 2368 5716 5083 4570 2817 7577 9079 7570 8938 7779 6390 8664 9212 8699
70 5 434 393 429 179 21 124 66 564 1027 4300 3723 3043 4121 1016 149 350 240 207 547 186 183 54 25 24 134 2145 4319 1369 1085 359 805 0 1982 4334 2134 3795 5938 6578 7493 8224 4982 3968 7046 9079 7848 1485 1468 4251 6182 2339 3672 1359 516 263 612 448 1195 2087 2028 1179 1429 533 129 1104 4580 5415 4308 6283 8065 8344 8363 8298 8835 8432 7003 9388 7992 4987 79 857 6298 5142 3512 1754 3870 7673 8860 4926 9585 8152 3879 8254 9372 8590
788 156 1160 2540 1885 638 1037 276 464 2018 2827 2112 2239 2396 2141 408 477 147 40 339 478 4 1 21 8 465 3754 8203 9219 6382 4027 1895 2047 5217 3201 2323 4448 7884 4788 4890 5691 8662 5738 7622 8386 6471 6290 2302 1725 1740 3106 2104 3305 1252 430 469 321 447 654 2022 2508 3742 2066 2329 1292 3201 4828 4541 4316 4778 7099 8618 8613 9172 9061 8951 7420 8333 4278 497 85 840 2191 5261 2811 1290 3313 5299 8535 7928 9103 7868 4729 8413 8182 7972
1627 1619 2227 3197 1759 1890 294 281 659 1247 1815 1624 498 709 523 576 1362 102 503 144 1000 6 40 285 48 2279 8581 9101 6400 4334 3630 5390 4141 7196 7033 1417 5548 6273 5205 5561 4129 7466 6946 8182 4291 3911 3631 4809 3933 2930 1747 755 492 416 706 582 849 564 1360 669 1841 4394 3152 4077 4240 5327 6050 6318 7002 5710 7388 7756 9236 7671 8855 7363 8924 6192 2181 1396 1579 4023 5765 5332 1665 1729 2796 3229 5184 9343 7843 7493 7821 8218 9566 9589
1267 1474 2198 933 566 664 421 65 384 320 159 66 9 15 346 253 315 580 1737 1952 1192 1794 2302 1258 2602 6463 5704 6214 4949 1014 2037 2691 1677 6529 7037 5401 5464 1410 874 1426 2568 6766 6784 5533 4328 5390 6545 6381 3347 3156 1465 297 217 798 1173 1364 1880 2318 1890 1683 2358 1237 2741 5178 6518 4838 6414 7066 8072 6693 4680 6778 6836 8965 8216 8259 5682 6315 5350 7498 4229 4335 6148 5819 3649 2559 5409 6647 5152 9359 9083 8591 8423 9049 8134 5438
779 538 612 1064 2720 2555 433 376 222 152 0 1 13 193 1548 1924 630 1949 2963 580 1593 1326 2260 3985 4069 3392 784 4286 3564 1159 514 68 225 1051 2018 1032 1631 1197 1651 773 3419 7609 7811 7518 7154 5827 4222 6145 4417 2845 138 873 442 182 1041 1725 936 2144 3620 5183 2789 2096 3248 6001 6518 3374 7165 7817 7406 8976 8707 7220 4987 7993 8945 5102 776 1808 3633 6404 5546 3852 578 1257 3731 5349 5118 9207 8649 6297 8874 9156 9501 9220 9155 6624
457 1439 768 2432 2331 3615 1376 0 0 60 1 3 213 649 4173 3786 3527 2503 982 1253 746 261 271 1162 321 156 24 351 1006 731 983 1301 924 3150 3313 5262 3351 1318 3333 2107 4266 5130 5492 6190 4892 3135 4765 5662 3777 1663 661 2334 203 93 231 896 2565 3722 3417 3450 5953 2846 3615 4168 5908 7072 7678 8970 9200 9444 8476 8255 6986 8351 5080 1552 817 1750 5886 7025 5166 4216 1234 5290 8759 5671 8051 9446 8270 8322 7543 8767 7934 8018 7741 9777
992 470 358 761 627 591 322 54 25 92 346 40 23 237 3403 4252 681 144 90 0 0 14 49 8 95 54 0 178 480 1185 2434 4079 4729 3140 3975 2630 1874 1779 4461 4776 4813 1310 4961 3172 1848 5863 2916 6188 5725 817 1288 1428 1705 280 345 4630 4442 4722 2397 3887 5692 4256 4422 7155 6609 7277 8351 9257 8754 8953 9649 8966 4916 3507 3118 6000 6425 5335 6532 5193 3132 4615 923 1857 2832 1340 7653 8314 7751 9042 8249 9358 7885 8416 3085 7464
