gis_files/forest_fraction_5km_2013.asc
ncols         583
nrows         654
xllcorner     995000
yllcorner     615000
cellsize      5000
NODATA_value  -9999
[rows 390 to 428 of 654, columns 174 to 260 of 583]
0 0 0 0 0 0 0 0 0 0 0 0 0 0 62959 426997 282696 388096 47180 0 0 0 0 0 0 0 0 0 158304 644768 891661 793539 514478 105380 54351 92397 25621 8090 71249 90444 309134 235875 0 33009 236092 105730 183002 624330 782330 934753 913132 815612 314406 190335 2313 218286 917688 778619 307371 208435 424652 738594 823743 548847 176199 137241 776482 484262 75023 705395 994426 966771 921816 892635 755788 770671 849219 810520 883744 721995 610059 716451 758341 972784 994485 982940 997867
0 0 0 0 0 0 0 0 0 0 0 0 0 0 12483 476844 469609 377386 2947 19317 0 3136 95238 81464 93688 299615 275988 105930 263150 569941 973897 425703 155974 7861 0 51020 163098 81496 191859 378726 660372 578583 400214 351120 205672 304511 45185 250962 708584 879776 604260 499596 177962 6280 0 2362 234825 31488 0 0 50356 504598 679465 435642 673805 175874 453006 421423 471597 812408 993333 845540 944510 909754 803845 868805 870333 741315 702395 713873 823316 719390 592697 878990 984194 992419 982492
0 0 0 0 0 0 0 0 0 0 0 0 0 0 0 48684 374717 448132 235290 152985 195153 210428 428604 704575 557040 331746 520255 368167 287649 367958 463512 502808 429676 91584 0 151930 164511 493580 445285 866185 863741 860021 899805 752577 634325 752529 108614 75816 696527 751100 867321 866361 675772 308210 341210 0 0 0 125993 0 0 23296 109421 381827 902638 972383 577903 340294 361860 694746 596868 628152 751367 917968 880991 714982 716650 419710 762504 999328 974804 745576 795201 708622 982911 972904 997027
0 0 0 0 15930 0 0 0 0 0 0 0 0 0 0 0 24470 190124 597588 189645 62966 57594 60423 113687 73803 14250 45028 148272 314247 414294 149589 105212 268204 330869 240264 317556 319271 626276 755319 592138 739936 825571 860205 967433 895931 936522 470004 58697 385119 838269 813573 584735 652823 266743 809940 534505 107013 64762 109798 0 0 0 0 38 336675 815669 833457 418861 300480 320714 882062 488207 509694 999502 907208 743983 491703 790044 983007 989095 977107 795624 795394 673192 731290 981246 975752
0 0 0 0 0 0 0 0 0 0 0 0 0 0 0 0 0 140066 471509 272343 0 43435 33893 0 0 0 0 111345 407337 402844 446756 95325 79540 451374 351558 254566 316940 413930 672972 712822 358801 803192 833195 964952 956485 888358 883520 765856 509740 714016 820667 817646 286376 603494 960558 750632 539854 72004 0 0 0 0 0 0 2132 874392 540666 564648 936114 974449 973989 787358 222088 945441 946416 917720 580692 840452 977492 998891 970423 911961 911413 744977 736989 942308 967343
0 0 0 0 0 0 0 0 0 0 0 0 0 0 0 0 0 170740 232337 230661 0 0 0 1302 16812 0 0 0 8178 247474 206322 158587 0 89505 362535 463842 376497 437950 771645 577355 457824 381787 869437 1000000 955560 995654 760176 380302 985527 995448 910899 923575 604396 47055 542036 862808 606134 232644 64709 0 0 0 2903 207445 600548 958615 909634 556499 937942 730127 818129 903849 822728 973582 1000000 833975 617951 787088 887444 974408 993219 890927 863573 678449 637151 721274 803599
0 0 0 0 0 0 0 0 0 0 0 0 0 0 0 0 0 79813 230616 299483 1662 19317 10481 206543 64576 0 0 0 0 80354 385431 107990 117709 65632 332548 240262 483275 634526 777963 410514 727553 578393 324708 813277 745391 845300 307102 16923 865554 971872 965658 738571 942750 886709 849234 963406 697886 22127 76670 48858 0 29653 322560 526783 850909 365825 312422 945228 853560 733896 821663 624097 729291 778126 1000000 831952 1000000 922930 926158 985610 985128 936079 720428 730452 529434 637321 489000
0 0 0 0 0 0 0 0 0 0 0 0 8153 0 0 0 0 0 0 61282 67293 26028 25063 164618 15701 0 0 0 0 0 71939 5239 24261 0 0 22756 13872 260383 547197 521155 391411 397402 569616 226623 201331 372712 141047 0 304225 573871 799581 989534 999498 1000000 597277 284443 240634 244839 0 148441 66390 158259 476812 733714 479095 12685 23520 789569 832955 329257 817046 680639 761031 601680 913628 827464 1000000 959326 761993 900920 871415 985143 727228 544614 581754 590158 285280
0 0 0 0 0 0 0 0 0 0 0 0 1128 0 0 0 0 0 0 0 0 0 115091 141668 0 0 0 0 0 0 0 0 0 0 0 0 0 168387 593624 706148 296281 287546 396903 265632 256743 276745 281956 92818 1630 0 135113 497164 998871 999749 659700 623626 168872 47556 14300 235620 376701 101614 691530 644229 734934 357379 132689 436594 821041 793150 952284 996505 1000000 896360 328834 939412 1000000 1000000 889733 936814 963060 993485 646446 419086 756540 764988 333165
0 0 0 0 0 0 0 0 0 0 0 0 0 0 0 0 0 0 0 0 0 0 0 0 0 0 0 0 0 0 0 0 0 0 0 0 0 117239 20041 308742 193313 5044 194738 364083 731815 372857 357977 145454 41726 0 3371 17831 602224 887705 915863 957527 836877 35649 50802 592844 243140 604638 807073 783741 215510 684855 366537 77963 480078 722811 910424 996335 950342 889340 565220 963638 1000000 994624 914682 989400 844432 855508 429380 370622 993324 528074 298716
0 0 0 0 0 0 0 0 0 0 0 0 0 0 0 0 0 0 0 0 0 0 0 0 0 0 0 0 0 0 0 0 0 0 0 0 25096 5725 4515 128446 68349 5062 212367 2992 149627 740050 369556 229555 275591 3243 13168 70427 0 431482 929307 554568 902152 73752 236088 399377 254779 379587 773306 664911 408069 464370 488857 6420 434438 853259 536019 816409 804558 882947 413212 581178 960446 1000000 1000000 1000000 990303 762141 921642 503635 354573 391170 204812
0 0 0 0 0 0 0 0 0 0 0 0 376 0 0 0 0 0 0 0 0 0 0 0 0 0 0 0 0 0 0 0 0 0 0 0 40051 660 31395 8543 4766 1630 0 0 11312 462449 337936 482041 372007 18627 12821 7777 0 5902 728059 957535 524659 14338 516450 115300 763553 368193 556492 748699 669818 323548 499964 273736 13113 510198 705699 818302 487082 989528 805691 411390 687187 961684 1000000 1000000 942423 924823 914945 949470 470472 113337 310030
0 0 0 0 0 1379 0 0 0 0 0 0 0 16145 47577 0 0 0 0 0 0 0 0 0 0 0 0 0 0 0 0 0 0 0 0 0 0 7618 102152 18063 0 0 0 4807 0 20758 8701 28503 92353 0 4641 0 4986 0 60736 175661 0 866 55842 143123 559637 425333 270337 133998 0 136209 57962 11020 108946 226419 471170 775164 962063 891877 934072 890535 495343 584178 677818 926575 975308 999816 768818 563697 687634 405435 521865
0 0 0 0 0 1254 0 83838 82010 0 0 0 0 0 0 0 0 0 0 0 0 0 0 0 0 0 0 0 2990 0 566 0 0 1505 0 0 0 6334 155695 9219 0 4641 0 9367 28426 43448 3449 153531 13224 0 35624 2322 7181 0 0 0 1028 0 0 0 281429 811156 133773 0 0 305508 512694 21047 133076 367443 568987 843362 993714 1000000 948089 838270 813512 626358 487150 177428 519872 991479 994845 564915 647627 544829 509805
0 0 0 0 0 15644 18851 115189 2580 0 0 0 0 0 0 0 0 0 4813 0 0 0 0 0 0 0 0 0 4034 37757 23674 72927 0 0 0 0 0 180704 147670 27534 0 17185 6899 14174 308222 151696 50190 273056 8938 4014 46019 29242 0 10414 79713 121618 149981 0 0 0 33959 605615 876171 124280 0 270297 915284 694848 18037 228739 701311 608049 538938 653299 584770 954202 998855 1000000 918656 692919 351750 638644 994238 743194 595529 988498 563528
0 0 0 0 0 0 0 0 0 0 0 0 0 0 0 0 0 0 329 0 0 0 0 0 0 0 0 154542 0 39728 404802 517456 0 0 0 0 4264 53893 293497 306752 55043 41995 0 81775 280164 77442 325269 255317 953 1836 331872 248466 1917 38535 83483 9878 90677 0 0 0 0 43652 793492 143003 0 417589 772671 964628 405294 90100 151024 48277 0 24552 532652 758628 979215 1000000 999874 999874 599910 382509 832219 736745 373540 903424 841673
0 0 0 0 0 0 0 0 0 0 0 0 0 0 0 0 0 0 0 0 0 0 0 0 0 0 0 356731 46518 0 51615 293769 85987 7963 36489 34095 0 264421 708850 812981 632112 185328 94165 374067 733773 384404 305822 44943 20348 6272 9923 114002 19523 86345 0 0 38931 106704 0 0 0 0 201233 230112 208275 0 152242 806325 953024 497637 695723 674692 617478 500069 911124 630707 961931 901045 978191 987841 974195 739382 682007 888304 784976 943132 960634
0 0 0 0 0 0 0 0 0 0 0 0 0 0 0 0 0 0 0 0 0 0 0 0 0 0 0 584967 69516 0 0 12428 211753 92877 139437 71856 0 406477 529017 600874 425485 212817 556812 662548 388789 176731 57209 62012 0 2383 0 19129 1568 0 0 0 35221 72887 3239 1648 25141 0 161145 733972 154425 0 3398 65371 322871 879166 956202 949458 929276 962519 918659 607803 811506 908469 806437 849789 953943 953121 764980 805231 730720 865190 960257
0 0 0 0 0 0 0 0 0 0 5519 669 0 0 0 0 0 0 0 0 0 0 0 0 0 0 186278 518700 574450 42703 41462 1532 6030 70851 32562 8906 0 363231 954872 826050 551625 611516 278774 201757 435600 375048 1379 11791 0 5393 0 0 4014 0 0 0 15850 67336 309499 342044 357271 111243 89388 458989 427927 582815 185954 70409 0 773108 924139 969504 797095 948935 984443 918783 693955 423594 575985 748676 805711 935698 992443 743498 868632 568779 805239
0 0 0 0 0 0 0 0 0 0 67011 116336 16584 0 0 0 0 0 0 0 0 0 0 45763 109251 121103 195518 803958 619879 121286 673180 389338 34361 149683 83547 0 263954 808204 301081 64742 309869 277117 2257 0 0 0 8906 0 0 0 0 0 0 0 0 0 0 0 33411 338748 63315 223860 78076 0 69474 865750 810155 714705 250971 296160 836291 936135 855774 845844 956055 931942 231892 63401 695601 847786 804384 812892 946231 999596 960710 898765 756925
0 0 0 0 0 0 81058 0 0 0 3736 101410 74503 3261 0 0 0 0 0 0 0 0 0 283704 584024 438380 455493 836692 765556 670878 738848 556595 112862 469273 698468 401904 315209 721288 772029 423768 503508 12418 3386 0 0 0 0 0 0 0 0 0 0 0 0 0 0 0 879 153445 5703 12517 95252 153233 653209 900443 867846 870606 847588 208038 209675 413997 976621 974938 939640 841795 175126 75232 283880 642089 613139 756476 962601 963400 889323 905722 885858
0 0 0 0 0 0 5261 183590 349200 5062 0 95174 93711 93309 0 0 0 0 0 0 0 0 0 0 33264 312630 487894 287509 85759 59356 50041 91911 549843 511024 560272 674318 818855 935820 258567 264000 637150 357937 8923 0 0 0 0 0 0 1630 1630 0 0 0 0 0 0 0 0 0 8977 26915 291871 112278 76854 17623 607169 690564 941536 344508 565800 674904 910651 997025 927961 891227 955213 632856 154031 294663 892631 562828 843130 942183 891774 971565 913911
0 0 0 0 0 0 0 232 102070 80131 0 0 0 0 0 0 0 0 0 0 0 0 0 0 0 443529 164962 376208 76599 940 0 0 20242 0 0 329 111409 181028 348038 310330 99541 204033 105192 0 0 0 0 0 0 0 0 0 0 0 0 0 0 0 0 0 0 34218 403379 0 0 34809 653682 842331 1000000 856246 852145 962781 915140 1000000 989086 962426 758760 789264 92942 448216 462494 398368 525692 586003 935255 919675 886103
0 0 0 0 0 0 0 0 0 124658 95544 0 0 0 3763 0 0 0 0 0 0 64547 48370 8601 824 506354 379881 360987 275159 0 0 5143 0 0 0 0 0 236886 438363 64930 0 34944 78014 0 0 6948 0 0 0 0 0 0 0 0 0 0 3698 0 0 0 0 0 35528 2526 0 0 0 200946 658695 986866 903850 792226 854158 801536 992124 820009 980055 571235 29397 658769 354641 702211 558954 326169 911414 946234 968372
0 0 0 0 0 0 0 0 0 0 48585 0 0 0 0 0 0 0 0 50955 534262 345365 365429 309639 89152 719931 705155 553816 260093 7624 6397 0 0 0 0 0 0 0 54989 46717 7604 4139 1505 0 0 30181 0 0 0 0 0 35123 0 0 0 0 2322 0 0 0 0 0 0 0 272802 138956 0 98958 200656 983332 989713 997240 910184 532319 963720 973505 865770 567315 97413 100534 90594 620737 881412 608976 492864 989484 942908
0 0 0 0 0 0 0 0 0 0 0 0 0 0 0 0 0 0 0 0 4 6798 19470 82871 115753 414250 609216 672232 289482 37773 376153 63070 0 0 0 0 0 0 0 56844 238537 5906 22636 11916 0 0 0 0 0 0 0 0 0 0 0 0 0 0 0 0 0 0 0 0 21076 195312 238386 211691 149339 830829 869184 961028 975759 835681 1000000 885289 991416 671504 856502 146217 0 152607 880229 860961 794002 991290 894576
0 0 0 0 0 0 0 0 0 0 0 0 0 0 0 0 0 0 0 0 0 0 0 0 0 25334 177593 477793 556652 147452 18486 89474 133844 127446 0 0 0 0 0 93345 298401 213862 292 0 14884 0 111220 105071 0 0 0 0 0 0 0 0 0 0 0 0 0 0 0 0 0 507674 551178 104501 188084 754764 654594 492376 623438 981012 983943 826377 988961 1000000 764733 291258 129669 204448 182743 676671 903180 944179 895499
0 0 0 0 0 0 0 0 0 0 0 0 0 0 0 0 0 0 0 0 0 0 0 0 0 1395 167296 15037 495293 109656 22510 213524 176592 558690 198934 0 0 0 0 0 0 14400 1384 2634 168 0 83103 307106 0 0 0 0 0 0 3763 0 0 0 0 0 0 0 0 0 0 164576 538731 317169 75411 702520 714998 227857 220990 997216 990466 1000000 851556 636396 948322 596436 364555 673757 18896 191997 839271 910149 885163
0 0 0 0 0 0 0 0 0 0 0 0 0 0 0 0 0 0 0 0 0 0 121792 70695 0 0 0 0 6370 217696 0 34525 373490 493366 238039 193512 0 0 0 0 0 0 3256 0 0 0 0 0 37569 37067 0 0 0 314666 68051 0 0 0 0 0 0 49015 12669 8279 53 338216 454042 499500 154460 279369 238548 737110 617447 989645 991658 989964 990442 731332 996363 1000000 953542 562004 471903 147220 332570 917289 829897
0 0 0 0 0 0 0 0 0 0 0 0 0 0 0 0 0 0 0 0 0 0 160295 16010 0 0 0 0 851 7898 0 134612 40909 36001 478364 128366 0 0 0 0 12741 24216 47990 277 0 0 0 0 0 0 0 0 0 27507 70210 0 0 0 0 0 0 16213 5143 0 0 23284 106868 286084 644423 953821 916880 997867 959482 976551 909217 969029 1000000 901546 529820 972748 998259 994608 734573 162938 33074 115493 116126
0 0 0 0 0 0 0 0 0 0 0 0 0 0 0 0 0 0 0 0 0 0 0 0 0 0 0 0 0 0 0 0 0 6424 509239 0 152562 278570 1191 0 0 5504 4730 582 104410 17059 0 0 0 0 0 0 0 0 0 142659 121009 0 0 0 0 0 0 0 0 0 0 105560 550724 965931 996841 988618 999202 1000000 996012 856953 982449 877597 696052 499812 472574 438254 788364 76008 0 0 60587
0 0 0 0 0 0 0 0 0 0 0 0 0 0 0 0 0 0 0 0 0 0 0 0 0 0 8906 7902 16808 0 73382 10035 12268 36305 91033 0 69896 291814 151224 0 0 0 0 0 0 0 0 0 0 0 0 0 0 0 0 21765 150469 0 0 0 0 0 0 0 0 0 0 167238 657150 480072 295034 729399 994310 818190 844140 807613 891605 999784 988584 1000000 945699 667765 844239 694084 501251 293576 0
0 0 0 0 0 0 0 0 0 0 0 0 0 146818 221432 235988 5358 0 0 0 0 232 2477 0 0 0 0 0 0 0 0 121891 311330 206447 46403 0 0 4954 49165 0 0 0 0 0 0 0 0 0 0 0 0 0 0 0 0 0 0 0 0 4587 3315 0 0 0 0 0 0 0 371755 321022 130345 545174 967134 762875 976847 556828 239938 952728 944051 535282 974810 917906 1000000 988117 677394 336605 166453
5978 0 0 0 0 0 0 0 0 0 0 0 0 0 2925 202961 0 0 0 0 0 0 4439 0 0 0 0 0 0 0 55695 285680 5239 27841 1144 0 3888 0 34245 0 0 0 0 0 0 0 0 0 23959 0 0 0 0 9282 2481 10940 0 0 0 0 54440 0 0 0 0 0 0 0 476042 736861 516394 568425 945993 639415 861311 467074 77144 381379 971743 115916 945033 1000000 992849 1000000 951808 791402 519383
3429 0 0 0 0 0 0 0 0 0 0 0 0 0 0 5447 276507 0 0 0 0 0 0 0 0 0 0 0 0 0 12744 214763 174793 67775 202899 90491 0 17561 8906 0 0 0 0 0 0 0 0 0 0 0 0 0 11468 95921 0 8906 0 0 0 0 0 8780 0 0 0 0 0 0 42000 804440 812852 797148 775587 690287 989908 961895 878824 647352 479080 632584 913208 977904 996754 1000000 985099 924227 130821
0 0 0 0 0 0 0 0 0 0 0 0 0 0 0 0 263457 46475 0 0 0 0 0 0 0 0 0 0 0 0 38372 232251 0 15630 87325 9493 0 0 0 277 148169 1908 0 0 0 0 0 0 0 0 6272 0 0 65242 6746 0 0 0 0 0 0 0 0 0 0 0 0 0 40965 748633 867969 773789 784973 645515 966304 743245 928293 938680 735667 531858 998651 801048 675529 579317 1000000 606052 57283
0 0 0 0 0 0 0 0 0 0 0 0 0 0 0 0 1191 0 0 0 0 0 0 0 0 0 0 0 0 0 0 0 0 67934 45174 867 145252 15330 49689 0 62354 24245 0 0 19043 134380 0 0 0 0 0 0 0 41226 4615 0 0 0 0 0 0 0 0 0 0 0 0 0 41756 737963 903270 954315 990458 998668 973869 878205 883304 720660 625559 505621 856666 331218 900870 639838 979460 401272 269454
0 0 0 0 0 0 0 0 0 0 0 0 0 0 0 0 0 0 0 0 0 0 0 0 0 0 0 0 0 0 0 0 0 443360 102128 55732 188044 80407 88607 0 6283 0 0 31972 74899 62748 0 0 0 0 0 0 0 30650 15455 0 0 0 3763 0 0 0 0 0 0 0 0 0 6502 572518 739297 984481 936703 682324 631025 290056 392749 664549 695685 734578 942998 563782 427987 736394 993650 509438 689674
0 0 0 0 7024 0 0 0 0 0 0 0 0 0 0 0 0 0 0 0 0 0 0 0 0 0 0 0 0 0 0 0 0 477731 175194 35481 45738 21145 0 57576 2372 0 0 49868 36022 0 0 0 0 0 0 0 0 0 0 0 0 0 0 0 0 0 0 0 0 0 0 0 0 48639 439133 886149 765905 794856 485888 441440 890912 617472 114714 369684 468948 970568 393174 240598 477840 339924 116454
