gis_files/forest_fraction_5km_2013.asc
ncols         583
nrows         654
xllcorner     995000
yllcorner     615000
cellsize      5000
NODATA_value  -9999
[rows 312 to 350 of 654, columns 174 to 260 of 583]
0 0 295822 575510 780280 402098 662438 987861 912986 859060 972640 935164 946308 936133 973382 904708 948775 903310 988647 992361 938503 798641 385834 116996 0 0 0 0 0 0 0 0 0 0 0 0 0 0 0 0 0 0 0 58956 10913 376 0 0 0 0 0 0 0 104319 203343 527449 547710 656696 206138 909786 659275 854332 741801 563832 271530 527582 18681 596298 468704 464988 728077 810885 363672 517576 493776 418272 516890 525404 711911 604316 150748 66195 559555 482391 730173 563404 53636
42798 401172 819112 882084 909916 791123 802036 489600 918693 747920 740444 293278 613001 406760 414363 849100 986351 928993 959529 973798 904752 875510 29676 0 0 0 0 0 0 0 0 0 0 0 0 0 0 0 0 0 0 0 0 0 0 0 72736 15228 0 106212 245053 280064 392745 895599 792471 348338 517076 686497 921617 834675 214100 788568 535257 751108 567860 524201 148165 17132 404250 559338 716356 523598 131606 428159 811031 843395 813461 609135 798136 798005 514780 208596 304282 177922 340831 518684 297538
716460 608363 265819 192711 536226 357215 573704 92220 542076 375643 176385 0 476622 216762 0 13233 519873 667986 723571 485352 641558 533710 67130 0 0 0 0 0 0 0 0 0 0 0 0 0 0 0 0 49060 17687 0 0 0 71200 75264 247451 288905 398723 872428 989937 970511 956240 884767 777447 607846 159160 386463 906036 858280 591977 662151 361657 633358 611611 445573 620461 198816 104632 415051 155342 465965 233129 196313 780953 843216 776031 537337 241753 815927 179788 414428 326615 295266 29540 613247 284085
423232 449660 495510 273776 441025 332298 523175 396762 327062 535027 103690 0 0 2018 0 1881 701592 744060 314079 156139 48993 9092 0 0 0 0 0 0 0 0 0 0 0 0 0 0 0 0 387 53649 371289 259522 71781 184777 680955 961600 987076 978163 878600 844528 796693 814758 925721 605385 448665 858364 294061 679740 902318 332207 738098 447293 330447 427404 426600 212189 96350 602171 541728 441085 552186 316953 612190 140168 486390 530872 561597 323079 157876 108616 319894 568810 599774 529501 118537 363297 577856
257037 311137 300925 220511 280515 153242 171460 63006 0 5698 0 0 0 2748 0 0 17692 6998 163 0 0 0 0 0 0 0 0 0 0 0 0 0 0 0 0 17261 326333 490740 658429 886004 953596 818219 975640 904031 916881 967845 940102 859135 910962 852381 841395 760838 878519 721841 174546 692499 890094 510268 812821 549539 63161 16311 1853 42337 104849 152226 109671 443783 477867 171435 39792 226750 700626 657842 230578 473071 772590 290796 169788 326486 312174 209903 301324 254171 252535 614937 590505
18621 9784 16537 0 37652 20070 2257 27840 4139 10411 136478 0 0 0 17187 10545 0 0 0 0 0 0 0 0 0 0 0 77595 294883 371184 159190 392011 549999 74998 135072 796932 968167 988011 984835 981468 575987 739753 999784 968933 907981 898363 848316 903217 844710 854151 579320 165830 222658 760900 545510 542095 805047 609665 684797 70776 52781 27758 74460 250012 5915 0 44662 163348 602717 154607 360853 713862 843352 740857 240504 136273 638705 495649 266416 844842 238842 74430 305465 260720 264850 230828 661798
0 63331 148039 22202 5895 27814 0 16313 0 0 1128 1881 0 0 23947 0 0 0 0 0 0 0 0 0 0 1572 283611 903025 992384 974568 841580 865281 999874 899589 964672 882705 523393 548788 271055 162784 0 145349 906056 991958 949205 978048 981636 861416 658325 814315 312009 0 328695 664372 707398 95198 145647 55007 55959 3503 0 0 74644 276428 9988 165567 138139 240732 123775 12886 27023 374498 434352 838166 170149 43068 234604 317798 548692 829927 535118 161942 270300 234105 227742 103062 293020
0 72179 9004 6899 44058 13923 0 0 8404 0 0 0 0 0 0 0 0 0 0 0 0 0 19653 152146 716532 800390 746116 683388 403967 517607 594745 932316 929444 818380 891015 634279 673174 760841 818272 866878 810603 840175 863608 930512 907057 924765 948394 889771 660236 666467 336327 3010 422201 192631 465068 91748 0 51627 146224 58251 5794 69842 58872 0 0 101739 300384 291375 305950 199232 29305 3333 236774 706492 144877 0 21221 373430 498719 826209 878267 527715 328274 114629 132384 153114 184999
16217 6800 0 29149 38391 3100 0 0 0 0 0 0 0 0 0 0 0 0 0 0 6623 419176 832928 988856 928069 241123 197884 476141 697868 937680 955280 992652 998454 1000000 995107 992222 989024 954312 996111 991880 999749 847895 737017 993477 820642 902879 736976 874049 492564 516028 610545 385464 380101 27137 52092 144248 144426 249446 130121 354607 529296 887890 483320 145234 1677 106737 191123 345796 10801 46314 241646 27027 238136 652633 96700 0 0 20821 149818 490106 688007 700320 88605 124714 71606 220721 416747
201582 8 1881 177835 264332 217529 75586 12230 0 0 0 0 0 0 0 0 0 0 0 17156 451692 947083 974661 389717 520275 607327 609167 901427 933469 1000000 994982 1000000 999623 981974 995233 959778 992177 975326 997262 999121 879181 988569 971614 902674 568690 812321 500397 432732 476678 432984 562693 572513 587543 417320 262945 210014 11695 304247 658941 528504 234563 476673 577152 475558 231470 408373 558824 345724 0 22041 17362 253077 178945 679052 19568 0 204448 293945 557381 260098 512066 476241 15680 285339 276364 624739 455374
67903 83826 350280 569880 452750 145341 234138 0 0 0 0 0 0 0 0 0 0 0 68698 631650 968866 839469 875469 298832 559621 105770 328404 545534 919984 984864 981275 991595 935407 985634 982106 990842 1000000 978870 865492 852861 839985 948661 969930 959086 621180 514635 504589 393666 225747 293044 385839 214270 175163 220454 163726 322053 392126 509845 659307 490736 138781 2255 11289 0 18242 90080 223519 64377 8870 0 0 32115 216068 388436 9327 58629 508104 617956 841347 940402 785605 461588 89326 229540 230150 391010 415886
625627 800198 779481 619435 342501 202375 22870 0 0 0 0 0 0 0 0 0 26731 682032 926844 908175 930315 249092 504624 77109 42211 450858 952032 950408 960135 966643 912926 988145 925318 974401 989489 968039 839159 532135 516059 603242 898846 760034 609989 349578 159777 500039 592679 403358 606982 531023 128460 355340 6056 119067 110108 453401 556339 216772 86350 290456 79401 228258 70147 0 0 1881 13334 21777 560877 720260 573607 235607 311348 376908 480215 522614 704095 996906 870160 974497 995484 737023 232512 43740 109585 645439 606102
159992 223699 252745 371779 276880 314480 140887 0 0 0 0 0 0 0 24480 300577 677413 993318 966666 788028 895177 99385 65786 444168 638429 615911 994991 995905 998951 1000000 940091 992536 878609 936332 994023 984526 727416 890780 973136 791240 520672 28104 752 31308 211557 277225 332572 187211 226886 13428 0 0 0 218697 348121 541558 413748 86016 68843 7269 53332 327644 6630 0 0 0 13401 435637 875508 835213 902910 987413 993253 870418 911920 858204 529099 640273 929496 998620 983282 952319 723363 120933 113825 633243 442238
235242 20773 530493 950660 497056 152671 0 0 0 0 0 0 0 181659 673863 881771 837538 957637 944719 649762 860139 829840 163394 196782 248149 333044 337211 807926 995750 995665 982312 995233 913562 952500 968447 952888 610271 625553 259715 0 14551 3010 131617 258782 446150 503941 303694 265742 343575 288120 3691 0 0 128710 531538 817038 47538 23215 59942 0 19259 289143 0 0 0 0 261883 896844 318606 177853 565783 786543 982823 973778 846560 877230 791400 715470 928156 988101 768039 978567 631435 47900 136953 535900 614252
101498 187470 674328 410171 1190 0 0 0 0 0 0 0 246769 907207 858566 935325 671421 898456 953506 552267 602724 944986 759488 437173 134505 85299 40319 64904 153406 424919 958329 972716 930560 852733 689589 234825 899587 460312 88419 185401 393513 402268 515075 333240 669656 577162 351995 238582 392835 467774 432880 35622 0 1427 445273 476757 698 0 16410 69157 469162 507894 9802 8359 204115 470974 955882 906434 276427 123668 62535 707548 987132 287130 610392 870257 770526 234358 463617 976500 990755 1000000 904927 15960 505625 399253 839302
144095 34033 291 0 0 0 0 0 0 0 0 253803 888007 964148 880525 949040 953815 901787 976687 410384 727095 869837 752651 405590 415803 3252 50821 384 309084 560356 597214 995113 999847 956324 941962 816194 484236 536240 348658 112061 59486 0 67822 251381 346233 147039 171953 0 0 47080 350223 249224 0 213621 261124 1350 0 0 172322 569318 687055 52840 0 108977 917152 952061 957929 360247 69508 497134 556329 1000000 773465 106490 74586 532355 703348 458209 539388 613536 992693 1000000 953004 258125 734584 966388 990948
0 0 0 0 0 0 0 0 0 0 211940 913625 967288 988343 960470 942924 968912 837424 941024 273720 470815 866390 974659 791851 459353 78041 0 72903 7450 582 274767 704499 855599 707434 853152 833657 150591 0 0 7956 270609 79179 301521 402570 254132 190675 72304 36162 0 0 0 0 0 0 14981 8666 0 8655 81214 552532 35126 0 0 238285 916852 915899 914999 244784 89074 588086 911539 960883 1000000 528362 213627 539589 955812 203488 543958 645017 656988 742987 748843 825120 981222 960369 950625
0 0 0 0 0 0 0 0 0 238442 834330 908402 990772 963900 847711 990056 782034 542411 461250 563195 551342 788390 950288 935421 842149 544091 271985 115221 237623 168920 215455 509653 286624 513170 775983 874291 693231 88760 48508 589400 370099 232642 3682 251358 10191 227810 130612 2625 0 0 0 0 0 0 0 6207 0 0 0 299705 251825 0 0 0 494711 981018 909129 400837 313073 369771 162271 808246 1000000 947749 933848 818723 988967 411683 357181 319717 761860 470588 87641 541695 794359 673375 808971
0 0 0 0 0 0 0 315324 590051 805851 763547 751133 888177 955248 639813 949367 476648 11926 260919 180884 0 104253 86692 40729 135823 874345 63781 0 0 57804 683635 972129 808564 860252 715997 348942 503810 3321 2097 99251 144419 424554 181134 104168 34021 63347 0 0 0 0 0 0 0 0 0 0 0 0 0 374882 168521 0 0 13547 363996 906526 971052 730111 716776 851676 539279 703473 953539 970445 978401 645352 597820 879953 752569 230439 304013 522087 3637 77276 438911 313788 526922
186074 37110 0 0 0 0 200297 915804 817542 710729 899863 989913 999988 746610 773076 715067 554191 441956 117002 56459 0 0 0 0 70080 924607 316129 380502 723769 859345 964847 799258 54277 257 0 200052 374265 456170 573062 701891 141359 156835 1989 0 0 0 0 0 0 0 0 0 0 0 60112 88157 37569 55926 54888 376886 440164 0 0 0 229432 825488 968734 379839 61396 232479 562021 884074 974601 984635 964993 633828 517872 994964 898660 264849 529564 507351 90646 83139 164394 338467 708442
62923 85032 0 10492 362880 399887 470933 467941 916022 881770 971345 1000000 864104 499859 666506 891622 847257 666025 208229 80774 0 0 0 0 209799 829574 936209 999121 965739 740279 361432 71136 0 0 0 2022 179710 506355 775627 641508 666222 675373 0 0 0 0 0 0 0 0 0 0 19568 127877 78691 0 417276 551727 153816 94311 748408 227433 0 0 290455 645461 876755 546437 0 0 387051 814626 998369 946723 962267 890692 417712 382555 933512 451375 655995 491297 533964 118852 70192 173269 755227
378799 372352 109027 86186 403231 802848 884619 761986 847223 944407 1000000 962028 223581 235169 811212 860239 775507 380817 386123 155323 0 0 0 9633 480211 855225 506249 792886 518469 189837 0 0 0 0 0 271407 427049 322329 388625 774965 799558 588734 1155 0 0 0 0 0 0 0 0 0 0 189042 144287 265731 109536 205136 32863 269473 423553 249811 0 0 312689 994731 983728 536241 0 0 0 221722 904152 995045 959261 977638 664790 422031 930135 935288 808520 620029 872057 468577 51627 291716 777465
300540 80276 4947 8432 70588 252373 783006 959084 979013 999422 828440 778552 503170 818738 909389 934147 687561 550234 381137 333364 395822 246910 0 81185 213327 50666 0 312723 71445 0 0 0 0 0 15805 0 20 30356 180553 638353 609491 593152 415319 40656 0 0 0 0 0 3386 0 8561 149655 669454 197232 172968 123818 330403 675870 744882 569745 648135 209172 56181 564984 991971 998628 953458 20062 0 0 104406 505188 629725 944693 866947 988292 727284 788682 681716 554539 549315 607560 702319 348682 210435 922130
51993 72149 373350 465032 796291 676845 1000000 1000000 961160 896716 442487 924968 735384 611245 916187 931221 898305 937181 904870 946008 997351 761146 80097 0 0 0 63275 241 0 0 0 4390 67235 0 0 0 0 37443 449158 516643 671500 795131 806359 681525 102816 38908 237013 66938 0 0 61452 415272 705239 812781 470808 619963 502292 984090 986672 1000000 988663 963414 997823 874133 738076 756044 373313 311315 5831 11764 12293 54064 29258 110315 809852 494320 656132 709578 931665 864229 879941 799075 853008 763435 119280 341278 681416
0 0 291622 899319 997661 1000000 993196 920415 953378 908002 696620 918363 483396 608646 764404 698573 704953 743026 794282 550808 506615 742547 697673 278839 0 0 172650 161 0 0 0 0 0 0 0 0 0 28789 271020 578713 835627 917350 859515 846676 552792 490941 899580 559110 27386 66333 207440 571026 880455 928196 950007 998745 985574 628092 772019 642709 708166 978560 771844 211816 13688 56822 58591 47588 8529 0 0 37381 0 206701 881676 908810 914870 989926 975554 874633 922099 875274 826331 975264 254107 340512 853636
0 61895 512597 504691 858629 1000000 984313 706880 406134 298047 417235 586801 489553 813593 762405 648524 607298 299923 404723 780324 773104 581716 353953 461639 35363 129455 0 0 0 0 0 0 0 0 0 0 0 219030 306904 327173 633164 891507 772297 364987 827567 876152 714678 858604 761304 285987 530320 846509 464410 842684 946068 559432 537935 593358 538721 696041 855126 388429 2000 0 0 0 34155 72710 3772 0 66037 48334 0 41122 15359 174990 792817 859778 887074 895394 935508 948656 964332 993907 381135 252173 916112
110055 805072 429032 816720 1000000 882730 878069 421978 200135 306453 385870 441117 649364 604195 733495 691172 687929 794239 595507 612655 39755 107181 529483 547694 505950 309546 0 0 0 0 0 0 0 0 0 0 26880 326032 4 96470 576345 895363 697374 170639 157502 369026 755976 852274 787290 156462 673357 450170 244369 949528 772567 651119 530833 443363 743263 935547 842213 418537 275335 418 0 0 153807 85236 0 20948 95090 82185 0 0 0 60126 648549 905106 855027 847153 970548 982062 981184 940633 747668 662915 974463
626760 866014 993853 825228 940928 616853 399940 512460 824153 844305 864270 823644 834948 708873 891896 994514 856664 769989 705603 198419 0 0 389772 331937 16024 91 0 0 0 0 0 0 54309 52075 3192 14801 0 0 255199 479509 755164 577448 576263 283901 130506 629063 516704 968873 625400 380075 515176 751705 357721 983361 976354 690732 558307 570492 580871 696883 849071 771208 533207 510319 152 27640 465211 4484 0 0 0 3010 0 0 0 38630 767886 812836 922746 890441 858393 966758 988584 920764 910357 715294 873801
959438 907057 558091 666505 682986 438826 708458 835808 796321 977087 896543 919714 962172 859237 883531 924713 394605 292629 608599 1075 0 0 0 0 0 0 0 0 0 0 0 0 69787 517701 143972 3348 0 0 138646 615875 402173 192828 36357 107 13871 343457 825950 684450 459953 344161 661715 992616 944239 989113 731148 762826 842982 771196 862591 796136 607833 662079 264058 215713 246842 633208 121767 26750 0 0 0 0 0 0 0 7526 229833 549325 870216 891991 949131 895013 976677 909539 589961 783443 806255
889985 235931 51824 29633 419719 305902 391722 321242 795278 873263 995131 722855 914062 969491 831885 737180 437361 6899 27529 0 0 0 0 0 0 0 0 0 612 152622 108707 424686 659978 502045 493499 262090 15 0 25872 270459 556790 235792 196189 178455 57559 21290 402198 725141 910659 863460 1000000 858895 961605 768898 479606 306590 611636 856019 736923 553889 573000 107106 145829 172971 396641 388616 0 0 0 192 64565 0 7275 0 0 0 1962 134566 708800 866122 933787 601358 980556 935210 710378 988226 783626
219100 0 0 0 9022 450287 139890 615907 575096 898568 987627 900883 984763 971209 834759 925533 873888 152597 0 42121 11065 223650 0 169528 214720 7508 0 0 158607 919870 958478 645061 116611 96768 511945 534299 305229 382550 227067 112105 261191 518644 477522 157734 30732 347646 441808 621485 976609 790338 765476 673389 812156 189188 503023 289436 595920 768751 417994 773091 515700 539555 519807 618809 585284 37525 0 0 0 38299 27110 0 0 0 0 376 0 0 68297 636061 333037 924901 1000000 940006 842794 917995 552605
14631 0 0 0 0 16080 205148 419274 179408 544248 812337 915914 950603 906513 932280 976614 762493 370403 374890 737649 361492 626216 568183 767789 764438 529422 412532 615574 501994 897375 564314 60233 0 187048 21410 332549 65098 154950 46100 325722 223695 141884 95700 400259 279901 249838 278291 620716 988517 888342 859293 542848 989495 844816 978046 957777 814684 924608 736779 800319 781551 496138 879785 806251 120617 0 0 0 0 174717 22767 0 0 0 0 0 0 0 0 122160 721704 993575 991488 910881 849700 694326 106049
0 23512 146038 100341 28723 26704 557487 855142 817319 884816 919772 967735 980989 925878 737783 816349 835504 748544 761942 799085 924962 957265 922067 474382 687397 954019 907246 981499 839278 265294 83798 0 0 0 8906 28353 0 0 0 0 131210 229447 0 241691 160940 0 0 184152 409780 433281 320646 283404 641148 232951 286838 370794 919572 980182 777030 604489 610215 248640 564074 270950 0 0 0 0 58232 504850 397299 0 0 0 0 0 0 0 0 286830 781468 985328 981813 986050 907459 130406 45864
299057 230158 516043 800532 427108 749810 869050 958028 848195 975032 985762 969858 872505 543827 522823 724492 721641 959336 937454 690482 657887 742225 296467 641524 826387 937217 703336 226044 106249 428716 70384 0 0 0 0 3888 8655 0 0 0 0 18509 0 16419 8574 0 0 112134 34908 66606 128336 56386 376601 10993 184632 29449 199840 365221 271777 1018 387 0 0 0 0 0 0 0 367213 962457 366259 0 0 0 0 0 0 0 0 238 852461 965696 991718 916150 607201 85666 30770
48049 726154 537004 787199 864310 905097 956557 930309 931095 984073 985623 872279 715574 447711 528503 337589 110588 284942 186356 214363 306159 214604 217705 75365 66667 296452 0 0 57645 6852 0 0 0 208 0 0 0 0 0 0 0 0 113484 33882 206763 0 0 0 0 0 0 0 0 0 15211 32926 0 0 0 0 0 0 0 0 0 0 0 3830 469581 914342 234551 1684 98 0 0 64608 8046 27329 1378 290915 966196 961480 996263 978036 847680 466484 0
770303 770862 576186 662170 830917 916304 950278 983683 996368 968908 824251 690596 96202 0 402410 47417 0 0 0 0 0 0 0 0 0 0 0 0 140074 394230 243152 54003 61456 541688 20895 163674 320582 0 0 0 189490 162317 284334 94558 32200 0 0 0 0 0 0 0 0 0 0 0 0 0 0 0 0 0 0 0 0 0 77667 501106 955212 945523 278334 363275 21597 0 6697 249249 38268 100654 111594 811528 872023 928167 869201 947514 628521 651250 0
926205 956945 895293 986991 720677 802476 866755 994471 930262 830944 747224 800581 161082 0 52380 805 0 0 0 0 0 0 0 0 0 0 0 0 0 529805 575638 560117 462752 462684 165497 335275 850570 680290 46734 46672 85921 79513 10559 0 0 0 0 0 0 0 0 0 0 0 0 0 0 0 0 0 0 0 0 0 33018 414025 849157 830096 997365 964042 929517 928284 771991 127799 315178 602000 109700 171748 375549 828547 477372 864646 937943 895567 379492 246906 0
1000000 976395 824421 923202 947491 990117 948040 848006 633633 410883 456906 307417 51404 0 0 0 0 0 0 0 0 0 0 0 0 0 0 0 0 294910 504945 750097 627000 564154 19243 66246 323769 751710 337078 0 0 138834 497193 34652 0 0 0 25543 108596 0 4901 81527 86833 0 0 0 0 0 0 0 0 16432 200336 163813 681088 991337 985959 1000000 1000000 557057 316253 186016 483962 798710 483103 397271 121216 497178 753750 782282 400578 697570 701433 338129 16605 0 0
871421 592776 471532 409181 226722 229256 165568 41029 0 0 0 0 0 0 0 0 0 0 0 0 0 0 0 0 0 0 0 0 0 0 47671 608558 41529 213482 176024 0 0 32556 449323 316128 120576 567312 865022 681019 375792 57747 38465 103068 143250 0 0 0 221 0 0 0 0 0 33931 96275 0 0 269766 729655 987417 592299 336723 694469 839156 335617 38709 0 516485 839501 971474 438391 79889 663817 348693 489822 561702 601885 20820 96942 1379 0 0
