gis_files/forest_fraction_5km_2013.asc
ncols         583
nrows         654
xllcorner     995000
yllcorner     615000
cellsize      5000
NODATA_value  -9999
[rows 351 to 389 of 654, columns 261 to 347 of 583]
0 0 0 0 0 0 0 0 0 0 0 0 0 0 0 0 0 0 0 0 0 0 4390 0 17982 415606 121526 212894 162408 386650 180201 16947 0 0 54604 71671 50910 153294 169437 21907 427728 553417 1281 0 152826 173693 15431 17651 0 0 0 0 0 125 125 0 0 0 2759 53558 522833 693272 971375 410792 529349 816817 933805 817836 547308 626631 383271 784259 740841 700780 992267 999874 996864 987832 803834 933660 375202 0 0 0 0 328003 363751
0 2383 0 0 0 0 0 0 0 0 0 0 0 0 0 0 0 0 0 0 0 7051 9824 6213 112913 149264 219791 243709 590011 217755 44450 46054 0 25553 15742 0 31109 0 627 225773 603859 54791 60631 0 0 0 0 0 0 0 0 0 0 0 125 0 0 0 1630 15568 577111 521950 443615 382551 212759 238200 627326 637368 269624 673840 322994 284374 107701 1715 50438 415056 683104 896598 870908 555444 552478 86473 101971 8964 39504 13563 0
0 0 0 0 0 0 0 0 0 0 0 0 0 0 0 0 0 0 0 0 0 1379 2665 138167 176733 717382 220830 480795 565370 368647 77201 3194 0 0 0 0 199411 102376 28976 379214 77111 171886 68007 0 0 0 0 0 0 0 0 624 59684 15702 2885 0 0 0 0 250 141749 60851 333006 182820 0 0 1379 530179 858718 560839 460162 201680 6341 0 0 13363 0 3928 113612 400668 408538 440401 464085 414933 392492 236906 161378
0 0 0 0 0 0 0 0 0 0 0 0 0 0 0 0 0 0 0 0 0 25840 7275 15252 551154 747470 700190 459643 821825 750954 113753 24084 0 0 0 9829 69800 157501 0 53284 374211 559505 584900 269082 250 47006 106168 23206 0 0 0 64111 432631 26597 4919 4979 100192 10286 0 0 0 0 501 0 0 0 5644 60401 370102 419809 702240 482375 185480 33537 267769 577505 559788 49984 163729 574964 820033 316155 0 0 18475 12418 48706
0 8153 0 0 0 0 0 0 0 0 0 0 0 0 0 0 0 0 0 0 0 2634 0 228216 766437 35945 644926 897965 715009 891120 200533 64915 0 0 0 0 878 12765 33568 733547 962474 812412 595630 217540 296546 633253 497909 154730 356156 16393 0 0 0 0 2965 312244 699690 310448 1881 0 0 0 0 0 250 0 752 250 1565 1128 73595 698030 525881 817942 748341 236058 183869 28070 349992 133523 716930 474555 390682 203536 0 0 125
193457 23316 0 0 0 0 0 0 0 0 0 5555 0 0 0 0 0 0 0 0 18314 0 37638 410532 704556 13648 361976 709194 498390 632647 318674 317013 0 0 0 0 0 0 368902 869066 587846 45542 130316 26650 374481 595343 151589 30929 659663 183853 21159 752 0 0 250 3731 24758 68398 19111 0 0 250 0 0 0 501 8780 0 250 125 501 2022 143871 760533 956736 967050 553485 184561 650684 113711 458120 934119 718962 392603 0 0 302
247409 364357 59425 56 0 0 0 0 0 0 0 5107 0 0 0 0 0 0 0 0 2947 10158 260755 829203 561075 248538 104746 128720 571356 595330 232300 64835 32363 2562 5624 0 1391 1930 779726 663362 44459 0 0 29729 262874 35441 0 0 68950 269542 193033 11771 1379 0 0 0 0 0 0 0 0 878 752 59868 8863 14280 21685 63466 247623 243220 34912 752 125 113718 274481 749877 1000000 800877 548518 204373 452417 898514 814483 756608 40266 0 575
719606 254121 49913 4128 0 0 0 0 0 0 0 0 1881 0 0 0 0 0 0 0 0 441 203110 790930 895362 880908 515262 174268 594902 782872 205154 93296 300080 98062 203629 0 490 214386 404281 87030 111596 698 68364 2885 29968 62845 0 0 24432 100984 195449 93243 79588 0 0 0 0 0 0 0 0 0 0 499726 663942 568536 707546 613002 360365 889876 711058 87368 10133 5089 9282 68054 660795 996323 896431 919332 957677 890119 906206 907596 624544 126261 627
416965 417083 383040 65366 4999 3404 0 0 0 0 0 0 0 0 0 0 0 0 1720 73413 109975 245821 590074 978284 970905 924328 757464 465036 393468 350330 77537 318032 239333 446127 146592 0 0 66134 683170 213355 172213 11334 501 1128 0 752 0 0 0 63392 432588 641219 197499 8379 376 250 0 0 0 3813 101750 120844 117619 77705 344292 434533 508413 555755 462077 947124 994874 472000 9464 42854 798782 262124 162883 852030 920836 999372 999086 879866 973265 961234 947252 723467 474932
685806 530855 654488 237183 229785 266151 53453 0 0 0 0 0 0 0 0 0 17292 459184 749960 809405 806175 902182 739830 850327 424777 481261 781745 679108 242404 261434 782539 599358 827711 352101 0 0 0 174159 553123 691906 846572 368948 4390 17503 0 125 0 0 0 9197 114284 582336 491539 83888 0 0 0 0 63181 685702 502502 923383 956274 757966 864169 827423 947532 859957 489215 964413 971328 976679 307726 486974 792889 213453 250 94482 448146 800178 805086 980294 976934 958107 975427 986828 992195
604411 314703 542154 124620 138567 281645 468624 159334 232398 92264 20530 67627 19996 8094 197082 97238 202795 728456 909199 841896 731191 945384 418170 6182 27213 82129 387731 721118 428492 749963 973182 859509 528542 388785 0 0 0 0 255940 849463 560906 2649 4141 68109 0 10277 305539 165422 2759 9981 56358 364792 469802 232671 96633 122619 501 153424 335891 814426 768561 970895 994973 978238 981103 1000000 982783 973646 992948 984974 985601 970846 877035 520865 471700 573490 775819 454788 838301 985372 827196 926537 564837 408840 870596 991246 931216
421121 452481 610634 38655 362230 413404 628352 474852 777579 720572 625649 858434 566567 282362 444931 487972 584779 918990 951588 966859 869944 980014 742172 457302 648462 529621 472498 789236 718868 953116 739616 525307 621713 550357 0 0 0 0 458805 727988 13306 0 1144 18108 0 161603 944276 401572 104525 51540 24839 231755 133651 20325 450329 278035 236582 459870 561488 552803 870128 937288 995197 979147 911905 942584 919421 961719 965190 952281 878773 999245 987527 991239 993396 992370 843930 790557 797710 926088 971561 812844 202130 15783 531254 740480 265207
543873 618607 617489 238192 380008 185458 849122 541754 615362 863003 710314 388384 414690 457810 492638 897089 906556 897298 916054 623761 902975 919937 786575 873699 994355 841739 740034 947433 592821 931682 925879 727532 862116 846726 10667 0 0 2744 496981 397308 253531 0 0 1379 7777 174261 543636 492662 606423 545687 681131 120026 0 0 6272 3187 35201 263949 564725 734449 703661 842010 946139 765866 903886 951073 801452 769271 658732 779831 821979 872439 910535 877200 964816 952422 668304 959210 982615 965589 867533 959884 680784 297581 72291 28412 8607
432450 816335 686621 205905 42568 490525 827119 682531 513147 103919 142188 501894 688515 328451 903429 328576 419568 862714 734545 866607 871538 876988 974087 805520 881692 848013 721227 662770 882035 682857 921477 561378 643616 925914 255518 82976 0 9333 542002 221123 132493 0 0 752 219206 0 193479 738907 145036 782199 686861 129831 0 0 0 48807 78621 88249 464445 911941 910146 941276 877884 610916 938449 892601 800818 786696 663182 309795 373646 525383 512238 980229 880578 907311 865127 970927 981020 947642 677798 785282 650612 783598 527720 48796 0
403403 794193 419791 50022 138420 371251 787260 652488 182449 0 25224 241449 117255 144976 483161 405194 210312 567816 856332 637196 834067 974719 890237 894923 723852 722386 831301 934238 684096 575330 955341 642210 413815 882261 525476 95804 0 2597 641062 546707 224084 0 0 0 275783 594188 553919 703167 10674 24246 30947 0 0 1505 501 265528 347611 225639 831868 998467 978419 977355 984032 980100 893674 905330 931353 823571 527290 701738 575258 457465 419739 964867 959469 411858 621048 583075 775375 537621 688075 593544 541086 609720 393603 270470 390915
921180 929462 589033 101300 210924 657712 474042 308617 161976 31037 8852 0 46137 209720 245476 511553 216566 341745 551288 371806 649965 993956 980836 891077 688363 840838 982823 831855 734861 905424 926516 798185 894149 987547 640421 254813 0 4901 556752 824829 90623 155841 13798 69294 541109 948374 738298 964038 239820 38886 0 0 0 5232 64507 710010 717355 564068 800763 954716 971368 999623 971933 913481 872920 736397 699356 794327 521176 665698 816923 296538 662050 878696 614835 819798 765616 773796 972049 730175 293822 177670 37502 35388 125873 540839 763032
633825 425126 280468 299873 529943 658834 260285 278995 74565 125565 109043 3628 21860 26028 279033 186297 354233 202281 773154 690701 589445 752739 990735 1000000 835949 956535 989767 346808 777331 877301 922964 789735 905311 952706 610539 347557 0 0 80368 22942 6531 9914 125 19149 113468 269534 334391 499908 936959 351691 0 0 0 6599 456165 579370 766654 542435 989579 990278 936941 960045 927229 748841 498104 558995 372205 656310 854008 417900 642287 856262 943348 332423 286133 886568 731230 648872 818759 749790 671513 243653 250528 196445 573496 906836 786743
438846 118222 68447 365057 276454 717268 104974 39882 0 5017 48133 60609 0 36816 396741 594369 546102 334116 575065 569019 476776 187648 252179 644743 947377 950328 985368 858314 888319 974815 998490 955526 602509 685416 589845 93102 13108 0 0 2938 0 112 0 501 0 1379 6021 346634 489096 2739 0 0 125 96608 412426 949635 896202 996445 993719 944665 829137 702996 597983 515521 850246 591072 485959 618719 889833 391278 135924 254938 902997 554475 559949 754082 591972 989839 798343 811045 853109 522055 906672 665399 525380 936207 979900
263271 70891 47965 93257 153806 536548 445149 250640 146839 90884 42413 68496 9658 3010 0 111 159627 72263 85883 138301 124354 10076 29263 722986 854411 973717 920852 79970 216782 964993 930380 962191 918562 825553 392352 30356 169 25075 34137 78955 0 0 0 250 250 4139 2383 166813 17412 345191 438318 149518 33932 142418 656853 845789 836329 989704 967085 848360 491340 682262 255538 546 818933 966841 635544 86302 635613 727143 516901 243675 791645 837743 809434 556047 641647 956785 958654 794874 922176 876833 826693 584263 469584 688027 300528
387661 100590 291321 323447 419238 677560 387755 224897 352114 124532 410971 289424 71619 146800 117537 192316 615938 241201 55204 173059 449869 426815 557091 902753 589838 718747 778264 743372 941688 835530 907940 895501 910729 707303 130183 94832 17429 294732 1281 74408 19514 752 9282 0 6648 759 0 5119 27181 671676 545251 25684 20338 241843 321518 974051 993781 999498 991877 989702 751626 601996 177935 327949 307630 952207 855588 505761 178465 428476 145902 222392 745017 953042 873361 876804 705947 959880 988499 567302 568127 688401 652010 560894 246408 189601 150147
345461 127814 428132 176637 178453 873809 720499 736603 849962 461238 699657 270939 226308 516398 830131 501057 986197 381983 302207 868446 855150 878892 926993 981920 598900 871204 890643 946750 922784 952178 914037 939918 787652 798132 340036 170533 22703 279544 74925 245141 147013 14442 1881 878 0 6014 0 0 2383 59138 5407 4238 12902 151466 878632 974114 833913 983190 990242 998996 965654 907116 288931 434735 511484 859890 929034 820209 49826 0 0 0 510172 952552 751133 682568 179953 939498 761905 228802 833412 915760 516696 255586 908433 818331 203035
543058 307276 260769 562714 76448 660563 886243 569955 708332 698962 552006 676120 446020 286928 629441 882532 844181 832378 899771 947837 1000000 988432 883340 958882 666916 816483 846037 989221 945422 798395 940528 969636 563498 522956 6706 2072 0 96221 675611 714507 66529 76904 181092 9244 0 0 0 0 376 4614 17964 11204 84894 365409 980729 912962 814255 857676 969385 972022 975433 817867 675393 427651 575836 814442 843607 795578 253346 0 0 310540 820177 886091 775310 469741 311251 856166 688384 726070 579328 630568 284938 127588 619439 556442 205546
437632 213293 328065 342984 181186 198242 834829 567978 522041 446685 477804 765908 913696 599856 873080 921389 717084 479315 431113 656569 964056 960340 965201 877547 615504 632319 617493 905749 745141 677045 816819 764014 585563 377366 1027 0 12640 3619 15802 16072 73198 50252 809150 467564 752 0 0 0 0 16109 65858 24201 295548 741606 819019 789946 873247 542710 818852 843458 902822 956656 785601 810660 778761 844763 815413 788549 203002 43691 343111 665112 975839 806197 301648 753265 765688 280984 458546 654961 861351 100953 37336 41276 40891 3772 93208
630133 425489 322120 312455 190836 35907 442848 902282 609059 90334 704157 438475 794842 746536 293341 474932 527490 86204 55505 469631 328963 483752 919346 737036 406831 913992 781882 965719 858734 905908 670852 616524 638236 787966 25524 104 124940 123734 165329 104303 152906 514421 720175 194137 30587 57072 0 0 0 4937 463787 208887 484938 839397 900083 841742 901938 743201 832180 943058 993015 958416 908569 876251 768496 701208 898743 853985 615612 398642 565377 986524 865586 878195 598043 622360 306113 105829 422233 471087 316178 878 1639 207458 846934 252725 400834
517719 553589 368473 504688 773462 492372 481732 995016 376737 556772 381239 602651 716872 305698 276874 235619 375870 280300 187879 221697 161696 21297 130148 501437 338496 796050 703365 906032 978267 949264 676096 701424 432176 89270 119040 57404 58033 469060 112687 0 1630 784470 807644 719253 485156 357668 0 0 0 17704 246987 298062 903368 910913 793907 906376 910085 909120 749559 928152 987691 873155 950012 833890 628323 623357 764888 766165 872812 640387 829543 930364 621651 649220 65696 243665 23546 0 0 6348 1097 41672 483740 378965 772203 793772 942835
463412 446969 561138 609134 951819 474212 231862 890553 536904 502661 335428 217586 323155 307561 231190 250465 249971 298451 254443 242483 134348 146587 77602 391108 852619 547849 189722 169983 733302 542353 21287 114495 0 8843 21780 9601 3494 384480 91035 0 0 209886 155711 157284 600385 247116 0 0 202656 623715 271208 753899 818834 719583 880758 966948 886290 957447 783204 928724 992455 951521 955406 946596 920015 747631 390602 631722 847836 974741 735069 813497 774272 901728 615974 5116 0 0 0 0 618 647905 485707 729023 979145 959532 789016
530961 382573 512430 685061 861025 467518 527432 928812 717240 268396 183755 268579 223636 327806 391991 104030 362769 207228 407108 398973 135354 23284 17796 26519 100614 81733 27139 46350 555944 584524 6657 8552 0 25401 0 0 0 0 0 0 0 0 24143 269305 497 28906 0 26396 533713 748673 948593 919607 708517 826204 920119 903061 934273 937736 886878 874575 975252 973113 975413 907933 923572 802475 492289 659219 772943 976244 789723 514699 785543 823776 978349 155461 0 0 0 0 8628 307714 630971 882674 949785 955208 360880
614500 622544 811309 958383 941738 409577 828335 950702 794105 444657 315363 288286 379787 557200 310045 231887 155870 326609 306951 424120 398666 120611 24017 49389 33779 133539 118693 36610 471920 799940 441513 5644 0 0 0 0 0 0 0 0 0 0 0 242621 722760 840056 12552 142831 932155 992034 907010 892410 406627 215232 864318 990627 976099 927592 722188 967145 965481 934565 933416 950110 980601 829533 919528 843242 756075 986577 823745 714634 208904 689658 774958 194455 0 0 0 0 0 498455 921080 778124 548558 796521 31164
967399 656473 798314 919326 959706 756081 788912 921325 931769 586664 496073 228523 549353 467590 397335 477849 131666 264830 424989 515089 659737 662814 329604 179036 56483 151656 75089 28262 440474 611181 710594 218002 0 0 15173 21259 0 0 0 0 0 0 0 0 201154 858532 221067 128499 970075 980386 503372 630003 165424 360016 824350 858956 976117 994104 720340 959935 948690 883889 857614 932262 972448 759819 908893 929059 980601 952543 973153 441908 137712 161557 459780 175331 0 0 0 0 0 2284 361071 674072 881722 415326 0
997177 905848 928449 980330 970691 938706 952965 867128 980646 572308 416493 385854 294722 347093 201118 481994 397638 311810 305209 423752 998808 657867 651898 482905 187902 322848 128721 120137 15516 22010 554809 519218 15546 136398 491365 420334 0 0 0 0 0 0 0 11941 178040 941615 954116 681189 991219 777010 693733 859403 168568 411017 377732 583059 973850 990636 425504 736099 930857 931845 922753 967313 967983 888155 845374 889442 943739 927892 725897 803298 291392 87961 546721 144162 0 0 0 0 0 0 102561 714462 666042 12837 0
996989 996236 994606 998871 995150 847091 628135 804668 500849 476392 353514 262485 294960 406272 671654 188333 140943 391592 283545 280676 765068 689360 369016 655453 212925 62108 204951 215653 36209 38572 74956 404767 535291 621834 823828 620910 0 0 0 0 0 0 244438 780191 759412 975413 961561 994944 951764 757124 837046 431172 382403 600891 605144 452834 957406 907671 596769 559908 982644 903142 900389 979730 749785 814602 853971 928797 692979 893253 659699 338843 22012 8107 655367 12615 0 0 0 0 0 0 0 265048 80996 0 0
991987 985475 974634 957146 916582 901087 236014 86128 313532 496488 395886 208962 305594 806467 777212 172575 335848 319937 393822 519275 762669 829460 608699 268944 150212 4766 45707 627 38886 65416 24534 0 147181 454359 659945 683159 125 0 0 0 0 0 342013 952606 818604 944060 962222 907544 879645 340477 934269 716160 980467 640092 316641 392365 746685 732215 736717 602374 961451 984443 950699 947523 897587 951759 649092 648456 773300 956589 930011 121364 4695 13923 726473 84589 0 0 0 0 0 0 0 0 0 0 0
948504 973050 756121 453250 697645 816974 400722 27659 319536 339986 346456 259536 480558 606635 326412 480124 355188 200398 653028 731578 961967 886004 720207 715088 355233 31279 7981 1881 26006 33326 84796 73650 245376 414299 881160 324965 0 0 0 0 0 63221 879666 795120 924448 878387 899354 749130 832060 692768 956738 965826 993602 765610 103202 205730 519432 757589 772061 490537 822957 849591 640734 919353 920502 796112 507105 679351 925134 977653 748564 678752 818033 670129 308046 82254 0 0 0 0 0 0 0 0 0 0 0
975581 974878 917808 719068 797236 966131 792453 60343 452247 426413 259306 188252 264835 361113 445833 397565 149338 371773 374729 795685 567094 873080 519067 852731 324608 447788 231548 39101 34930 53504 50732 82652 394233 352636 829946 440816 0 0 0 0 6935 11728 666379 275040 603674 591318 599295 801073 939656 739006 910666 992979 962300 898274 51225 67855 752891 733448 633574 474182 528494 446619 753009 789843 837855 795216 733067 779848 743614 937508 931742 932767 863871 969336 675250 217996 0 0 0 0 0 0 0 0 0 0 0
965132 975317 966550 996371 975046 791106 854942 768982 598056 838068 360689 337960 310583 206429 736989 309459 293186 435184 426955 857147 869110 817092 807739 652113 193809 586202 578888 199243 30374 5387 97289 73380 343195 487511 684720 733133 334712 5672 752 2231 8270 279768 417658 0 0 366272 827114 865242 947254 577644 587147 993978 942015 786801 6809 206489 710616 897835 819559 566049 582028 457894 618757 664142 890668 815652 763675 691940 666153 841162 936973 636206 971702 966207 967806 605788 3467 0 0 0 0 0 0 0 0 0 0
942149 949844 998396 934744 878110 944851 821046 904459 936840 660241 279223 398045 289920 430308 851760 279532 512464 345670 157966 713087 697333 712753 863048 804773 346732 303691 412077 245059 74859 206391 156795 159560 122818 88782 454298 808754 810016 88304 0 2885 38787 494714 90848 0 0 108388 357587 792786 970974 579104 70426 629936 990574 554325 26208 443208 329912 906421 896861 727221 620548 879465 920021 884967 837060 731353 576788 394835 376485 769316 762287 747420 920392 607976 43728 82716 0 0 0 0 0 0 0 0 0 0 0
987552 903283 945344 942799 890858 976829 989333 973635 942297 333764 229166 540549 346214 147454 559029 415486 52920 299272 168257 477389 503579 684918 796065 349144 504495 462949 422558 247746 72675 129552 98855 484914 106214 24575 120639 211563 719251 732529 91224 15805 51943 593841 689 0 0 0 34074 538521 874775 512775 4406 83223 752696 812108 485482 553222 638984 941847 839374 375110 294173 656936 883908 905967 823381 839534 631670 583452 770061 767760 622283 7347 792139 336137 546 0 0 125 0 0 0 0 0 0 0 0 0
873108 882908 972967 999623 974103 969401 970393 887661 760050 117662 480764 853852 335635 606119 897332 419888 380389 390989 222481 740176 355855 565005 473004 469504 342525 531058 449632 262114 11226 125274 50171 147965 287990 235542 81813 61636 76063 529135 288388 0 163815 355617 0 185497 82133 0 184512 839327 923295 841301 142459 767565 49790 395753 662468 408649 815153 921101 833462 578545 27661 582349 894437 971312 850648 878676 751220 782676 678658 523595 626004 573360 755279 234790 0 0 0 0 0 0 0 0 0 0 0 0 0
954673 953959 963380 994480 994865 991667 809718 910812 967088 582533 565811 914781 415818 330626 839984 659855 416836 430667 456074 738190 647509 256233 174590 226726 486475 486805 490421 199231 63089 14304 30739 99127 58826 258240 178289 60133 47458 178608 641787 311169 299965 106140 118054 522867 683403 351346 387566 872299 771583 822894 764185 630937 12503 297371 722480 533860 380572 814014 756120 418685 0 361724 724733 954572 683918 717496 716036 654636 605733 510053 215563 769035 880068 602883 0 0 0 0 0 0 0 0 0 0 0 0 -9999
