gis_files/forest_fraction_5km_2013.asc
ncols         583
nrows         654
xllcorner     995000
yllcorner     615000
cellsize      5000
NODATA_value  -9999
[rows 273 to 311 of 654, columns 261 to 347 of 583]
0 0 0 0 0 0 43785 8404 0 0 0 0 0 0 0 0 0 0 0 0 302236 448604 525208 479820 316848 407553 479141 818029 646378 683034 777580 247034 329942 599684 196836 73683 6074 102045 392526 193285 0 0 343759 734456 988484 549499 270128 751800 744987 723174 776280 743501 798066 939736 771658 462861 72263 84206 376 0 3386 13278 4282 44850 382124 121271 0 358183 702856 876339 547252 997114 736977 87082 3521 144782 53249 2029 2078 0 0 87422 622933 520803 948569 988319 783560
0 0 0 0 0 26 121643 0 0 0 0 5080 9721 10223 74565 61040 152142 48120 83545 54109 17635 2289 0 0 0 9681 1148 246201 86282 352974 534826 493030 199422 208447 522300 258616 288964 490084 446456 146764 22928 147875 826999 661259 835198 704454 694564 812326 543741 491651 248979 118576 78861 150823 17534 0 0 1881 4885 4641 501 1254 25401 257284 487358 46351 197882 441372 724511 704620 378213 496513 146551 23735 391482 121464 0 103071 93900 0 264712 168942 638244 967994 874474 986176 991219
0 0 0 1630 16683 0 0 0 0 0 0 46161 0 12616 288000 598012 347126 17628 57798 20384 172736 26083 90146 142616 211623 371444 141281 405459 333824 233000 231256 766828 825816 977989 988829 599844 408890 478034 291376 0 0 21656 371236 464193 461469 537455 151364 350246 351411 179645 272597 174466 121800 467470 60218 60059 17961 0 508 140017 202476 137193 46680 483385 42842 347394 284963 22712 57232 9019 0 0 0 15930 164189 0 1881 2383 81099 154291 708423 920959 789901 966897 991465 926850 753386
193589 7329 5089 0 4515 0 0 0 0 0 0 71570 311494 412642 131686 92906 46896 76404 94778 134310 157170 181205 108312 0 181266 125333 508845 699493 836472 717188 700756 701014 714409 502084 280653 156270 405623 644828 473993 170067 18344 11052 172019 75879 539534 236624 341924 159488 77396 9103 468698 352528 130079 749394 555275 64842 10603 3440 448631 864022 780842 728628 735944 557689 28317 11220 0 156520 150697 661726 89332 0 0 0 24263 406779 80217 12266 761940 935683 944948 938507 799654 965267 550880 51035 3512
20285 0 0 0 6311 202322 0 0 20521 44825 378795 133371 0 0 212002 389905 327604 65396 0 0 3659 172187 576458 461018 193175 358157 632845 753480 830616 774489 64931 224985 0 0 162821 7887 102961 218879 485336 193708 228857 567753 410743 689988 937677 433332 371524 28035 0 248769 313616 30795 19965 799433 167518 13233 55856 2132 596202 789598 420381 378408 598700 505322 237910 173994 0 124021 177008 652460 250866 9720 57470 562616 718877 708759 170077 137477 682230 929977 648991 430787 253445 416296 275468 6052 250
210927 0 0 0 2890 14268 19944 112751 538624 338133 26812 0 0 66506 276061 147144 20501 0 51609 293860 617621 386191 544000 393855 413835 306141 658693 572086 680321 456016 452245 354256 71574 564 0 0 30694 5358 108118 257657 647156 448021 356451 782387 813581 507698 522920 9200 188630 452882 506852 654158 309681 402311 59971 0 0 250 19278 37167 38452 391587 637387 536928 261489 149998 53071 133844 703648 979922 229918 415262 862588 618866 820757 993468 499523 560892 985416 620066 123584 3673 441836 508900 477960 319350 10850
96526 0 0 1111 194066 242701 530156 439569 756 61831 314392 0 169218 498468 289774 298805 406747 488677 565222 392096 289749 336975 136446 151549 718864 766728 112890 31753 860128 999372 813205 658108 257652 347698 134158 134973 14180 56352 206762 783225 706851 639405 828418 948165 906443 687829 864917 648101 579588 128724 97820 31618 16674 9094 8906 203445 143781 1397 80320 106035 569925 585100 402828 571751 771749 974108 995350 990160 904298 939000 448342 522513 908885 976025 821572 980857 784230 758146 463108 791202 314182 24976 73526 392069 492550 431668 554411
0 0 21335 468202 485593 232248 225569 32174 137908 334364 193827 140215 170010 235462 696340 835664 568312 645667 620786 379486 539158 374374 908584 769545 569382 791724 389133 391423 693406 817101 461940 414497 320945 404143 203544 19304 349799 278072 466523 553001 557413 745531 867756 850063 819066 613272 345491 175502 1659 125 0 98967 17328 0 0 619724 266751 18648 250 107804 414987 771398 260983 431413 526943 540168 208244 472000 217939 504112 983065 995511 841099 678210 669886 821940 864136 407235 78665 405253 39838 252891 71077 479211 620218 640999 484433
124440 416362 288509 380497 114105 287713 85484 490824 352194 388249 178009 363475 560101 545123 358322 313998 255696 294858 467937 789258 877802 905674 964124 931508 778980 854966 917548 853567 334787 97854 66480 0 388371 483756 416052 314741 538556 268081 419110 435816 503321 583332 874632 291568 46134 10012 0 90307 104264 391381 707648 757112 239745 1729 0 183925 178040 32441 878 2007 752 0 0 878 0 138091 358750 422839 416263 864155 997931 965271 925000 624537 566164 643150 868564 523865 370155 5752 287881 630238 225397 80059 411780 454485 816553
120471 0 0 0 158872 556223 129685 77825 237585 411465 574170 706515 679771 442479 102841 26234 285372 295329 568469 450847 578624 816240 826518 348142 122650 269902 435182 448996 312132 33013 391292 415951 271616 642739 609501 698227 5855 28985 154064 0 106537 619275 299571 445420 362485 178917 725 72838 351277 788789 691912 368255 91007 0 0 124899 50815 0 0 0 0 0 0 250 0 0 15983 254437 219941 251560 611575 504244 571783 891027 660827 887016 743823 626741 484320 261155 896420 175776 226481 460447 408600 479008 615467
0 0 7976 170533 163929 295223 419907 560302 407554 433242 602798 619359 281086 32605 0 0 22704 26913 62446 20762 0 781565 546087 3077 31763 19129 0 0 94270 820615 394815 220459 250930 0 5321 340684 25312 0 0 0 388029 340559 340464 421730 252204 500698 324820 503033 650225 649870 530252 562590 334295 23381 1307 53320 185574 12381 0 0 0 0 0 0 0 0 0 0 118179 16081 0 0 235748 937382 831892 380116 221199 805020 723911 454768 368598 475750 761148 864968 729861 768539 606531
514217 246122 107266 52508 23449 511516 834282 227134 175981 203407 327052 324882 125334 46287 20191 205069 60809 0 0 0 0 148216 884485 266284 28331 1361 32948 303646 233008 707708 447394 10904 53966 0 0 0 0 0 0 124782 765275 300058 22290 0 137761 560682 326889 686370 516887 754512 890690 616158 426422 580213 623408 620351 751978 705496 516652 266986 0 0 2759 0 59572 0 421 15746 700859 319380 11975 17648 508999 914817 761574 876891 733957 610727 335707 459269 445836 706018 810408 872212 686234 844015 513981
60189 0 33147 83901 827108 753419 195751 203916 364376 451378 717804 551314 600583 404890 820117 956603 927991 476414 336388 23125 107274 389333 545348 295655 120956 11982 10816 605250 941708 316035 186684 0 78373 26844 35280 0 20926 118317 170133 155293 552425 79577 514139 250651 70188 203184 267553 507557 227578 313680 810842 871291 419639 576822 670180 427526 238135 376724 904452 960079 581006 413407 137929 136596 442038 17480 339155 397206 572252 489218 671342 680118 568812 938794 827354 725172 365000 376333 596921 835223 234452 335686 854899 894704 836520 846481 605640
0 0 8247 243055 711979 406228 437457 383776 8509 13413 672917 931490 940459 831624 741851 811150 962979 864372 761125 589988 687552 707739 189582 0 49812 319889 601089 411453 751408 5348 0 0 29704 24738 168658 591 425256 791260 148024 335368 47792 3128 72088 191138 415812 117868 528330 973576 656817 591518 723666 803696 825611 554654 878306 691870 329687 41157 229521 154163 522583 823443 842038 106453 564399 478557 286028 884236 575580 461760 765324 885918 716941 872233 458998 402326 514167 350317 561488 807282 862304 149372 473902 418830 364633 391939 918828
68309 33405 0 122445 682207 826030 767131 774762 341718 11173 708185 656030 545082 586493 832929 747339 685969 526096 468443 564518 351299 960363 946559 158711 596727 122209 352796 242160 702708 337696 3667 66438 205070 233898 179104 308932 760859 882823 338681 256105 0 33270 11334 9632 414293 135069 107275 306959 563717 311561 677378 197103 645228 695881 950170 746492 623007 17815 302034 89239 551254 604852 934778 596002 222796 509099 760254 451072 146586 24335 540714 788097 595972 708544 472827 445493 214445 70506 246757 656585 114594 174218 85597 33410 90218 21742 248316
300770 311926 581984 695987 892562 631553 608469 293405 177830 0 358316 342466 576075 831231 792484 958766 994836 920220 807041 569983 385052 921848 735292 718281 817695 233364 65192 843548 1000000 979304 595678 0 13354 125531 367491 773442 223206 778349 634792 633843 513768 606721 701502 403125 580687 615188 798583 717630 754194 697606 397752 811336 578771 272744 397283 541519 384164 415554 510520 326198 371484 651217 420677 17288 458447 818583 591165 751246 308577 16348 577644 928111 779309 357904 390483 286600 205404 100272 287277 243529 86820 1731 80357 504043 961073 515608 67540
404804 816028 995172 697934 277052 49585 298121 259940 237317 317255 768316 464585 690299 749921 494964 442729 854395 1000000 903975 959712 961936 868350 835926 738065 899092 434975 167982 844159 973783 1000000 999394 366894 177932 134698 42421 259768 240618 141611 281086 350594 414689 381071 388230 552359 394144 418342 253262 92512 383863 415038 487605 820337 632485 575549 680580 278889 220043 223877 787430 399490 751639 431005 448141 620100 316417 657958 839205 764478 825487 777935 457060 74395 256081 159001 44728 660628 728496 154640 330957 118991 286085 650975 284682 857482 996050 937447 184648
936323 959184 849579 115416 0 0 430074 519958 439481 482330 793496 592369 850847 761822 410139 404255 754320 850984 977922 956918 946866 933664 960602 953289 849548 678828 506528 782746 892445 812674 796108 766034 927897 821393 704158 396568 388830 492060 716968 509812 399818 351014 273960 133760 512673 505924 424523 558300 489000 407996 454361 170076 184755 537739 792945 159701 0 471822 828937 871831 380702 660449 824395 610387 881336 879763 765818 465021 496851 596738 396991 177945 297340 621525 143425 457792 483944 118608 547504 290668 384706 341911 6675 53439 476822 639671 568791
879349 1000000 426614 61317 0 316252 748431 665611 686112 950881 794589 532008 305478 461883 525968 325290 799644 843080 836455 940709 977640 974880 986649 737978 922941 882709 906468 911049 924739 959822 980839 949626 887366 771427 580944 324527 429323 827144 914510 663703 951620 975447 930573 752523 574155 610573 951481 885604 890311 895048 968272 891615 528727 445358 364787 224212 0 210629 822332 794945 733888 750300 967741 832808 715345 977116 895909 963773 989713 721935 2822 163811 33794 278078 95448 617609 227571 298400 493567 170319 230474 244356 120480 373963 584140 509756 16421
973861 626770 272733 20062 0 56071 202020 115216 152617 447132 835196 529346 65530 176264 460406 332674 315228 362352 668702 775099 922657 714055 666570 916697 903247 908247 917008 943397 983070 902210 934505 974910 833623 973958 709539 851236 958381 733338 999728 938128 892786 970546 993165 997674 980966 963451 896888 668397 316497 770436 1000000 994621 774055 158477 235724 89394 185874 503687 915798 838412 684129 623146 778213 735066 877555 873672 558938 465856 735952 571579 529592 364246 284291 284676 856840 556816 158773 47331 569942 612585 579461 508800 492134 785142 534982 670730 342145
826438 801196 754731 248267 46224 59510 82839 132259 247121 102257 113800 177208 133572 269790 455658 605776 722562 805479 669128 808887 643454 635578 863056 934241 895049 919299 770473 914440 878965 793870 693835 876660 986150 971868 980818 910090 935888 877521 871298 974831 729965 840452 606146 296567 241550 34174 1646 43798 546890 297908 539508 780077 945309 798849 672051 759162 277868 345056 849885 936951 968121 894480 964876 961599 991454 905794 894886 665328 451325 957736 968463 819518 779440 844493 964926 716604 858705 531674 617997 796347 893852 785900 334270 372645 166716 197626 792534
971274 987456 846686 335664 364091 556864 774453 556242 132804 11173 48559 9371 0 11049 571933 914364 877897 548507 728971 769752 865848 946584 911432 932596 948173 964608 968523 934668 941036 968503 974455 979649 992354 985894 996326 899661 974336 729354 869423 999825 978834 753441 564521 162494 189416 420432 442597 520829 470315 368570 613289 748354 606924 510248 41702 80167 98808 436315 728425 965140 985364 930421 987832 938170 713951 981192 841829 499441 856580 901038 897931 703744 854746 777148 856942 87961 313751 508584 724326 733375 637603 790773 500172 410712 216762 60731 654665
952160 981049 495556 475656 571965 475689 725592 508104 106252 239009 542789 311088 387922 725719 937650 817911 550988 330707 518487 785954 924155 964415 922625 912142 941307 942868 968241 980115 955901 919584 992007 983191 972913 722423 870395 1000000 982400 842320 631884 835662 1000000 969782 796715 768354 755736 934006 869126 763420 601644 728379 493966 721958 858043 565544 391284 489983 267186 81529 290547 662601 816498 632496 839985 561174 837202 851289 973692 811179 833096 489247 784632 749444 425621 760622 276970 250 62970 0 26637 82123 59053 33723 245377 7598 84295 0 85516
877964 904997 994731 986327 711071 691144 445724 393542 404638 430730 369832 803247 954729 903895 685422 268116 433783 860717 816031 833464 837926 987215 914541 847034 986542 955058 970888 956689 885276 929888 1000000 993136 854704 817758 716104 899549 873836 865847 967137 781824 863787 424202 619617 636011 577112 282600 476549 207599 304205 297161 294455 697243 929982 936705 945265 853752 498464 427793 473169 705875 801964 513444 652048 178394 554810 858518 706335 750611 652720 452953 919432 674767 788794 827688 23996 0 0 0 139489 531949 70819 1863 0 0 0 0 0
852135 963475 996487 960968 765010 971622 574828 273030 437272 413582 906304 803917 554916 697188 336015 539367 139676 729764 938687 977936 939973 971989 989104 957363 967963 990672 984158 974903 919626 938001 871034 854559 949620 919454 898346 922817 580779 316668 550996 588644 840715 862215 649631 261461 317241 239659 154301 480619 681885 300674 464179 712076 695559 730642 722448 859979 918087 791633 918421 800082 820918 537758 394205 8995 16208 594885 878295 591436 580130 872151 880823 646776 668706 138391 8511 250 0 0 61967 172530 25359 0 0 0 0 0 0
315668 787545 873752 873791 820916 990978 368591 23215 11645 36773 382122 282242 160460 28436 65113 190093 19651 707639 669842 221209 466256 679360 813362 972224 965788 935016 877182 858069 988390 674699 562910 259162 650000 852107 975978 448492 261309 644044 760541 829203 407631 336067 58525 169893 526730 552232 539469 411747 784987 876777 767700 433303 694324 950592 724708 850922 809180 883154 999980 824533 418600 475097 530725 2588 25469 552346 593318 702888 155123 571687 627467 742912 549233 24882 4229 55856 0 0 0 0 5297 0 0 0 0 0 0
367351 270851 570488 926607 990631 990842 773614 112881 114545 167934 285732 7400 12519 2152 9783 39109 477627 834874 605273 627732 85850 321252 354278 559890 382219 850478 863842 843515 788434 769065 630010 361463 742128 898942 762156 379293 421374 577503 247371 21513 0 0 294600 286616 385149 100736 336121 40361 266213 433851 338778 537901 823248 815923 630331 518001 336868 747601 885921 518383 127835 270080 783590 639271 571175 836887 421850 472956 304781 75977 598959 713950 530801 24657 62890 259313 59619 0 0 0 87151 0 0 0 0 0 0
25908 444433 823538 933625 994996 995365 315417 71398 441832 255493 232584 247606 286701 231295 541384 354387 660559 770882 809039 454989 183505 70721 197680 461142 720544 567420 487125 882424 906681 971220 814978 296857 209336 634370 647060 914861 367132 0 18690 58705 0 0 227505 371270 95065 80 229443 512944 164595 303369 242924 477304 494446 175280 418807 434534 100646 307226 504433 722505 371401 486085 147033 449276 339716 654584 482441 637397 263522 540826 628186 196455 38629 14398 21199 33246 192342 0 0 108158 110736 127089 219259 361436 205196 61671 142981
36424 312287 156735 928722 857571 875906 487436 5420 57086 145351 285376 595796 767633 533459 58714 53728 290455 142442 467686 742653 198922 1594 152279 432380 648635 234270 486745 981596 897030 780727 661288 450547 172165 266717 159041 83302 0 0 0 0 0 0 304206 311900 233950 378676 384010 595008 336744 342250 511062 571330 151106 3637 298655 224828 316078 273978 184189 313781 129296 68651 304738 443293 228419 804285 636155 542870 394289 437860 585971 26929 0 0 0 137126 259358 0 0 768 0 252707 607040 786076 713278 106444 243608
426152 374769 868001 924664 878235 810661 521961 273472 10156 0 46191 108014 140248 214176 1505 79972 140712 76305 16360 469780 34077 32488 0 4987 602344 398918 279141 570908 57173 446998 262693 94637 22704 10913 22225 1630 0 0 4014 0 2150 115225 5782 10119 103031 164420 232975 30818 439576 467874 482411 784866 640711 459524 776779 581221 513418 613629 533757 270536 520983 709248 585301 562413 184827 84600 166628 464862 458346 604240 461856 497 250 0 0 96154 18188 0 0 0 8721 160409 196833 123784 475939 0 252315
657504 340738 366760 888869 883401 384042 455673 49723 74112 150958 11916 125 0 5028 0 49392 167655 332498 36964 8404 501 0 8 14545 508173 98415 171127 831258 683457 466794 152244 318053 27310 20386 4096 0 0 75640 0 34621 14609 141738 80651 167245 194192 510556 12176 253034 86172 176462 286471 525233 752212 653838 789636 749915 723080 711027 445910 611840 468633 626284 791128 367300 24398 138373 225637 673756 614101 714755 614842 2504 0 0 15868 139359 0 0 10976 157328 193918 351472 99740 302890 412504 35309 2075
619837 736804 503236 592449 755748 733555 253151 304595 102538 16403 0 12920 33140 7150 0 362165 192189 597067 229087 21097 51592 0 0 0 484782 259985 212888 668090 563707 606245 288047 562915 427977 319006 345572 28349 17904 3424 155196 49441 22440 214941 124505 58833 104876 54131 360756 469636 188565 471292 42783 161879 793396 878226 610753 904600 617060 598758 761100 564944 788405 351011 742771 268755 306535 60704 162023 77064 376608 535669 828086 216409 0 0 0 3518 147791 25464 283216 150088 0 58914 177066 135938 1817 5082 0
511683 811399 797494 723393 411577 377941 315133 223562 24953 7206 14398 291827 171743 98 0 239914 106438 97034 54662 39767 117859 0 42291 449363 692369 57990 140164 532680 205570 136291 431336 132010 478603 529133 362844 36058 142748 116907 196361 201101 2711 0 208436 555815 34287 97083 480128 396770 123645 115171 535499 243487 663451 702336 644036 532722 683481 553365 818489 706759 703284 408947 584744 846043 589649 279699 159210 240835 144919 622401 538687 517951 0 0 0 18198 236341 86549 36868 244195 1364 0 240316 184644 0 40266 9533
812958 803503 707492 628242 816209 595169 379849 519481 86553 29028 44916 100714 65976 7427 0 10080 28806 86804 100681 13923 3136 0 0 429837 659225 193455 3494 103884 245750 425430 354143 96664 104184 92496 168035 282507 111920 266829 752995 439400 97230 121582 56197 0 0 0 556712 572905 177054 170719 140025 868902 622353 556375 140191 568471 759945 443631 592666 871822 834054 485461 761067 735993 626168 340804 55395 0 206 165480 696791 659473 40101 0 0 31496 0 55556 320820 652005 209868 142535 76251 48921 56949 5017 8780
305728 618099 743673 709763 480101 799490 189707 207697 209282 273939 434292 251505 208428 250373 8081 152 44056 23520 283588 34370 7777 0 948 135880 439088 29128 109522 170932 79880 406578 35364 74562 155301 127511 176837 383492 542553 395930 489190 221684 221256 52187 0 18083 0 0 85246 493282 95934 60305 215852 576763 508178 512394 744688 772307 712323 742314 792158 785206 838304 616267 537489 617138 684263 203234 398919 54094 117767 235427 436260 485077 235163 439169 132919 0 0 0 161851 462975 570940 76294 68420 61591 0 0 26718
68747 719356 768870 578720 329555 290523 330202 48137 17882 171061 129295 190668 380918 799301 491409 144312 194216 0 30121 10662 29352 31868 153382 433023 85830 345576 362957 49143 94978 218590 157386 8424 323716 100826 398602 638328 724016 197892 339373 8984 0 0 0 72894 0 3987 17337 76218 166351 25025 0 75303 137196 752781 532093 515106 516506 739645 648640 847807 824422 732816 496805 295648 219195 54692 128446 96460 402198 26363 364647 372265 525729 434428 267896 18688 125 103649 149746 533546 401121 0 32648 199897 0 88820 376719
8236 289242 105243 256294 284428 204090 139895 91501 128645 144365 118473 10812 117393 300121 676952 681671 327125 141411 24308 72128 141559 291477 259058 701498 607335 175207 38947 300231 150001 80872 247613 174073 263248 226242 235119 319879 403642 97941 284310 172282 11424 35340 78819 506494 310251 109144 197244 445741 537927 487782 178359 108747 386387 103883 215739 82720 386974 673987 802218 640705 779254 908195 739687 738733 334265 82772 121941 96752 139107 284072 289669 666124 613856 807298 157901 137341 215228 87816 795 476201 234703 360242 10967 225995 76446 510247 801007
157803 96732 0 0 7058 47573 183272 86775 156302 67448 25329 70739 78397 105745 231104 737850 745992 551228 159329 472506 106955 364353 185955 388132 486748 422492 143169 47064 63766 223090 77919 155081 381758 498364 553772 741190 249754 146388 332506 502936 267711 340715 314759 750244 744091 358924 899619 778804 719539 827832 236318 36395 542070 456763 40835 362742 673615 581018 343389 553867 873717 549703 850962 894236 424144 270253 315459 412762 637596 396406 507215 715723 356655 474770 285747 15778 129046 0 111350 150917 46324 201065 229049 308810 9031 535667 864762
2508 65202 103740 0 0 0 0 20177 92460 135517 321988 173131 221235 74161 99048 226356 704956 567324 161241 313606 197398 291887 592505 342069 848584 638650 798579 739728 381735 274014 262335 12362 101893 313405 942755 918051 792562 365884 437508 733868 557153 333813 159496 603644 858912 748731 445243 684835 734516 711571 2253 8279 5953 353814 160066 66110 715893 421431 181395 194466 88212 1796 381756 970143 624515 443327 329100 336161 662078 201998 213167 783601 794052 907924 419488 88216 2665 0 332447 353622 125104 271313 485462 549353 237380 802775 894751
