gis_files/frabi201314.asc
ncols         625
nrows         694
xllcorner     895000
yllcorner     515000
cellsize      5000
NODATA_value  -9999
[rows 282 to 328 of 694, columns 288 to 383 of 625]
1350 2914 5778 6984 6356 6006 6034 5112 6499 3383 5440 7711 8033 7491 3743 906 3327 1668 1415 1254 3126 3147 3974 2282 1719 4587 4774 3460 3063 3468 2574 6847 8139 7028 5646 4818 5960 5922 9207 8179 6905 7260 7506 8339 6524 8522 8277 8017 6111 8500 8591 8510 8310 7486 7725 7827 7175 8082 2899 5943 6434 7515 7209 7969 8382 8674 9057 8971 8585 8516 7475 7716 8118 5560 6489 7952 8002 7746 5940 3677 1565 5067 7391 8070 7242 8456 8564 7787 8177 7988 7130 7242 7292 7952 8228 7809
6857 3361 4556 7569 7998 7740 5794 6126 6484 5585 3363 6863 7771 8157 6607 2849 3302 4403 5933 4921 2829 3408 4607 5058 1292 3284 5120 6109 3458 2203 2218 2612 6469 6967 5146 4645 4226 3644 4341 3717 4814 7445 5940 4801 7791 8254 8480 8402 7018 7696 8140 8206 7475 7922 7735 7564 7618 4469 5149 8141 8303 8639 7928 8194 8759 8277 8629 8520 8840 7210 7341 7903 8251 6356 7531 7465 7731 5994 5230 4955 7131 7585 7074 7777 7027 8259 8279 8445 8068 7636 6783 6110 6415 5290 4743 5983
7698 9088 8091 8258 6616 7260 7890 7249 6172 4486 7013 8749 8984 8900 7693 2442 4357 7493 7045 7795 6971 976 405 504 325 242 379 894 3330 1537 992 936 1150 312 99 127 122 829 1208 330 14 117 1455 1880 4285 6264 6285 7419 7272 8171 8166 8185 4880 2944 6051 6928 4668 1438 7422 8397 7975 8352 8655 8565 8851 8701 9326 8146 8850 7348 8156 8244 7296 5956 7855 6089 7195 5822 6174 7494 7321 8137 7350 4872 7041 7801 8150 8136 8144 7020 1581 3 519 100 0 36
8845 7286 6867 5755 7460 2510 3480 2371 7992 6642 8140 8416 8570 8555 7486 7411 7238 5937 6800 8876 7457 1002 4207 3214 1973 3393 4410 3411 1040 839 699 380 897 1119 9 82 275 142 83 193 0 60 327 642 1514 1188 1267 4513 7499 8427 8112 7715 2595 277 6132 5739 317 6169 8258 7495 8144 8171 8677 7987 8167 9042 9018 7979 8911 7196 6823 7625 7488 7672 7721 7834 6522 6481 7401 7950 7254 7658 7393 7786 6937 7712 5681 3554 3860 2682 4520 4451 173 600 337 2513
6982 8012 4209 247 317 4235 2667 280 3675 6905 8850 5907 6821 4313 5753 7910 8077 8386 7361 5856 2950 506 1508 4232 7076 8629 8949 6350 4066 5213 6064 5395 3116 7702 347 561 172 294 194 112 0 1 154 0 0 58 294 1377 5925 5774 4911 2391 44 5132 7263 2205 5511 7899 7224 7101 7952 8559 8359 8226 8519 6734 8640 8599 8243 7198 7209 7434 4285 5650 6859 7741 8667 7292 7040 8049 8021 7732 8022 7570 5730 5232 4106 1199 738 721 123 1059 16 1202 1074 1449
1229 999 2050 4336 6816 8772 8889 3754 317 4330 7196 6064 5664 5935 557 1519 7964 8576 7232 513 532 208 364 710 2745 2111 4788 4606 5314 5230 8012 7362 8425 8945 4798 65 376 684 206 152 656 393 222 0 107 0 44 0 167 0 237 3 103 7664 2445 4007 7906 8121 7180 6391 7613 8702 7973 8417 8951 7117 8934 8330 7820 6816 6364 5422 1645 6751 6898 5921 5926 7154 7133 6701 7387 7543 8098 7109 8022 6587 3251 852 4180 2031 31 34 352 79 64 1010
7715 2174 6485 8778 8499 8727 9572 8732 1591 371 1019 1078 337 1377 615 2257 3590 7262 5711 2071 534 415 868 1283 2555 1175 1208 1878 2082 6407 8815 8969 8729 9009 5383 3763 3986 576 1115 2385 2199 602 409 177 230 0 82 34 0 0 0 0 1000 4357 2178 6528 8170 8500 7894 5894 6206 8307 8428 7509 2859 3714 7470 8259 5465 6922 7605 6478 6002 6460 7407 5878 7396 7613 6473 5562 7306 6794 7691 7213 2425 700 128 5 1547 2230 622 54 112 235 674 164
7684 9225 9234 9587 9735 9221 9596 8623 4865 4350 8374 8070 6391 3596 2735 2099 472 1094 1818 542 871 759 1144 401 2173 2326 5473 5273 4360 7218 8830 9626 9226 8820 9271 8839 6626 4823 3520 7894 5741 1217 728 199 63 290 0 140 36 50 28 9 1549 2235 6267 8560 8139 8280 7494 8531 7940 8266 7208 8397 5118 295 3702 7480 6952 6658 8135 7526 5458 6864 7471 7350 8351 7681 7661 5169 6657 7550 7114 6577 232 114 83 44 1569 503 3164 396 598 470 952 339
9093 9225 9200 9477 9541 9501 9271 9137 7367 7858 8753 8823 5153 3505 2533 6571 1229 768 1148 2456 536 1410 1665 329 2194 1246 1765 6433 6735 5736 7562 8751 8363 6745 8502 8926 9167 9290 4743 2269 918 1285 1029 879 526 129 114 0 0 13 301 1287 1611 3127 7125 8677 8342 8304 7574 8527 8550 8215 7731 5896 4804 4047 4198 7067 7386 6233 7159 7150 7279 7061 6360 7490 7202 6359 4222 5700 3870 3256 5174 2460 3 14 208 1 14 238 1764 1529 856 828 636 583
9254 9122 9556 9467 9251 9173 8872 8994 7870 7259 7060 4190 2597 1051 1204 3892 2028 537 773 3645 449 1547 616 465 115 983 850 4018 2413 1543 1402 2699 3547 3912 6035 7811 6633 7141 5581 9 0 25 226 283 8 3 0 87 36 53 44 2119 2074 7597 8407 8151 8298 7870 7407 7840 7804 6884 6041 4280 996 4306 3788 6446 7687 6796 7032 7259 6653 6804 6216 5159 5107 4552 3796 3230 217 93 1004 199 184 0 50 1 16 115 11 1168 1208 714 450 898
9146 9199 9227 8881 9526 9640 9359 9224 8624 7983 3635 598 667 992 1956 2178 632 167 474 3305 2642 1543 2324 61 139 385 3274 3832 4733 4300 1988 1227 1528 1436 519 687 610 5695 1140 0 0 0 0 0 143 220 26 186 601 1182 2980 3867 4379 7329 7717 7407 7342 5814 6326 3971 5151 1942 697 119 373 2534 3333 3989 5266 7244 7567 6622 7163 6214 4872 2784 1830 3753 988 109 55 140 58 133 0 0 3 186 0 1 3 11 11 74 632 1626
8524 9130 9559 9885 9635 9545 9690 8310 3058 961 220 738 888 988 1834 4264 6143 5191 2711 754 414 15 0 184 88 2048 5488 7011 7508 4448 2784 1508 3995 2644 798 0 0 627 754 0 0 0 0 206 275 227 1360 2465 4748 2717 2676 2752 4703 7299 7659 6912 1159 4679 4832 2145 692 68 1507 0 1435 4665 6454 4634 2352 3764 6233 5955 7279 4173 1641 2143 295 178 740 109 9 0 6 29 139 366 453 1573 153 6 49 312 731 532 1274 1597
8180 9311 8770 9380 9020 7631 4590 1542 163 148 874 2331 5171 7858 7158 7164 4626 4770 2669 1283 4013 3381 1831 1788 5748 5582 2915 2344 286 1005 2013 2072 1981 769 0 0 0 0 85 39 489 805 1841 1552 1608 2360 2885 3224 4127 3698 3995 4880 8312 6327 5927 3549 778 4269 1347 1203 389 965 2056 2145 4639 4793 1254 1932 813 1816 2538 5652 3101 2646 1406 107 92 0 5 221 874 60 140 68 472 490 77 230 326 209 312 537 1213 965 340 1417
8876 8583 8999 6293 2132 154 93 1465 2514 5351 6121 5679 4107 5739 4132 4003 3303 1846 2003 2153 2891 5228 4163 1826 823 135 44 731 44 134 1272 718 1187 1142 670 1226 669 637 896 866 2584 5863 4946 5611 3830 1804 3371 4087 2615 3007 5538 4123 5258 3941 5647 2760 4165 1783 2332 4839 6055 5709 5760 6188 4235 5854 2598 2432 2989 2348 1557 5863 1029 140 421 34 0 115 237 1263 788 381 549 651 798 207 315 243 300 656 977 1297 1123 766 691 1216
9221 8887 3925 21 1019 3532 6431 7408 4838 3743 5304 4426 4991 6189 4461 6036 5001 3451 3233 2503 761 1864 1096 1079 645 1189 670 2228 1099 0 9 330 416 302 659 1185 79 571 1813 2105 3200 4193 982 2575 3268 769 295 3425 4629 4192 1389 245 544 650 883 1895 4717 3383 5301 1691 2173 309 3273 4523 3901 3741 2975 1444 820 3289 438 305 0 109 55 13 2308 3460 2322 408 1209 449 665 1572 1244 463 492 92 542 749 1069 1399 971 1039 368 677
7291 1460 596 6841 8318 5368 3287 4241 4237 6508 6697 8394 9024 4515 776 1710 4298 4038 2252 972 1088 606 730 1125 507 443 88 3125 423 598 172 528 137 336 256 9 0 325 1775 4891 4112 2099 2242 3960 5798 344 659 5420 2194 2584 1568 1080 3603 3995 2346 1453 2577 1634 3416 1613 891 374 3626 4161 1242 622 531 1347 2689 2439 596 194 241 697 243 278 1923 3408 3180 1428 1071 445 597 1012 499 430 144 64 285 401 438 543 459 534 613 764
433 4432 7161 6616 4952 4718 6441 6890 8492 7490 4776 2002 2194 3702 1937 2229 1655 2582 1466 1542 825 1190 1011 1624 1330 612 41 74 1493 976 887 993 0 495 384 1 11 6 281 2412 1754 457 460 230 973 982 5538 6223 5349 3482 4663 5830 5120 3085 750 924 649 1665 1690 2885 1456 80 4034 1641 113 1923 823 36 2061 789 6 432 607 1057 182 21 1188 1014 1910 2723 245 438 812 992 241 159 43 39 61 19 119 191 123 445 378 173
8605 7588 2523 4363 3852 2099 5782 5563 4148 1618 1824 4062 3259 1489 2321 1865 1035 1054 6090 7368 749 98 1355 2441 3200 1508 892 183 1517 1890 1417 5 0 0 0 0 0 0 0 194 1351 4437 6967 5810 6104 6129 4831 3115 3472 4102 1984 3535 1149 936 852 993 386 56 0 44 283 90 1680 1287 173 90 685 3 858 153 213 117 228 452 186 140 233 593 689 1488 347 432 292 307 1199 439 38 15 30 59 45 82 44 118 120 114
6469 2687 3428 6542 7139 5102 916 832 2223 1262 1572 1609 971 1736 568 770 1244 943 2870 2623 862 731 1313 4451 4725 3886 2785 1527 2470 1525 26 0 0 0 0 0 475 2367 4462 4264 5773 5976 4685 2603 5016 4925 3675 1424 3302 2982 2728 4863 2871 616 2960 2176 2116 1909 3539 1889 1698 760 44 0 158 564 311 10 8 1517 853 419 1474 850 247 255 133 341 853 1818 1729 1762 419 148 470 232 99 70 30 33 30 51 14 82 44 14
5409 5646 5863 4024 1096 1708 1582 2985 2116 1631 246 34 20 2090 265 519 536 159 204 879 3381 2698 4399 5118 1159 1091 1545 867 34 191 5 0 0 0 191 3820 6514 6301 5139 3925 4846 3840 1195 358 3881 4121 5524 4382 5253 2782 3552 3263 2799 2942 2250 2574 2958 1663 1436 1213 1317 75 1 24 118 266 399 682 146 197 616 533 282 161 258 350 454 329 292 64 314 281 1892 1973 709 152 44 51 280 109 46 73 38 29 3 3
6021 2711 1586 424 1032 3569 4489 4783 4148 4010 1085 322 1259 794 522 751 585 879 474 394 1375 4632 3184 1135 454 247 933 30 6 0 1 0 0 956 2382 2247 2595 3906 6803 4926 3690 2302 1655 4162 4251 6006 5228 2550 3570 5989 4812 5115 2352 2196 3302 5871 4050 2937 1691 2353 1724 1779 1419 684 866 63 414 250 428 406 534 586 16 957 909 119 310 352 464 1553 2365 2850 1961 1253 1193 3027 347 122 143 89 119 77 40 43 5 21
1942 2768 558 1682 4087 7469 7373 9094 4495 6204 1390 5428 5654 595 433 1977 1613 773 164 477 1987 60 2950 2673 272 437 183 20 0 0 0 3 0 1840 3137 4832 3455 552 4701 1159 1243 2707 2666 1982 4946 6561 5067 4373 2906 5171 4068 2268 3529 5038 3477 4461 4809 4572 4007 3876 3116 3964 3403 1609 861 163 329 1065 705 398 268 1337 2341 159 299 130 169 552 290 1261 1269 3308 1614 425 1228 1129 1298 876 1140 712 182 186 54 139 133 43
3394 3596 2629 1310 6183 8214 4791 5098 6729 7883 5386 4421 4029 3694 40 628 744 893 226 452 1361 331 2293 7994 6461 4665 2012 0 0 0 1 1 4 3635 3600 7254 4799 602 3591 1039 1426 361 169 1819 2254 2666 1695 1311 973 410 1459 2298 3437 3626 850 1920 3041 5181 5088 2111 365 2457 3428 1691 618 209 148 140 162 519 507 557 1435 346 241 650 1548 745 869 1700 611 907 781 347 886 393 80 707 1707 2757 208 45 107 182 45 193
2891 1203 346 241 551 2577 287 44 24 770 1485 3304 2910 2174 1024 1237 3389 1710 2407 834 41 3394 4626 8396 7067 2174 478 1 3 0 8 4 701 3105 2421 3107 6237 6167 5098 1034 1258 2021 419 119 1435 1567 871 2171 4925 3432 1386 231 1989 3638 4045 3665 904 3106 2168 1865 877 1849 1098 1088 1027 124 228 105 148 371 172 129 1547 391 297 306 354 283 876 1024 641 852 140 206 103 186 435 1202 134 447 335 43 38 211 34 183
4769 2225 1079 370 54 280 956 526 125 768 948 531 1195 598 2465 2218 941 805 891 1338 1197 8120 6819 6801 7549 3038 3746 3739 1964 1 2273 813 4354 5650 5861 5015 4343 5647 3246 19 1507 985 622 221 773 2253 386 1943 3470 4585 2696 2508 2962 1129 978 5345 1799 3189 3245 924 1392 1088 764 280 771 255 501 448 194 188 656 539 370 642 208 655 1261 1468 55 657 389 118 94 187 157 45 211 95 277 43 51 21 28 35 24 15
1331 3859 566 322 760 835 144 369 1120 1529 1755 1057 1790 294 253 2273 415 359 933 2327 242 3317 6652 4627 3501 2753 3282 4589 1268 235 3468 3393 4444 5825 7048 7447 2921 3912 4069 3259 1095 1308 1228 2702 1131 1657 350 1264 1454 3906 3310 3752 2190 2080 408 1951 2688 1174 2232 2151 548 2086 1241 483 568 319 395 435 781 942 704 490 981 758 758 3593 2107 2370 1042 738 282 191 331 98 135 59 74 5 479 44 4 19 10 119 41 25
1448 1705 776 383 568 448 988 1064 13 354 1000 1657 1655 173 1012 640 189 148 399 236 3 1 1984 6619 4793 4764 4575 992 5478 512 646 617 1256 1555 1098 2648 872 861 53 156 761 644 1815 174 945 1085 1579 593 729 2082 2132 2694 3569 2027 1936 3270 1485 744 1582 2048 1103 1824 1578 137 260 1104 882 707 687 615 775 494 960 300 472 611 49 359 1862 1210 29 75 36 82 194 196 345 39 65 41 83 115 50 129 235 99
1614 1530 1214 373 473 499 911 1785 664 0 84 43 33 403 652 716 78 109 457 452 278 5 110 1732 3426 4742 6833 5504 4146 3955 1109 1120 411 366 834 77 238 186 161 448 404 1710 829 220 822 978 947 1183 380 935 689 1533 656 1742 615 330 1026 819 260 754 172 316 1436 922 666 1104 261 371 660 595 324 784 871 138 204 93 98 39 416 94 56 59 21 51 100 43 177 18 265 310 186 95 14 113 58 169
1377 921 1433 699 161 474 2476 928 780 598 26 113 0 40 115 73 174 154 182 267 88 216 474 349 388 871 919 1291 1272 1821 945 276 271 87 202 991 652 290 278 95 352 577 235 132 335 130 168 2173 306 153 321 97 685 322 93 680 149 389 448 759 685 202 1105 764 186 158 256 406 1095 508 184 20 88 403 102 105 296 99 124 53 46 119 918 285 109 148 63 54 235 202 88 10 24 21 9 66
1629 569 420 374 207 215 705 1769 304 256 74 1 8 25 38 133 70 84 108 24 83 11 16 69 314 309 242 146 38 8 6 10 0 5 41 686 1859 1514 75 82 24 147 0 8 112 314 371 172 1882 325 265 533 508 815 26 142 877 13 48 99 54 760 1626 1257 754 697 2279 1405 1464 320 56 19 29 74 25 79 56 83 147 300 285 59 322 329 89 398 143 235 285 325 301 740 107 105 63 352
2288 1079 334 400 147 334 597 644 198 798 107 179 36 120 199 29 100 65 94 16 55 29 104 51 280 6 686 286 4 66 10 4 1 0 3 4 45 340 273 443 789 297 0 25 63 266 503 426 177 120 0 379 970 1496 202 346 58 55 585 542 371 1528 1249 1335 1440 1055 513 704 549 459 292 89 386 576 133 243 268 442 291 90 99 558 105 99 326 352 562 538 1104 443 365 380 168 124 20 68
1441 1645 912 490 522 512 248 295 309 235 296 166 93 178 209 33 108 110 119 8 120 64 46 15 59 4 0 156 64 35 29 82 593 549 482 453 838 3027 1854 1384 517 1249 1247 340 144 29 324 322 465 380 88 16 29 171 10 6 0 9 166 566 745 41 11 400 479 196 16 211 247 548 452 88 78 55 153 309 337 327 256 140 173 233 437 78 107 395 1346 976 1439 642 34 280 544 20 34 11
280 354 726 844 823 1557 559 73 78 391 607 375 122 25 201 88 46 38 14 105 8 31 24 19 3 16 5 8 5 389 215 33 72 453 87 843 2204 1725 692 261 1641 1754 1218 1118 1143 738 1933 1961 1507 231 374 88 85 460 30 84 294 5 302 1116 154 51 110 305 211 112 158 463 854 1019 567 473 1143 233 270 492 212 558 110 45 26 206 454 270 94 753 1332 1619 4881 1386 196 246 817 40 95 31
921 311 1197 571 823 181 39 161 710 1227 635 420 90 34 23 80 120 117 30 8 144 84 0 38 51 147 19 0 127 228 325 281 0 8 148 398 1167 383 394 1017 2214 1838 2223 921 393 443 1012 1066 699 597 271 305 374 771 228 469 156 240 0 267 36 194 177 300 443 78 287 375 400 577 1943 1879 2780 1967 1115 1133 630 1670 371 930 197 223 304 750 547 453 1113 2652 1217 1532 1233 410 129 88 39 1
1525 691 1296 1056 301 30 253 918 1120 474 228 152 326 83 95 247 55 55 4 20 261 159 0 36 107 72 312 157 122 45 92 556 215 809 827 664 621 1059 2080 2622 2426 2945 2766 621 184 267 94 262 607 177 403 783 966 420 153 222 258 256 213 208 158 316 53 393 248 240 1290 322 242 425 1051 1793 3081 2185 2046 1557 1618 1578 255 110 521 48 255 963 1086 534 188 15 605 401 961 295 11 34 33 9
581 1424 122 872 543 261 207 1272 1825 541 183 87 31 41 19 35 58 0 0 24 173 104 480 728 351 197 1 354 640 803 715 107 172 403 938 1189 1093 2324 2076 1222 758 2367 544 952 354 341 271 119 30 222 95 468 455 613 484 144 41 369 44 665 272 130 147 513 591 1771 735 300 331 819 1052 1036 1562 1998 1811 1888 2540 2163 691 85 354 148 680 921 513 198 21 187 122 991 238 488 11 43 5 9
1676 1976 909 1527 766 463 723 2983 2346 677 1089 631 776 301 151 94 10 134 268 112 88 532 733 600 130 36 9 709 1436 672 251 369 1083 569 245 904 641 440 452 289 133 63 164 322 85 63 523 83 212 513 60 216 349 250 1173 849 837 657 371 498 255 833 273 256 820 1864 1327 1426 608 1002 986 1057 1594 2061 2551 2278 1982 3051 687 29 20 332 321 351 1130 679 355 127 428 231 272 1006 11 54 23 669
2222 2943 543 316 434 1749 2092 1716 489 218 868 776 847 523 1126 714 640 197 193 122 146 138 220 283 393 25 161 582 681 664 369 63 39 36 376 1045 1343 723 807 1256 942 983 844 258 99 179 440 331 245 227 45 113 167 188 188 963 827 356 347 292 947 696 649 201 1455 1060 981 558 1434 1816 1163 1757 1696 2243 2988 3209 2010 1851 457 258 358 414 59 271 2264 707 100 283 276 253 322 411 231 1 9 3
2784 1504 1188 201 986 1617 1338 1535 775 301 647 687 1676 492 307 227 235 59 26 82 8 84 119 562 312 281 355 307 399 460 374 830 236 573 716 828 963 820 444 559 1131 2343 2380 2234 1168 1475 1121 232 149 153 123 114 243 223 470 442 813 474 230 183 699 516 730 873 508 408 268 606 621 438 428 469 775 1404 1677 1099 1491 726 404 248 100 63 93 181 29 283 218 306 455 363 329 45 18 79 220 1
4379 2885 3270 3 212 1543 1818 1882 2212 2943 2293 489 578 113 273 517 812 41 31 29 295 506 458 1584 572 780 1815 1616 1147 1848 612 524 665 265 744 852 255 642 448 271 790 1611 1286 1254 1274 1222 1000 389 406 241 237 164 132 218 161 301 351 134 268 204 360 1001 769 644 198 301 206 460 423 163 154 198 480 354 467 301 406 469 356 45 99 49 39 21 48 38 132 92 114 888 113 73 114 16 172 341
3315 5430 3594 1818 1253 2258 3776 1069 2321 4622 4279 753 489 438 89 661 381 329 139 194 325 1712 208 598 3721 3798 2643 3976 4770 3364 1448 1210 946 659 853 1560 522 1548 1406 2533 2225 2380 1558 1312 1086 420 541 44 72 103 163 56 169 157 107 463 218 232 342 208 395 320 558 587 542 192 222 64 194 157 209 2479 297 221 395 1103 142 103 135 60 14 21 40 14 49 345 868 307 112 83 176 174 80 51 151 830
5918 1816 4034 3606 3075 2229 3325 2841 3980 3747 2491 1090 608 457 680 814 268 335 51 55 864 562 332 913 2661 1543 1333 4644 3837 2022 2600 1416 689 1105 945 1619 1407 1233 3549 3541 1937 1831 1648 1613 1507 1052 317 212 113 171 97 114 129 236 304 537 167 197 255 222 411 408 975 759 830 825 127 216 355 15 198 215 237 320 242 237 196 290 339 130 179 73 26 55 102 601 493 281 196 368 532 760 453 271 290 243
5000 5760 5019 5807 4422 2948 3981 3271 5790 3342 2963 1859 1433 1074 559 420 385 256 11 16 347 433 411 247 691 482 342 1379 1750 1622 4078 1488 773 622 2391 3679 4173 5083 4131 1868 1791 677 1149 946 1027 464 227 77 137 107 398 94 492 277 320 414 326 275 406 223 418 513 409 1479 322 395 329 371 423 494 173 124 179 72 139 196 230 194 266 268 430 299 401 99 16 158 92 164 395 773 587 790 961 675 684 331
4604 7958 6226 3859 3052 6582 5133 3822 4856 3108 1409 2311 3803 649 578 724 416 238 139 167 706 201 428 1045 866 359 601 857 1124 815 819 452 730 586 1175 935 1851 1652 2715 1047 1475 1894 761 1653 898 137 138 221 148 187 296 115 143 521 344 232 375 447 501 388 750 837 1074 866 622 582 411 300 241 295 211 287 237 294 238 250 132 262 410 246 265 347 280 203 45 90 401 940 245 592 879 1386 898 907 368 341
6660 7880 6963 5068 6698 8347 6671 5329 4995 5084 3658 3307 2604 1850 2319 680 807 635 921 809 2206 1624 233 623 661 725 702 627 1174 888 248 272 664 2198 1348 2417 669 3747 1783 670 1287 1267 1149 478 176 122 156 243 184 299 251 58 225 142 128 66 326 230 331 503 575 827 706 1006 931 381 281 396 198 177 341 102 243 419 489 113 142 191 607 613 511 138 114 266 112 544 1348 1297 400 1199 2840 1683 567 380 309 265
2780 5168 2806 1425 1942 4025 6150 8289 4084 4358 2713 2972 4631 2859 2990 710 1022 394 605 928 529 1147 573 1342 1223 490 508 856 1266 409 188 291 215 2074 1248 2318 2333 4592 2154 1216 1859 1144 1106 537 534 197 337 217 105 94 61 228 83 102 266 356 164 393 967 596 489 612 978 904 585 152 192 423 434 262 237 166 147 603 344 248 227 230 227 172 285 325 44 73 454 953 444 158 336 690 403 690 227 595 207 147
240 830 3076 2318 1835 316 1883 5922 3894 6941 4328 465 1839 1989 2464 917 1613 1979 2491 3201 2658 859 802 1050 450 158 840 544 833 741 667 902 962 3165 2750 419 1681 1974 1167 1662 962 468 932 1074 374 268 1685 1502 694 120 85 286 433 266 196 245 566 189 631 650 1655 660 339 275 416 258 220 409 63 188 69 48 380 572 373 271 317 240 355 445 734 790 21 128 349 386 251 499 542 291 325 724 450 440 485 33
