gis_files/frabi201314.asc
ncols         625
nrows         694
xllcorner     895000
yllcorner     515000
cellsize      5000
NODATA_value  -9999
[rows 564 to 610 of 694, columns 192 to 287 of 625]
6532 5350 7687 6982 8438 8522 9009 8457 7489 6586 5824 2436 459 1634 2000 3200 2238 2755 1785 1238 1606 1405 825 1706 2415 1164 593 2539 5445 4428 5977 4274 4426 2538 5710 5036 4138 4719 5749 3601 3887 7015 3559 1282 940 1631 2144 662 5606 7509 5529 4681 5422 4548 2940 3049 4343 6414 5435 6386 6567 4226 6231 5501 5838 6656 4802 4966 6347 5830 5398 5296 5787 5933 1863 0 0 0 0 0 0 0 0 0 0 0 0 0 0 0 0 0 0 0 0 0
5130 3317 5893 6800 7804 8712 8471 8551 8696 8788 7092 3110 1632 1381 2313 1974 4053 3915 1972 1888 1745 566 2672 3137 5087 1165 1209 2738 5359 5316 5273 5003 3871 3103 5201 3182 3739 5119 6202 5203 4033 7531 2270 2372 1256 823 1037 487 3076 3126 5718 4468 3746 4129 1791 3271 5680 4956 4516 5886 6473 5721 5960 6559 5339 5808 4352 4118 5413 5171 5136 5759 6907 4267 335 0 0 0 0 0 0 0 0 0 0 0 0 0 0 0 0 0 0 0 0 0
5618 4069 5699 7728 6796 7795 8394 6956 9245 7158 4832 1756 755 321 874 2021 2057 3269 2969 1780 690 1947 830 1343 1177 1854 457 3087 5922 5945 4699 7304 7439 3266 5655 6986 4555 4069 6078 5305 3167 5602 1189 2457 3058 1 830 3936 7356 5020 5872 4873 4916 6049 3413 3488 4606 3177 5202 6059 5963 6173 6833 6808 7047 5506 3960 5580 6300 4296 5686 6697 4431 932 0 0 0 0 0 0 0 0 0 0 0 0 0 0 0 0 0 0 0 0 0 0
3832 3790 4062 6545 3630 5857 6658 6429 3652 2560 869 965 0 0 38 1064 2107 907 2806 921 665 1007 644 0 499 2005 1159 2424 4458 5741 4678 7562 6029 5857 4575 5267 4187 5465 5474 5322 7089 2461 1496 1525 6344 3716 3057 4058 3361 3433 2485 2363 3645 3949 5943 6716 5216 5632 5932 6262 6789 6273 6773 6958 6434 5487 4214 5024 6039 4708 4663 3541 105 0 0 0 0 0 0 0 0 0 0 0 0 0 0 0 0 0 0 0 0 0 0 0
2219 4089 6744 5133 2560 4032 4782 5785 5067 770 114 53 3 34 14 125 0 0 331 258 127 0 1 1308 1106 641 1549 4671 2487 3786 6170 6697 6618 6776 2477 3679 4681 6392 4949 4285 6475 1340 152 1779 3521 3517 3718 3438 2066 1880 2087 5721 5483 6019 7163 6825 5869 5872 6742 7398 6892 6292 6637 6513 6563 7239 4121 5720 5936 5517 4295 1050 18 0 0 0 0 0 0 0 0 0 0 0 0 0 0 0 0 0 0 0 0 0 0 0
2984 4217 6232 2845 5453 3509 3327 3486 5586 4353 3426 225 1312 134 9 0 0 137 139 245 51 0 1184 403 366 0 656 430 701 3663 5544 6384 5615 5110 3689 3564 3746 6187 4865 3097 6024 4107 839 1750 1882 1234 1384 4935 3038 5056 4574 4325 5509 7370 6879 6815 6711 3669 3581 4930 7752 6645 7277 5645 7760 7269 5909 6731 6636 5902 1668 702 0 0 0 0 0 0 0 0 0 0 0 0 0 0 0 0 0 0 0 0 0 0 0 0
2983 5790 2659 820 1680 2316 4077 6587 5396 5741 1591 2492 2572 178 199 102 0 1 0 13 1 0 113 0 0 65 940 393 659 5799 6222 4326 3475 2702 4426 5212 4462 3976 1555 5449 4793 3818 3273 3665 1473 1667 645 5309 3723 3854 5475 4108 6263 7691 7337 6581 4157 4428 6345 3885 6686 7092 7678 6592 6833 7059 4811 6597 4561 4084 631 0 0 0 0 0 0 0 0 0 0 0 0 0 0 0 0 0 0 0 0 0 0 0 0 0
946 1326 1519 1976 1376 477 3565 6998 6660 6157 3971 1078 197 1819 859 19 63 0 0 0 0 3 184 0 0 660 1550 1288 1308 5182 5695 5171 6100 3998 3139 4579 5341 3006 2280 5294 4673 1400 871 2017 143 1088 463 976 5670 3450 5422 4424 4437 7185 6671 4343 2293 6338 5260 4722 6778 6954 7520 7316 6774 4555 4656 3812 3621 2683 63 0 0 0 0 0 0 0 0 0 0 0 0 0 0 0 0 0 0 0 0 0 0 0 0 0
1005 2368 696 1116 2302 770 2683 5842 5276 3196 2819 3396 1500 3667 4205 0 2987 1094 0 0 0 0 162 20 177 2107 2842 1981 1468 1307 2148 4224 4908 1806 3748 4668 3966 2013 5764 3618 3869 2337 2475 2360 1655 3208 6984 5250 7112 4344 4797 7309 6503 6944 6788 5238 1131 4602 6916 5316 5366 7954 6390 6485 5134 5859 3729 1586 40 379 0 0 0 0 0 0 0 0 0 0 0 0 0 0 0 0 0 0 0 0 0 0 0 0 0 0
1034 1853 912 601 2347 3049 3605 6868 2408 385 242 2949 3181 513 2238 1788 701 197 0 0 0 16 16 687 714 743 2213 1468 882 582 2390 7013 2935 3619 5630 4285 4375 4482 4434 4630 4246 184 2160 4575 6404 6091 4665 5704 5889 7689 6553 4936 5238 6740 7243 4017 3955 5543 6493 6278 6905 6622 7156 4325 5218 5221 3736 1996 1078 82 0 0 0 0 0 0 0 0 0 0 0 0 0 0 0 0 0 0 0 0 0 0 0 0 0 0
878 1448 685 552 672 1775 5408 4178 1298 0 0 4330 1096 3414 4778 5385 21 0 0 1 0 352 0 1221 1380 549 388 1449 1952 3524 3831 5492 1391 4827 7154 3032 5348 5943 5025 4979 2134 359 3836 109 1968 2875 1062 1923 6019 7400 7090 6333 2770 6119 5227 5315 6031 7355 7017 5056 5945 6755 7544 4863 3994 2886 2755 983 109 0 0 0 0 0 0 0 0 0 0 0 0 0 0 0 0 0 0 0 0 0 0 0 0 0 0 0
448 815 1283 725 467 1923 6904 5723 2209 72 48 1409 54 837 2642 1000 0 0 0 0 0 5 40 1188 300 597 896 750 2016 1880 1577 2363 5601 5511 1022 1325 5376 6938 5141 3017 350 699 3278 975 3275 2900 2669 6103 5833 4247 6904 5144 5109 5534 3763 6717 8305 8187 8416 8002 7598 7144 7632 4770 4331 2304 2273 781 39 0 0 0 0 0 0 0 0 0 0 0 0 0 0 0 0 0 0 0 0 0 0 0 0 0 0 0
1663 2494 2272 1359 3683 5854 5662 5684 1966 25 176 532 896 0 0 0 0 6 0 0 79 1443 393 1036 1436 452 751 669 2514 3029 1256 2257 4344 3174 3875 5124 6666 5455 932 845 220 174 1296 2558 2494 1448 2916 7076 5909 6808 6922 3860 6120 4291 5325 5746 7025 7439 7938 7038 4284 8451 7967 4163 4858 2693 731 13 0 0 0 0 0 0 0 0 0 0 0 0 0 0 0 0 0 0 0 0 0 0 0 0 0 0 0 0
1641 2234 1030 2148 2462 7499 5926 1545 43 23 232 2363 5354 0 0 0 265 0 0 0 142 1927 731 943 25 341 1417 3219 2815 2772 3457 1800 1290 620 1914 2292 5127 467 1036 1249 2104 3234 2539 3457 3491 3999 6938 7388 5107 3955 4091 5169 6047 6325 4240 3812 5815 5597 6609 5942 6385 8482 8361 4191 5754 3293 1607 373 0 0 0 0 0 0 0 0 0 0 0 0 0 0 0 0 0 0 0 0 0 0 0 0 0 0 0 0
4066 3369 808 2080 3504 4516 4713 297 0 15 235 5433 2031 1 157 435 2043 521 159 13 1855 519 758 753 193 1815 4076 4242 5391 5926 5577 1565 41 513 1752 2097 2080 1179 581 990 1159 2546 6147 1513 3216 2041 8478 7728 7774 5136 5133 6554 6211 5946 2520 5018 5314 6798 6568 5950 7090 6209 6942 5623 6134 6755 3803 1357 0 0 0 0 0 0 0 0 0 0 0 0 0 0 0 0 0 0 0 0 0 0 0 0 0 0 0 0
2218 2555 566 1366 1337 3917 3488 368 16 59 227 1069 19 1277 871 1668 378 1009 774 386 924 857 961 912 1568 3185 3645 4384 5137 6031 2036 0 11 3 2440 1236 1824 926 1415 2765 2143 6264 6604 5829 1397 2753 9421 8348 5827 5494 5494 5049 5380 4870 4926 5391 5703 6934 6729 7125 7219 7207 8721 7594 6014 4809 1297 8 0 0 0 0 0 0 0 0 0 0 0 0 0 0 0 0 0 0 0 0 0 0 0 0 0 0 0 0
447 566 2963 1591 2052 4252 1824 547 58 1 289 917 241 191 0 92 435 936 1402 3241 10 2730 892 1770 1899 1804 4201 3688 5128 6623 6693 1004 268 769 3550 1446 1821 2767 4048 4611 4589 4957 5172 5302 2166 3174 5055 8219 7789 7504 7107 5171 5657 5373 6465 6189 3752 6221 5879 4819 3792 3184 3813 7987 7420 5191 1328 25 0 0 0 0 0 0 0 0 0 0 0 0 0 0 0 0 0 0 0 0 0 0 0 0 0 0 0 0
1583 1759 1864 1118 2481 2107 1116 381 0 0 1 282 118 401 169 0 1762 1 919 98 2353 3564 1199 2406 3066 3288 2580 4066 6194 4975 3304 3348 4999 5888 3427 3113 6308 3412 2666 1034 1834 2725 2508 3048 1537 186 5263 8867 7843 7786 8371 7212 3545 5003 4986 4587 5504 4166 3136 1119 143 54 181 706 1846 3806 3029 0 0 0 0 0 0 0 0 0 0 0 0 0 0 0 0 0 0 0 0 0 0 0 0 0 0 0 0 0
38 396 0 1402 1913 487 1833 0 29 1169 221 1416 3026 1839 638 697 138 4 913 1996 1671 1261 2898 3579 3195 2837 2432 5245 3118 3361 2471 469 5164 4750 3743 1938 6246 6006 4712 6982 5252 766 590 1474 6061 6637 9270 8428 7955 4793 5661 8095 4145 5284 4158 4452 5750 6039 3386 4 189 11 63 404 339 3946 837 0 0 0 0 0 0 0 0 0 0 0 0 0 0 0 0 0 0 0 0 0 0 0 0 0 0 0 0 0
6 44 14 119 77 154 1746 0 0 99 272 1170 2718 2702 0 114 1 152 4826 1711 977 2602 7950 4166 2413 3590 2357 2222 1933 3179 4013 1803 2770 2978 1390 2222 4781 6208 6257 8714 7185 7243 7106 8615 8935 7388 8224 6032 7061 6918 6115 6826 6582 4655 6795 5222 4530 5751 414 70 72 710 350 3307 1764 4694 187 0 0 0 0 0 0 0 0 0 0 0 0 0 0 0 0 0 0 0 0 0 0 0 0 0 0 0 0 0
1 0 16 6 44 4 489 122 35 35 2085 34 1029 238 322 142 156 4303 4546 1446 1949 6042 8123 5361 1956 1864 1073 736 1785 2915 2436 3248 3904 3590 2999 6167 4834 3224 4221 6397 5213 5857 7503 7653 7732 7594 7935 6311 6621 4848 6598 6325 7633 5840 7480 6185 2274 1879 163 527 442 2431 6050 3939 3073 3692 143 0 0 0 0 0 0 0 0 0 0 0 0 0 0 0 0 0 0 0 0 0 0 0 0 0 0 0 0 0
1 157 3 39 99 87 336 611 781 3626 6594 5464 6229 2072 2955 6344 7588 7763 5671 1683 3367 7411 7927 2426 809 1305 583 1438 1027 4315 1567 3102 25 733 363 4138 4270 3876 6189 1844 3609 7345 7891 8496 8530 8162 7598 7080 7283 6823 7455 7385 7240 4689 4335 6103 3976 1952 3909 705 474 6154 5938 5644 5812 5334 1198 0 0 0 0 0 0 0 0 0 0 0 0 0 0 0 0 0 0 0 0 0 0 0 0 0 0 0 0 0
691 504 124 132 49 5 94 389 1991 6302 7820 5705 7461 8343 8068 7870 7924 8268 6958 4843 7795 6978 2184 325 1148 1049 680 442 2235 4212 548 2199 2137 4891 5942 4059 4822 3551 3748 3044 3934 4942 6808 8224 8938 8238 7613 7018 6973 4304 6854 8374 7366 6714 7232 8273 7020 6180 7692 6421 6707 5508 6855 8245 8342 5415 2301 0 0 0 0 0 0 0 0 0 0 0 0 0 0 0 0 0 0 0 0 0 0 0 0 0 0 0 0 0
795 600 35 29 0 1 1 88 10 2134 2944 7702 8169 8255 8471 5907 8431 6538 7087 7085 5894 2686 297 250 320 861 882 532 1001 2081 232 1667 4193 5592 4936 2224 4530 5835 7227 6725 5881 2915 1337 5262 8742 9009 8319 8313 6217 4023 6128 4843 7496 8713 9130 7268 7314 6475 6202 7980 7790 6667 7752 7597 7406 7092 4018 597 0 0 0 0 0 0 0 0 0 0 0 0 0 0 0 0 0 0 0 0 0 0 0 0 0 0 0 0
371 381 15 0 0 55 82 1128 1254 2331 2861 4783 6372 4276 2613 4101 7212 7653 7509 7222 2947 3106 4044 203 181 100 352 256 556 43 204 1256 3461 5295 1374 370 718 1484 5511 3347 776 354 3652 6705 7855 6351 6883 7875 6434 6805 6148 5241 6153 6857 7410 3579 2588 2579 5124 7442 8208 7462 8742 8904 7790 6340 5256 807 0 0 0 0 0 0 0 0 0 0 0 0 0 0 0 0 0 0 0 0 0 0 0 0 0 0 0 0
74 740 0 5 203 1328 2499 1962 2671 3781 2042 2482 1069 1527 834 996 1374 5447 6439 7564 5623 487 2851 2822 884 582 109 203 691 158 632 992 1567 3946 2223 36 18 492 5000 681 314 257 3285 7328 6959 8633 8456 7456 6757 7631 7307 7815 8002 7110 5103 945 331 1456 2431 6280 6862 3925 8832 8327 8773 4776 6790 3216 16 0 0 0 0 0 0 0 0 0 0 0 0 0 0 0 0 0 0 0 0 0 0 0 0 0 0 0
1 0 1 215 1180 3206 2407 1836 1815 2590 1643 2145 1064 978 674 307 282 843 1361 3362 6203 1810 3354 7728 6548 3165 697 135 773 211 432 606 869 7368 5438 69 98 547 5794 5279 243 100 336 280 1957 4754 8860 7493 8049 8206 8762 7770 6949 7153 3371 88 819 2721 5622 5130 7274 4202 8214 7604 6391 7725 8680 3673 98 0 0 0 0 0 0 0 0 0 0 0 0 0 0 0 0 0 0 0 0 0 0 0 0 0 0 0
0 39 334 2302 4525 2570 2077 1641 2479 3011 2408 2634 2737 982 667 241 149 228 460 524 5669 7096 7224 6244 7027 4934 552 314 1143 645 405 694 1917 6760 1455 19 49 3504 6793 6126 1210 502 72 1589 6064 5026 5911 3905 6947 7408 8749 7975 6941 7141 1263 119 783 4034 6075 6609 6937 7495 8381 5217 7397 7471 7329 5560 1025 0 0 0 0 0 0 0 0 0 0 0 0 0 0 0 0 0 0 0 0 0 0 0 0 0 0 0
29 712 3647 3813 2825 3974 2378 2328 2366 1946 1920 1696 1652 1458 824 211 66 137 502 169 4431 5935 6754 7741 7130 8110 3180 1989 3004 245 554 761 2635 3757 975 38 212 4907 6333 4132 5306 4355 3490 2898 5539 4575 6647 5779 6276 4414 7676 8520 7121 6924 616 167 853 6194 5459 7163 7687 6839 5755 6257 6756 8294 5521 4783 995 0 0 0 0 0 0 0 0 0 0 0 0 0 0 0 0 0 0 0 0 0 0 0 0 0 0 0
517 1149 2038 1420 2178 2766 2492 1869 1569 1592 2371 1661 1622 1076 1238 168 125 478 607 884 2698 5963 7023 5858 7255 7289 7444 5418 3039 1534 1119 406 1026 3895 4501 3783 5040 4074 1868 2452 3880 4605 3318 3620 5718 3022 3790 6873 7622 6216 6434 5562 5837 7254 2854 1149 3984 3357 6489 7505 5551 6983 7376 8319 8470 7445 3763 4285 2974 0 0 0 0 0 0 0 0 0 0 0 0 0 0 0 0 0 0 0 0 0 0 0 0 0 0 0
1471 1415 193 102 1624 1624 1300 1267 585 443 1036 1640 825 197 842 882 1020 547 5233 7412 7713 6318 7057 5592 5350 6325 7328 6026 3925 5281 4698 2525 1318 2217 3713 3253 4020 4410 2249 4162 3008 2590 5092 2746 7814 7062 5073 3808 3677 5864 7692 5977 4496 4453 6025 5882 5069 5623 7789 6183 8381 7713 5933 6813 5258 7188 5610 6678 3417 0 0 0 0 0 0 0 0 0 0 0 0 0 0 0 0 0 0 0 0 0 0 0 0 0 0 0
99 676 760 2265 866 679 345 524 263 933 2260 2464 1336 282 1401 1874 468 255 899 2263 4175 6116 7252 6681 6596 5789 5291 3347 2642 4163 4951 6035 4735 2203 2459 1683 3928 2773 4008 4318 2757 1494 2835 2466 5051 5992 5526 4911 4941 6269 6099 5100 6857 4900 3659 3704 5652 6548 6175 8235 9114 7518 6877 6760 5603 7416 7651 5694 1809 0 0 0 0 0 0 0 0 0 0 0 0 0 0 0 0 0 0 0 0 0 0 0 0 0 0 0
143 462 399 543 305 199 18 463 1051 899 287 835 2491 2229 3169 4059 3157 1422 1221 937 1547 5650 6589 5783 2911 4728 4531 4548 3630 4525 3717 1577 4548 1583 4175 2410 3975 3694 4457 2980 2772 1816 967 2291 4400 4235 6411 7708 7160 7572 7079 7195 5945 8029 6894 3763 4704 5886 8382 7461 6229 6808 5023 5613 7328 6785 6387 5655 1707 0 0 0 0 0 0 0 0 0 0 0 0 0 0 0 0 0 0 0 0 0 0 0 0 0 0 0
2037 3418 2824 1825 1320 80 516 750 349 164 189 849 1419 1218 3152 4546 4094 2948 1093 1749 1407 2727 4762 2441 5 128 10 105 125 557 2761 2915 6938 5222 4127 5620 4658 3214 3063 6159 2413 3078 4720 3945 5379 2776 5394 7227 6287 7371 6203 7100 5730 5208 7348 4668 7392 7567 4752 5428 6724 5986 5477 4636 6449 6518 3698 1923 92 0 0 0 0 0 0 0 0 0 0 0 0 0 0 0 0 0 0 0 0 0 0 0 0 0 0 0
2503 3300 1845 896 620 235 334 238 83 18 299 819 1254 1065 4221 2849 1992 1604 444 881 978 1096 430 18 28 88 38 45 4576 1606 2900 4886 5627 3665 5146 3845 4254 3156 6150 5521 3024 3287 7055 3951 4905 2678 4513 8274 7564 8255 8648 7710 6001 5227 3394 6345 7746 6390 5251 7011 7796 7365 6042 5744 4942 5376 551 0 6 0 0 0 0 0 0 0 0 0 0 0 0 0 0 0 0 0 0 0 0 0 0 0 0 0 0 0
388 480 403 993 227 408 675 135 386 455 878 805 3017 4855 4851 3246 901 296 79 733 573 218 281 603 25 63 232 1550 1111 275 1065 4295 3236 676 904 2747 3431 7289 3588 3743 4257 3555 5598 5139 8234 8697 8679 8905 7278 6317 5802 3620 7077 6172 6695 8107 8771 7949 6924 5247 6761 7332 7740 7827 7038 5980 5822 2580 112 0 0 0 0 0 0 0 0 0 0 0 0 0 0 0 0 0 0 0 0 0 0 0 0 0 0 0
95 66 294 3066 2372 1799 1036 485 759 1453 1397 2121 4981 3975 3808 2613 518 83 329 4094 3349 2257 1278 1968 3830 1210 940 526 138 336 469 1020 1014 917 1716 2370 1484 6369 6939 7608 8955 8478 5622 1631 5754 6098 5978 3795 5462 7224 8160 7694 6770 8368 8266 8642 8830 9260 8471 6893 7523 5802 7282 7105 8093 7553 8055 5701 105 0 0 0 0 0 0 0 0 0 0 0 0 0 0 0 0 0 0 0 0 0 0 0 0 0 0 0
51 119 139 1603 3997 2837 2393 2104 2020 2170 2879 2723 3452 2429 1875 2284 975 573 1463 3133 360 542 188 148 1123 4350 867 139 230 164 317 702 1300 3345 2824 2484 2604 4190 5499 6869 8585 8650 3783 1777 5529 6726 6286 6698 8708 7810 6899 7804 6167 7436 7790 7683 7175 7880 8149 8950 8017 7069 6135 6198 7398 7854 7768 6359 1303 0 0 0 0 0 0 0 0 0 0 0 0 0 0 0 0 0 0 0 0 0 0 0 0 0 0 0
1882 1547 90 426 4587 4413 2780 2718 1957 3477 4245 2844 2644 1913 730 631 539 4515 4949 2296 375 582 818 383 28 501 196 423 435 457 435 962 1267 2628 2663 3850 3774 3120 3823 1989 3373 6157 3756 1519 6407 2730 4768 5230 5714 5533 6257 6198 582 4390 7543 7747 8190 8106 8235 8130 6814 7549 6904 4421 5324 5863 7407 6934 626 0 0 0 0 0 0 0 0 0 0 0 0 0 0 0 0 0 0 0 0 0 0 0 0 0 0 0
3664 1372 285 1969 3426 3934 2553 2258 1623 4237 6652 5290 4395 3248 1850 2509 654 2329 420 1249 268 882 928 1032 94 271 221 684 792 896 1252 701 1434 2865 2906 4212 2949 3393 2233 2144 1810 3302 3931 2623 2015 2074 5512 3736 5654 5189 4541 3123 3499 4014 7657 8500 7638 7906 7785 8170 8450 6449 7303 6731 7758 7084 7023 7390 878 0 0 0 0 0 0 0 0 0 0 0 0 0 0 0 0 0 0 0 0 0 0 0 0 0 0 0
2323 1386 577 1588 2155 2183 894 2634 2289 2925 6045 4654 3798 1384 2829 7018 4560 2891 499 988 512 457 1343 856 562 439 346 1285 1555 1549 1767 1515 2622 4122 4770 5004 3047 4040 3468 2883 892 1963 2253 1872 1061 1468 3673 5097 3451 3486 1589 4906 3841 3184 8118 7940 7829 8447 8160 6350 7815 7229 8344 7624 7856 7844 7767 4236 1285 0 0 0 0 0 0 0 0 0 0 0 0 0 0 0 0 0 0 0 0 0 0 0 0 0 0 0
2217 597 3191 2239 1814 2358 524 569 1986 2787 3610 2814 4187 2965 5511 5616 2750 1671 532 657 768 1064 2849 2901 1054 628 1085 2045 1638 2331 2763 1254 2268 4261 5914 4278 3113 3674 5181 3838 3214 3456 4373 1973 1005 1877 3435 4187 3529 3190 1563 1384 3462 7314 8087 7555 8377 8470 8052 7639 8496 7220 7894 7963 6860 7974 7252 4003 636 0 0 0 0 0 0 0 0 0 0 0 0 0 0 0 0 0 0 0 0 0 0 0 0 0 0 0
453 26 2179 3458 3154 2533 1441 2351 3472 2898 4960 2549 4797 4264 4398 523 2321 685 314 1282 749 1754 3884 4040 2540 1253 1690 2397 1366 2351 2278 2545 5038 3483 5163 5312 5576 2045 6939 5187 4456 3997 2807 2569 2163 3803 4527 4128 4269 4739 2541 2681 5062 7558 7766 7993 8249 8362 8507 6752 7101 7777 7358 5982 7358 6845 7213 3476 314 0 0 0 0 0 0 0 0 0 0 0 0 0 0 0 0 0 0 0 0 0 0 0 0 0 0 0
0 0 159 2129 2459 3145 1253 1524 5015 6702 6833 5602 6991 8425 3609 1579 4083 1267 1389 2982 2235 2530 5519 4966 4182 2402 1850 1785 2506 3547 3708 5478 2691 3372 6515 5388 6514 5262 7615 4712 3569 3024 2778 2479 2864 4676 4314 4377 3211 3517 2742 4379 5235 6826 7171 6885 6203 7493 7360 7416 7262 6012 7075 6075 6103 6337 6366 483 455 0 0 0 0 0 0 0 0 0 0 0 0 0 0 0 0 0 0 0 0 0 0 0 0 0 0 0
0 0 65 1056 1303 1557 152 207 3458 2898 5798 4839 5168 6303 3014 1994 3838 2129 2530 5046 3739 2661 4178 4492 2824 3314 2605 2164 3463 4589 5571 6444 3840 3836 5546 4957 5823 6123 5783 4482 3213 3472 4099 3066 2911 4198 4872 4881 4029 1310 3189 4333 4683 5838 7362 6450 5787 6374 6001 6584 6074 6641 7069 6663 6681 8164 3367 1693 636 0 0 0 0 0 0 0 0 0 0 0 0 0 0 0 0 0 0 0 0 0 0 0 0 0 0 0
0 0 4 223 10 43 87 0 9 3 465 1006 3423 3811 3902 3093 4220 3032 6118 7533 2629 2168 935 7184 5427 4496 4954 5368 5211 5927 6757 5110 1355 1821 2742 5775 2799 4807 5970 5529 5183 3437 2805 4473 3680 3885 4364 3340 5931 3376 5051 5262 4496 5799 6143 6682 3399 3453 2733 3557 5597 5681 4850 5340 3280 3334 2011 807 1544 18 0 0 0 0 0 0 0 0 0 0 0 0 0 0 0 0 0 0 0 0 0 0 0 0 0 0
0 0 35 0 24 48 49 28 4 3 0 276 351 603 3125 4955 4329 4133 2253 494 0 792 627 5028 8416 6962 5102 4324 5321 5351 5972 4685 1864 6670 2733 5509 4651 5161 5348 5897 5827 3249 3190 3285 3374 2353 912 2869 2990 5290 4648 6114 5284 4782 7129 7193 4617 3519 3076 3716 3611 2856 2755 2186 3177 3667 1450 2716 1673 0 0 0 0 0 0 0 0 0 0 0 0 0 0 0 0 0 0 0 0 0 0 0 0 0 0 0
