gis_files/frabi201314.asc
ncols         625
nrows         694
xllcorner     895000
yllcorner     515000
cellsize      5000
NODATA_value  -9999
[rows 282 to 328 of 694, columns 96 to 191 of 625]
2060 4924 6882 8472 8299 6419 5230 1879 444 449 848 607 1012 295 704 1716 684 2038 1332 2005 3673 1756 4661 7477 2308 405 951 1247 2883 5983 467 23 26 184 93 321 43 122 255 290 2148 3907 2715 1507 3307 2033 965 3401 1994 1217 2003 3101 3473 1301 2002 3251 2822 3692 5307 6608 7980 4147 4305 2178 1116 2046 273 162 1867 6818 4493 2124 981 59 1757 360 0 0 0 21 0 130 5957 8081 9617 9260 9196 6673 6961 9275 9595 8960 8450 7250 8145 9306
6335 7309 8733 8983 7391 7856 1601 1172 978 449 395 1692 1805 539 847 1198 300 1330 4374 1254 3297 3192 1769 2214 92 61 416 3815 1507 701 0 184 886 518 371 191 207 55 888 506 946 3595 4616 5368 3016 4329 5137 5497 3118 3870 4399 1976 2052 2499 3477 4180 3224 3414 5102 7866 4903 1229 1243 3379 3680 2866 597 45 850 1747 3560 2235 1226 1742 1963 1041 0 0 0 66 0 0 1183 9252 9669 9510 8910 7991 3999 7481 9102 8820 8684 8901 7544 9067
9118 7403 3812 5099 1877 1671 194 899 616 554 641 484 1484 341 963 400 692 1172 2742 2844 228 465 371 25 245 182 2925 3007 113 40 46 556 1987 183 766 534 270 474 593 2040 1982 3526 4626 4444 2185 2673 2373 1814 2204 1953 1746 3864 3218 4260 3787 4132 2911 5006 7002 2294 36 50 2804 6332 6350 7772 2844 1717 716 548 813 423 360 8 14 0 0 61 0 626 217 127 0 2629 9013 8837 9079 8268 7562 3862 9397 9668 9512 9601 9404 9053
5961 1222 434 561 18 1134 49 222 194 2225 1833 20 1273 415 416 317 748 982 1076 1298 1780 11 124 15 1074 2678 3953 598 218 209 227 997 442 164 404 310 1325 617 1951 3221 2091 1544 1785 3631 2136 3236 3339 1680 3457 3122 5255 5565 6535 5603 4101 5539 4703 3973 1335 1616 292 559 1994 6451 7210 6944 7183 5832 3047 2555 3091 3092 1493 789 1617 4163 251 0 0 0 0 1761 993 0 4009 8643 8166 8369 9224 5423 5626 8250 8256 9710 9171 9623
2560 608 869 1011 208 290 418 532 746 3482 2208 2561 963 135 295 213 647 704 1800 1306 2317 697 356 240 314 1012 1399 151 736 99 321 1084 818 337 529 1017 916 1243 640 1317 327 2809 2173 4622 3407 3382 3101 3519 2773 3698 6675 5000 4528 6788 5092 6090 3480 4256 2701 1697 580 267 473 1002 154 424 899 2829 1488 3413 3667 990 316 903 1327 699 6 1064 684 637 0 784 6336 238 35 8687 9893 8319 9782 8659 8363 9318 7790 8713 9515 8936
2624 1049 1805 699 943 611 335 1231 1198 5337 497 1041 1335 883 470 577 258 524 593 1291 1494 0 171 586 2065 672 809 425 321 207 181 432 1120 363 179 151 647 642 813 711 2270 3718 2851 3502 5356 4956 4497 3639 5851 4619 6020 5039 6860 7289 6903 6316 2699 3460 2954 2313 532 1264 577 0 14 1106 92 1359 58 95 10 4 272 1212 691 77 16 2753 4045 621 0 391 8073 3545 0 4304 9369 9192 6966 8697 9196 9660 5596 5245 8223 9260
7281 4960 6936 5938 4058 827 754 2683 5374 3537 1049 83 2916 1662 408 1057 557 670 756 531 352 0 498 1288 4782 1410 3 171 253 161 103 69 1720 916 433 511 1622 730 798 1848 3943 4384 4945 4340 6286 5115 6342 6747 5593 5854 6884 7023 6228 6853 5611 6760 7577 4875 445 1192 585 1997 2060 381 1056 2437 1360 104 192 945 152 406 64 819 611 0 0 1076 5138 6646 5044 4908 1571 3845 24 178 6390 9447 5502 9224 8978 9580 2885 6512 8842 7952
8907 8724 9029 7820 6287 2781 2161 4224 6750 4525 1128 3564 2282 1692 1195 1450 578 685 379 1001 1899 1539 2130 2656 3564 738 0 89 127 196 4 13 167 2096 1599 118 1178 807 1593 3739 4669 2432 3830 4625 5231 6821 5608 6401 5935 6714 6646 7353 6693 5794 6879 6248 8675 7464 2383 1422 158 53 543 151 100 2548 2393 2006 1734 429 270 252 364 893 0 0 3 0 3620 6157 7347 6410 7676 2973 4 0 763 7121 7567 9449 9623 9392 2072 5024 9217 6952
8374 9518 8901 8141 6345 5721 4308 5439 4447 5544 3583 932 514 2860 1629 1702 5246 5597 1867 26 140 3951 3322 2370 203 800 398 1362 833 212 120 11 13 419 539 265 557 1530 797 2275 5820 3179 3347 5878 4326 6036 7700 4747 4138 6199 5364 5937 7816 5114 2641 4257 8391 8023 4883 2196 280 4 140 11 8 44 0 64 1800 4142 3734 677 630 818 0 10 147 0 120 2085 7311 5829 6071 5384 1525 0 0 2163 8758 8907 9729 9516 2801 3482 7401 7940
8225 9153 9278 8905 9331 7876 3864 5808 7622 7311 5334 1966 2417 3151 1609 5295 5442 2445 213 16 1617 6060 2240 578 603 385 0 89 352 68 21 267 8 1009 276 522 3374 2711 787 3160 6326 6188 4791 6897 7326 7082 3817 2773 3177 5099 4875 5756 6826 5401 2582 5814 6586 5528 3325 4927 675 49 6 25 2377 3733 1387 40 932 9 146 988 1337 21 0 18 18 9 0 0 4196 5612 3470 6890 768 1495 4 9 5419 9380 9290 8815 5857 0 2610 2806
8199 9418 9388 9370 9212 9635 5842 6285 8038 8399 8312 6445 5324 3968 5675 6129 5832 149 33 90 5133 2087 5480 3584 58 35 26 258 97 31 404 1430 250 1371 445 322 2847 1076 1130 1941 6005 5480 6561 4431 7248 5989 3802 3485 3499 2810 4002 5814 7238 4740 4770 7204 7020 6266 7748 7856 5651 174 883 1984 4591 2012 404 4482 3481 0 82 0 0 0 128 0 3 312 127 9 4872 6088 6263 5014 5928 297 828 1029 3387 9614 9264 8269 6275 1115 4 1926
9136 8472 9141 8378 8125 6967 6325 5497 6622 6005 4585 5348 4906 6446 3485 6310 331 11 6 3307 3700 2896 501 1755 6 64 275 852 99 24 2116 814 462 598 53 374 2101 531 1775 2480 6280 6661 3382 4556 5962 5315 4360 3184 3273 3127 3935 6845 8402 5977 6936 6963 8019 6706 9257 7661 7021 7449 8914 6725 1040 13 3 329 827 4 0 89 14 0 1 0 360 444 1949 2181 6677 6345 6257 4315 5581 438 2674 1671 1197 7633 9527 9181 7579 3633 809 3734
9064 8122 7672 6794 8640 8320 6200 5802 5289 4108 4365 3808 2206 4227 3650 3014 6310 3409 2417 4557 3727 0 0 0 799 2143 1410 1098 324 621 2622 41 129 39 25 524 1764 631 2689 2583 1328 640 501 797 948 3943 3264 3860 3680 5482 4970 7697 7761 7158 6498 2551 5617 7668 7605 4163 3039 7503 8749 8971 8489 4734 1939 58 1064 1766 1197 1414 301 437 56 0 982 1455 552 2979 5497 6729 7047 6820 5849 3842 1067 4010 2619 705 6986 8374 7634 2165 5222 729
8876 8909 7875 8983 8357 6722 6780 4528 2984 4271 3497 1216 601 1085 675 2220 7799 5163 3478 2768 169 0 31 14 49 921 1071 1350 667 59 1249 59 518 927 56 393 299 292 960 135 282 31 146 220 34 553 1212 2825 4415 5849 5642 6848 8653 8731 6937 4660 3759 6493 5766 5384 5840 7040 7597 8536 8146 8032 8190 5310 3585 2597 547 135 1647 225 26 0 2160 7051 3496 3117 7451 5735 6369 6993 6478 5795 4069 3077 4448 4383 450 1853 3002 5277 8564 2455
8973 9141 8532 7983 9373 8712 6602 4472 4373 4977 6254 2127 986 3 914 4871 5257 3780 965 231 56 127 18 68 1547 1177 147 3230 225 501 987 56 1900 1652 142 78 124 88 61 489 172 93 1362 952 0 107 650 723 3580 6362 6070 6568 8470 7096 5675 7430 4728 7348 5938 7455 4646 5636 7568 7758 8526 8180 7765 9119 8660 6569 4397 2731 1481 361 0 38 1322 6185 7215 8751 8839 8511 7281 5922 4774 6765 4916 6545 3761 7583 5899 3522 513 1840 1192 6813
8649 9473 7293 9196 9071 8841 9451 5828 4240 3850 4357 1114 2989 3223 5541 5312 2500 347 0 0 38 98 18 1845 1641 2209 1267 1959 35 1297 1337 1382 2998 1374 0 0 262 206 129 124 34 364 993 1730 475 146 148 0 968 5925 8157 9187 8241 6277 6174 4260 4128 7284 5383 8510 5408 7288 8468 6714 9140 9178 7479 7456 8317 7886 3156 6924 3081 147 919 495 2136 6026 8083 8615 8280 7993 8026 7878 7791 6702 5470 6793 7126 2629 6174 3729 852 6484 5413 5105
8195 8312 4851 8897 9571 9525 9448 4807 4082 4260 1436 2327 2593 6419 1732 257 28 36 13 0 120 110 29 2355 1170 3502 3194 2487 9 1527 2382 1109 834 1714 0 0 468 363 337 162 842 927 1538 2262 1998 327 51 0 63 2536 8214 9507 8308 2679 4314 4057 3659 7130 7538 6695 7375 6641 6687 6638 7398 9379 8703 4265 8170 6144 4200 3442 98 2150 3831 2111 2086 8213 8236 7195 6382 8080 7026 7574 7723 6276 6530 7405 8111 6675 3182 1184 6084 8623 8239 7002
8546 8122 8320 9156 9567 9071 4715 8579 7564 9020 6261 5108 3485 834 2891 704 1661 463 178 89 10 38 1325 1459 2196 1685 1021 830 9 834 2347 358 1924 231 0 14 268 65 622 1428 1108 2321 808 1786 1771 1730 66 280 586 2191 4916 6115 8697 1071 2765 1183 1813 2082 8618 3565 4309 6449 6435 8737 8060 7743 7824 6014 8939 6568 2119 567 46 6445 8367 5560 7590 8689 3497 3914 7642 7605 6905 5600 6471 3615 9178 7760 8713 3675 5687 1254 3122 5909 6766 3171
8782 8643 9236 9517 9333 7500 6242 8608 9106 6228 4888 3700 4555 5672 3519 2661 2065 1599 3579 363 651 419 3869 2504 2510 1449 263 286 440 2001 2866 1182 0 0 134 0 75 497 1 1233 3024 514 705 3386 4727 1004 114 369 1426 1138 70 74 912 297 301 2283 2827 309 4055 2909 1948 7224 7434 8970 9318 9438 7198 7107 5798 4855 582 4659 6170 9477 8427 8630 9130 7993 4906 6349 7220 7618 7199 4596 4599 4779 9117 7372 7758 1865 1052 350 2572 474 4548 194
9114 9299 9219 8649 5970 9257 9476 9133 7782 6996 3482 2208 6088 8707 4458 336 1281 3293 3241 692 2040 3302 2944 2836 923 1844 838 129 271 951 3667 804 0 1 0 0 378 1014 13 572 3714 4550 2484 1786 3436 1138 432 1263 595 459 99 5 1 48 0 971 1944 2720 709 1361 432 7185 5829 7252 9202 8578 6665 7775 7580 9363 5674 5199 8046 5390 9018 7252 7510 6256 2661 8596 5904 5482 5788 5741 6241 5448 9142 8324 6404 1121 250 581 2619 2070 2790 902
9412 9389 8689 6498 7878 9828 9776 9437 6843 8634 4305 2737 6523 8682 7957 3488 7326 6949 3332 326 1974 3007 3352 2196 192 1110 53 34 55 802 394 1 10 36 193 8 134 787 351 2306 2304 5805 5914 1655 1676 223 97 88 24 135 484 6 14 90 26 19 1454 3672 2928 3485 3830 8235 8457 6128 8963 8458 6909 7673 7515 8256 7432 6085 7885 4146 5660 7496 8091 4927 6673 8251 6450 4237 8157 7584 5245 5710 4685 8520 6346 2460 3042 2017 1673 1070 3458 1080
9316 9235 9567 4832 9719 9814 9347 9730 8987 7874 6424 2080 5189 5455 8825 6815 4615 2275 1002 3057 1593 1967 4954 2763 569 2121 682 8 92 15 5 0 11 0 287 327 135 506 168 1269 2554 4600 5882 4397 3766 1598 120 1205 167 1835 593 1544 2945 1618 30 5 582 730 1858 3408 6794 6739 5685 7064 9207 6833 6278 8166 8551 8698 8455 8016 7471 6789 3823 5379 4979 4246 5938 6147 5899 3655 8337 7257 6627 3245 4058 7806 4828 5253 6347 7210 2925 3335 1747 2179
8187 7370 7045 8272 8870 9328 9383 8988 6869 7970 5699 4086 3539 4858 7524 5670 5144 1330 4290 2924 1941 1895 3585 2388 3880 5942 951 850 582 3 53 11 21 31 146 781 1306 334 221 164 2003 3417 1814 6370 2952 1179 395 188 470 2610 7048 7441 8428 8052 247 1133 1386 128 5558 7106 8546 7558 2150 4552 7243 5020 6162 9094 8154 9143 6695 8223 6184 6524 6203 6273 2529 3521 3806 4471 5534 4487 2970 5062 4270 2715 4993 4735 4944 3392 8934 8205 3596 3491 2932 1105
7080 4044 8609 8702 8652 9038 7639 6263 4109 4814 5575 5879 5134 6322 4331 4932 5144 4734 6317 784 45 0 4018 7511 6992 7583 4629 1345 2223 1226 8 173 283 437 800 172 391 84 98 833 2672 2577 3154 5336 4395 4417 3083 394 381 904 7476 7894 8604 5319 157 1623 751 1746 5947 9409 9294 7728 7771 5630 3762 7864 6854 8194 6675 6328 4456 8542 7540 4719 3131 6577 7395 5330 4912 712 1138 1844 3685 1665 3640 3088 4108 881 3349 3566 9330 8507 4636 3540 3142 1357
4086 7311 7799 5661 7491 6450 6021 5976 5758 3261 4954 7042 5453 5532 6322 6966 7755 3776 992 5015 5299 5335 7712 8113 7410 7293 2516 4530 1012 172 97 361 1318 442 1145 645 1762 1286 1232 615 935 2924 4545 3118 5981 6178 4585 2357 1571 1056 1706 8659 2954 1129 1234 178 2599 1745 718 8077 8628 7943 9039 7173 6606 8298 8751 7723 7352 5628 5408 8687 8487 4564 5063 6492 8425 6617 6106 1686 553 950 2821 928 3354 3231 3218 3855 3197 4426 8608 7376 4892 3757 3149 2573
4083 6523 6391 7010 7178 7440 8624 4867 3910 6199 4584 6416 7510 7341 7136 6106 6824 7094 4880 6872 7403 6974 8394 7845 8841 5580 719 3537 69 1331 4212 242 863 1193 850 1313 1419 1910 2272 2979 1932 3085 1850 2062 4819 3984 6257 4171 2467 1741 1682 6471 7422 4639 0 163 2027 1964 1519 7481 8065 7864 8246 9543 9352 8827 9559 8634 8732 7243 6084 8108 4995 2919 2785 4724 4346 4807 5494 4162 1055 1128 2470 2045 2964 6529 5941 7110 4328 5410 8250 4363 4937 5275 6577 2745
5355 6946 8482 6711 4729 4569 6801 8422 8748 8152 7998 8944 8859 8744 7573 6627 7855 7534 7259 6744 4138 8849 6451 8737 8826 8782 2653 1 415 4362 327 207 82 464 1824 1025 838 1192 539 2339 2116 1882 1213 2676 3516 3820 4290 4229 1956 3167 761 2904 6167 6430 824 35 993 2501 889 6586 7388 6347 8939 9296 8531 7419 8913 8667 8854 8536 7457 7979 3783 3255 4906 4974 5610 4288 5315 5577 3734 1188 1798 2390 3394 7075 7107 8152 5354 4924 3907 5499 7933 8985 8027 3318
4902 4801 6238 6297 9140 7056 8085 8975 9255 9456 7045 8744 7357 8342 9140 7592 8441 8352 6547 7406 8762 8832 4408 6135 8388 9068 4665 1088 2297 2590 394 394 3 452 1039 1794 4067 1005 281 2027 2698 1584 1000 2987 4976 4808 3895 3840 3386 2758 2314 3837 7451 5830 2116 0 924 1745 1348 8901 8792 8292 8506 8647 8477 9019 7865 8583 8462 6071 5618 6931 4237 2968 4384 5132 5277 5100 6504 4862 3354 1599 3786 3985 1489 5220 6869 6667 5450 2890 3640 6386 8733 9151 8367 5726
6296 6688 8068 8864 8714 8603 8623 8215 8576 8413 5068 8166 7843 9108 8688 8016 9360 8653 5305 7131 8486 7402 8167 8036 8930 7658 5961 3438 4502 1917 98 60 838 1602 2262 859 2309 723 312 781 528 892 838 3611 3245 5394 2996 5077 3950 4200 1592 3606 2913 4473 3504 172 1877 779 1793 5123 8269 8990 8554 8070 9168 9083 9015 6730 5527 5223 6701 4587 6241 7281 5273 4482 6979 4685 7548 4419 5547 3570 4996 6681 3480 1326 6964 5935 5386 1919 1519 3956 8362 8949 9476 7973
4589 4338 7397 6968 7550 8221 8186 8383 8329 8545 7250 8926 8938 8039 8839 9326 9293 5642 5656 8861 9191 8569 8509 8097 8639 3673 3457 5399 5312 1804 612 371 73 1569 773 2137 366 5 102 172 134 518 1133 3654 2291 3623 4478 6084 5898 4227 5122 7442 6412 2767 4502 156 2129 1882 763 6446 8864 8564 8450 7743 7368 9472 7242 5297 5790 6100 4651 7844 9216 8688 8652 5958 5358 5163 8208 7904 5585 3669 6086 6571 3369 2130 6338 8404 7357 3811 3061 3044 6091 8539 7065 7276
1316 5600 6810 7896 8236 7851 7332 7061 5928 8445 7528 8144 8584 4797 8901 8812 8588 7839 7712 5440 8322 7893 5931 1742 5339 1857 2021 5968 5771 7242 3423 3939 524 25 55 238 661 835 103 260 876 1662 1643 1065 2723 3542 5105 2263 6068 2368 7854 3856 4034 2392 2372 1414 3847 1021 1006 5925 8907 8142 6749 7096 8431 9212 8106 9166 7963 4058 4934 9152 8706 8950 7918 7701 5179 4551 7904 8775 8002 6207 6631 6524 6984 2132 5556 9168 8310 5671 3565 3683 3717 5716 6995 7160
2198 3135 6532 7903 8396 6941 7101 6953 6331 5825 7085 8359 8677 9300 8966 7992 8490 8142 7848 5337 6676 8182 7080 5893 5888 6084 2293 5593 6626 7168 1943 3264 4355 991 0 0 72 222 241 41 1162 3486 1558 1564 1786 3364 5201 3330 7996 6132 9132 5281 11 2267 4 1287 503 677 2275 8407 9262 8876 8484 8055 9241 7965 6686 7939 5128 7649 8654 9131 9643 9000 5703 8497 6952 5435 6479 7352 8805 5523 3537 5222 3384 2878 7551 8422 4808 8012 5646 4778 3631 5381 7618 8300
1553 2653 5586 6443 6946 6761 8060 6331 6119 3993 1909 8580 8712 9443 8406 8075 8036 8361 7886 2975 8283 5839 6781 6947 7489 4186 1203 1706 7480 6460 4852 4586 6123 1848 877 495 16 1185 507 74 1998 2524 3664 4127 3333 2874 3988 6907 8303 8499 9000 4824 14 3742 459 460 894 197 1218 7191 8482 8433 8144 8081 7910 7874 8241 7348 5857 8455 8935 9576 9137 8997 7854 8604 8388 8415 8113 6736 9176 8303 4310 2837 4137 3490 5567 8722 5792 8522 7140 8248 6540 8259 7513 8987
1456 1889 6276 7375 7247 8021 4216 7376 6247 6105 6046 7968 8135 8701 8736 8026 8954 6953 6333 3905 6331 4872 6111 6021 5691 5062 6813 6697 4625 8576 4234 6617 6327 3756 2574 720 568 1721 2377 1261 405 1195 3491 6128 5189 6095 4876 6140 6045 8215 9336 7860 1726 2016 13 94 833 440 231 7219 8460 8226 8426 8026 6818 6687 9161 7013 5840 8031 8043 8576 8269 8693 8579 8542 7955 7210 7869 6683 7046 9209 4335 1958 3912 2286 5240 9199 6779 6597 7996 8329 8136 8616 8748 9220
1375 4162 5198 3117 2499 5889 5583 5671 6302 8997 6937 7844 7760 8786 9497 8438 7020 6804 7268 1604 5181 6836 7781 8643 6448 3859 4679 8022 6609 7140 4459 6949 5363 4219 7836 4710 2109 922 260 1931 1049 586 3803 5618 6126 5438 5394 6732 1249 6104 9180 5208 2184 4 70 999 675 690 1389 1961 6366 5956 7837 9269 8529 7819 9254 7529 6025 8944 8509 8920 9617 7564 7234 7676 5023 7777 8968 8325 6806 9177 6739 5506 3702 3349 7242 9395 7930 6677 7658 6504 7777 8971 9473 8500
1562 1357 1281 3476 5618 4956 5744 4329 6593 8714 6828 7549 8122 8885 9424 9269 9048 8318 5055 4855 9079 8250 6982 8325 6932 3556 6890 8085 6923 4982 4996 5147 4754 5411 5280 3746 1017 635 2190 1545 802 1695 3669 2967 6596 6320 7854 5734 3220 3556 9340 6224 146 199 623 581 731 1182 2210 1998 1803 6972 6312 7534 8749 9137 8280 7414 7661 9610 8699 9675 9501 7580 6439 7608 8514 8160 9344 8394 8208 8907 8654 7637 7062 2125 4776 7481 8341 6020 5442 7584 7085 8066 8775 8714
1998 1692 2924 2891 4725 4605 6894 6949 6928 7915 7355 6872 8105 9118 9133 8048 9094 6776 4087 6603 9156 7046 5600 7074 7666 6426 7718 6034 6179 5656 5782 5151 6535 6624 4035 2036 164 1200 2688 119 2173 1657 2107 2958 5931 2007 4122 5656 8304 8341 8328 7345 415 1799 1204 235 1627 636 1677 5008 2622 7469 6148 8466 8696 8709 7806 9251 9379 8325 7805 7391 9523 5240 5187 6029 7533 8018 6693 8401 7037 8530 9064 9066 9022 4294 2395 5926 8384 9421 7469 8132 8347 9428 8855 8619
1493 2460 2647 2949 3335 5420 5025 6949 8329 7555 7731 6069 7970 9176 8522 9059 8051 4776 7003 7122 8808 6537 5810 5800 8369 6923 8314 5857 5088 5675 6278 7835 7506 4575 4589 4331 1296 2375 1627 1277 425 2087 2145 1766 2579 6177 365 3024 9535 8633 8949 5178 788 4349 2899 2821 499 1987 497 1573 2914 4469 6064 9188 9271 9649 9098 9640 9057 8076 8205 4113 7958 4758 6116 8690 7278 9078 9276 9008 8657 8203 8354 9058 9069 5243 3748 6796 7756 8679 7688 8081 8422 6129 8213 9378
1105 1395 1443 4033 3202 3810 5258 6276 6759 7629 7254 6854 7792 8446 9207 9284 6247 8620 9197 7376 7425 5987 5635 7101 7811 6465 6907 8689 6233 7165 5692 5173 6431 6681 6140 4352 479 270 73 1017 369 314 1272 5198 6154 5912 1217 2434 7881 6202 7780 1369 285 2889 389 2717 1375 861 552 542 3333 1913 4846 8800 9103 9056 9505 9600 9057 8623 8837 8642 7091 3959 6902 8007 8146 7264 9352 9560 8954 9576 8113 9216 8678 3856 3640 5914 3773 5113 5090 7181 7930 5660 8137 9222
1356 2284 4251 2200 2175 3307 4364 5432 5048 5187 4188 5149 7496 8968 8683 8359 6798 9367 9234 6983 7624 7028 7053 8525 6841 5598 6721 6510 6836 7380 2610 928 3591 5477 3051 1266 778 3608 1850 49 294 1320 1341 4346 5454 2319 3494 1140 5053 5156 901 1717 716 445 1272 1030 1918 1786 252 945 5115 745 1493 4196 5396 9614 9592 9648 8754 8644 9244 8509 8353 5892 8121 8254 8569 7450 9173 9472 7555 9507 9620 9394 8175 4251 4457 5760 2743 6110 4476 5429 6162 4979 6939 8512
1327 1589 2948 2439 2521 3433 4167 6320 6423 6118 6894 6524 4093 7885 5299 2400 5429 8734 9235 5906 6953 5489 7982 6898 6435 7948 6736 6286 8536 8241 5418 182 1811 3874 6351 3782 4172 5992 5685 4492 1204 1445 874 3450 4234 2529 3763 1489 2286 3200 4565 1790 25 256 1001 2185 396 1389 1276 781 1505 3 2066 4842 5790 9364 9481 7536 8093 9727 7255 8637 8783 9074 8344 7210 9048 8639 7505 9468 8248 8478 8762 9015 8697 7735 7148 5429 7184 6396 4817 4096 5581 4127 5413 8409
1528 1093 1749 3999 5235 3911 5945 5562 6677 6257 6877 7711 6376 5299 1853 483 5834 8466 8205 6734 8125 6528 8744 6216 5713 6771 7076 8236 8699 6893 4123 4616 7440 6752 5570 5975 7439 8796 7646 8150 1412 2677 2644 4907 7059 3519 3752 2352 6908 2397 5930 3544 380 115 248 260 228 828 2037 3177 3889 29 1306 5233 6716 8044 9467 7013 7207 9382 7779 9293 7942 9449 7600 7771 7564 8757 8916 9125 8821 7050 8897 9270 9107 8117 4732 5395 6045 6040 5518 4998 5014 4551 6218 9112
1721 1439 3127 2997 3130 6381 7570 8521 5945 5099 4970 4848 5637 3985 5450 3261 7377 7401 7905 7625 6223 6831 7347 4181 4982 8594 8811 8205 8034 6017 5716 7549 6424 7319 5385 6829 6185 6554 6722 6262 2987 1850 4214 5449 5176 4788 3556 1530 1893 1375 6936 3383 1504 495 792 418 1110 388 1972 3648 1174 128 51 1854 7050 6035 8294 9466 9841 9597 7927 9181 8564 9119 8647 8451 9141 8606 8970 8137 8132 7974 9336 9109 9259 9331 8149 4553 4410 3569 2624 4106 4548 5356 5904 9204
666 1514 3402 2950 6564 5371 6338 6242 7341 4890 4886 3357 3121 1089 3014 3556 7186 7574 8522 5879 7603 6475 4311 7291 7932 7536 8201 6617 6349 4990 4094 7219 8011 7242 7281 8008 6853 5697 4930 1153 3500 5332 5665 5394 5255 2155 2914 1379 4359 3867 3071 4043 1874 657 442 204 1098 1518 856 705 33 1292 532 53 5735 4881 5110 6887 8904 9152 9527 9204 9819 8382 9799 8052 9250 8629 5423 3154 5610 8911 9383 9116 9229 9476 9552 7562 3639 4412 3379 6311 6354 4029 9211 8564
1209 991 4778 7619 5192 4429 6643 7077 6770 6214 4705 2933 1297 58 687 489 6838 8034 7752 8043 7405 4832 7978 8190 5838 7017 5893 5897 5800 2678 6527 4777 7233 7254 7260 3660 1168 1182 2018 6791 7292 6849 6285 5591 4005 1576 4225 321 896 3033 977 730 455 0 1054 302 1320 3771 1332 1233 3154 2341 1377 162 2234 6548 1809 7642 9379 9397 8388 8747 9092 7583 9679 8780 8943 9619 8394 3063 8298 7683 9212 9518 9121 9601 9466 9081 6661 2634 6362 6779 6860 7602 9013 8781
2069 2809 5251 5470 2222 6666 7043 3266 5266 4685 5423 2017 281 0 0 132 5063 7687 7410 6241 9171 4358 8426 6302 3961 4581 3234 3369 3721 6673 6555 6990 8123 3981 4772 4990 3616 215 4781 6952 6333 4936 6303 992 2140 3911 5341 1257 378 149 2058 1174 965 1109 1952 3406 1298 2114 1507 5891 4207 3417 2052 956 143 5507 5010 7712 9236 9452 8881 8527 9334 8697 9907 9188 9871 8343 9131 7693 8914 7712 7648 8708 9535 9505 9050 8915 7450 5494 7391 6839 8123 7526 8905 9216
1094 2255 2888 4650 5361 7490 7375 2124 7057 4824 4781 3501 728 583 13 2165 5353 6959 7312 6706 6910 7271 8166 5458 4345 4463 6050 3036 3092 5650 6278 8081 7355 6069 5068 3569 2870 1347 803 4245 3713 5395 4561 1544 1892 4320 4479 2424 135 41 485 1312 3043 4274 2678 1298 918 4616 3280 6195 1673 6663 883 356 2746 4433 4694 6909 9057 9348 7457 9571 9903 8058 9909 8620 9995 9469 9162 9446 9290 9172 9888 9135 9648 9518 8953 6558 7131 6810 8550 5124 6883 7681 9226 6226
