gis_files/frabi201314.asc
ncols         625
nrows         694
xllcorner     895000
yllcorner     515000
cellsize      5000
NODATA_value  -9999
[rows 376 to 422 of 694, columns 288 to 383 of 625]
3867 4257 5470 6369 8343 6172 4577 5980 7592 7529 5314 8372 3887 7873 4280 1614 1121 4567 1910 99 51 40 56 426 1258 60 68 211 2997 2717 64 35 690 842 495 620 553 419 768 575 478 592 1333 1425 1153 1545 1217 1347 1193 585 769 354 1126 715 621 314 320 689 830 429 447 927 807 788 1581 566 246 80 542 986 502 1152 1180 189 1603 3047 4093 3095 4698 4832 6031 2391 2137 4567 2891 2868 2673 3151 2629 2499 2829 1889 2627 1518 646 1022
2853 1675 2617 8347 9141 8500 8134 8574 6414 9034 6372 9032 5756 8191 2318 15 543 3300 2168 1108 174 13 215 2710 3581 2452 158 413 4338 874 138 464 672 615 764 1400 553 478 467 327 635 558 551 812 1307 2652 1012 765 449 296 602 156 243 743 345 342 419 785 1882 1445 1123 965 1598 1105 1474 1303 1517 728 0 278 1011 1187 1120 606 909 1387 4793 5911 4855 4129 3694 5142 3381 3066 3031 2262 2573 2313 4645 3843 3369 2592 1306 1249 730 1854
4816 4641 7815 8909 9633 8576 7476 7170 7730 8278 6900 8402 4670 3374 771 115 6 398 785 985 270 8 615 3407 1059 31 312 125 272 89 434 344 611 1744 473 674 871 337 364 232 479 568 490 212 1042 1496 952 686 559 799 524 25 616 701 557 1001 378 803 857 1226 1831 628 912 2494 2102 1766 2134 1528 686 59 370 102 128 508 442 232 1515 4374 5162 5178 5030 5660 5014 4895 1660 2752 2534 2396 3980 4768 2875 559 142 40 29 2204
4505 7671 8723 9163 8797 8721 7489 8726 7925 4310 4940 2960 2837 511 105 0 20 94 562 962 553 108 628 1331 8 20 164 151 4 595 182 248 679 1695 539 507 335 347 420 320 252 391 482 193 187 863 856 1109 724 346 498 248 839 853 1313 1678 982 1264 1163 1195 1233 478 92 1725 3392 1243 438 1380 1103 474 351 4 0 590 142 179 182 1149 2642 4727 1761 3022 5054 6118 1592 454 1612 4073 1612 3224 1972 1399 1382 1547 1926 1660
315 1825 5235 7067 7242 5450 8203 5575 5644 716 75 622 26 0 286 564 3404 3042 330 295 1216 228 4 21 4 87 409 99 283 764 483 15 16 271 608 1640 985 171 606 628 490 296 394 425 208 981 919 526 297 430 153 97 632 197 82 405 435 498 232 262 981 187 267 36 1276 1643 628 834 1303 1484 1435 398 832 6 36 186 196 73 18 987 1485 1256 2835 5263 5256 4865 3985 1306 2474 3571 2757 2028 2215 2435 1454 1159
1139 1820 5484 2668 5320 4665 1784 1271 933 20 19 147 128 0 2097 3149 4132 3550 1377 243 437 18 5 3 0 152 399 161 434 526 87 18 26 157 630 563 802 319 301 660 633 344 135 433 312 366 444 178 238 147 365 143 161 29 55 69 74 4 137 108 92 171 135 151 927 1205 946 280 473 1079 490 9 128 391 1915 1962 432 34 531 741 65 28 361 3536 5350 5100 5385 3629 2979 3600 5489 2146 3620 2081 3142 1385
26 138 370 105 374 908 453 790 548 95 20 14 26 0 768 1451 596 988 1444 189 158 3 3 0 5 132 1305 3995 1628 297 60 16 724 335 335 256 140 714 211 409 336 243 307 448 522 212 305 363 586 507 443 458 315 428 120 139 252 291 433 285 251 245 498 13 92 201 16 51 797 725 943 312 159 211 1883 3576 2697 1351 3861 1608 645 365 183 0 0 529 2327 3388 3933 2782 3817 4484 1584 140 0 103
13 68 157 29 112 0 79 20 4 25 14 95 0 415 627 669 0 15 9 0 50 9 3 4 1 44 720 1591 1105 74 26 89 196 735 537 537 447 232 289 324 450 286 282 309 734 237 339 1207 413 123 389 209 651 532 189 532 339 290 753 706 623 983 951 789 297 285 192 99 1405 120 48 196 568 179 202 1448 2156 4558 4069 4609 3329 1478 1417 938 3206 4345 5154 3797 3787 2929 3220 1188 955 1208 982 1223
950 4989 1833 1099 355 960 4 562 181 53 14 1 228 401 26 281 3 31 78 51 0 0 8 5 1 0 58 21 675 168 41 11 159 331 212 123 192 187 207 211 336 196 260 575 1233 1224 913 617 568 100 206 223 305 321 384 597 383 389 662 842 578 970 1336 1318 721 183 329 235 302 78 35 128 1285 1007 1453 723 1957 1972 3478 5031 4694 4802 3788 3367 4409 4856 3699 2407 2934 3413 437 649 1624 1123 773 2550
1544 4029 4035 888 760 1100 127 731 373 194 23 391 295 6 153 154 26 46 24 4 3 30 0 10 0 0 45 98 797 291 28 38 31 148 194 87 63 66 164 135 174 261 581 790 856 774 650 350 166 315 146 13 148 317 215 253 430 465 309 600 687 602 1042 1214 1027 154 233 1385 1212 1195 543 1136 1017 1448 1565 1483 3151 3091 3088 1863 1495 1996 2437 1803 1984 1394 2770 2173 3438 1790 444 603 3185 682 596 2699
1261 1301 1893 3601 637 354 75 55 65 987 625 2321 937 5 0 14 24 1 9 208 44 4 0 1 0 0 77 103 247 319 41 68 133 161 192 169 157 43 80 33 275 393 687 832 993 438 266 385 286 184 129 115 133 18 166 440 518 760 790 533 467 635 647 1300 750 390 992 591 554 889 137 1283 2319 2841 3859 4136 3796 1974 1071 3113 4872 3527 3525 4157 3473 3620 3778 2151 2698 459 172 1720 1431 44 110 1153
1869 588 1248 2163 1823 710 292 241 90 1316 647 1006 1246 400 11 0 10 0 0 1115 226 5 1 0 6 1 21 103 1855 709 238 533 253 196 326 383 311 63 61 109 13 152 823 2939 1409 1216 546 1395 344 758 46 54 102 263 301 883 813 1030 1335 780 577 914 1372 516 178 677 361 151 672 731 660 1110 1490 2637 1682 2886 1851 345 657 1655 4867 4527 2935 2856 1884 2972 1439 1988 935 1232 1351 1374 1295 21 189 2126
3604 1698 404 1271 2357 840 426 36 189 430 286 749 1597 4173 6525 2282 5 43 14 345 246 0 0 3 82 38 36 197 1065 922 440 921 627 508 366 112 132 122 89 143 861 1032 1840 1341 750 2770 923 216 215 54 56 197 475 365 475 966 516 774 922 873 563 1341 1688 1867 215 454 507 332 728 6 804 856 468 1323 297 1517 1982 94 28 879 5932 4441 2421 6266 2619 676 478 380 997 771 1079 64 267 764 884 2954
1446 1150 375 2550 2272 2622 1641 628 1066 1593 459 2905 5657 8245 6557 457 1 8 88 1180 1175 5 0 6 16 13 58 142 1039 1313 1239 1249 1657 162 194 383 424 202 296 289 1513 820 315 817 334 3012 463 290 144 125 181 261 942 415 665 1085 616 295 814 1034 613 603 1247 1859 389 349 552 849 1421 144 92 532 167 290 608 1471 2173 916 1402 2785 5360 2906 1460 2008 2032 931 184 191 469 551 337 164 317 370 2589 3080
751 1012 366 835 2540 972 803 228 177 878 1555 3949 1875 3031 1062 48 733 258 517 341 28 0 0 4 1 31 171 255 1020 223 1445 608 1376 677 413 537 347 748 744 913 891 223 157 137 169 721 248 69 24 28 30 23 442 236 221 319 290 85 290 536 472 646 685 1712 459 100 242 246 945 73 41 1113 573 474 882 1035 2105 2023 2408 1954 4227 2962 1597 1237 2153 1814 1840 1228 711 169 130 1031 1972 2654 2567 3803
53 220 142 556 1421 171 15 50 5 758 289 319 280 230 33 0 36 1 90 0 0 0 3 0 50 19 45 124 464 73 202 167 61 58 429 321 299 1302 429 802 100 13 11 54 90 158 54 16 56 45 39 31 100 125 409 322 337 187 156 369 551 886 923 2471 1099 153 1069 704 488 13 1002 955 177 151 1126 1796 148 544 2316 1864 4211 814 853 2840 1078 917 931 1242 798 719 1598 1900 3073 4383 3782 2386
61 36 40 163 320 211 18 15 245 20 5 0 0 0 1 4 282 110 11 0 0 4 4 3 26 344 109 549 140 345 58 162 83 577 641 337 2043 1645 267 178 98 307 215 82 147 65 15 29 29 114 40 88 82 143 108 248 100 173 243 273 615 1325 495 1147 395 217 137 228 182 40 261 257 495 590 754 1019 812 642 2130 2775 3307 1539 1890 2609 2800 1978 1006 256 151 41 3929 1691 4170 3507 4622 2339
108 227 161 82 15 14 41 59 146 233 153 59 6 1 0 21 11 189 4 0 3 0 3 4 1 40 167 539 992 478 810 728 909 354 580 227 1154 1149 120 154 103 35 134 401 122 51 23 24 25 411 97 135 115 87 255 120 124 138 187 181 941 899 631 687 16 223 774 122 122 576 383 255 243 1149 1066 715 1337 547 1126 1789 889 326 1419 4367 3409 1499 759 429 468 1076 2219 3048 1913 3314 3739 2153
154 282 24 19 21 164 558 418 410 541 696 474 347 84 10 63 80 5 1 0 0 0 14 26 26 20 75 869 207 105 64 197 50 60 306 122 1335 340 240 48 199 80 152 237 327 87 61 14 61 324 253 60 40 157 203 344 337 386 176 351 726 736 437 13 79 153 271 705 337 843 301 337 1325 1069 1565 1253 235 858 463 986 144 193 29 941 1640 914 622 327 631 4117 4567 4612 883 1675 2593 1751
208 123 393 171 174 311 695 1113 595 447 1116 1685 416 125 98 124 90 8 33 61 0 0 120 113 11 3 93 237 120 26 21 252 97 55 90 226 502 50 74 177 359 435 191 112 85 94 115 100 88 317 400 38 63 55 112 243 300 531 930 731 276 256 275 99 80 122 502 828 1571 1803 573 881 358 705 421 1123 314 238 4 5 34 73 253 1424 790 273 176 1209 4212 5514 6894 7249 4591 1794 1803 881
119 203 518 654 365 635 1808 1197 474 840 1458 1342 176 122 92 73 26 15 69 117 103 386 166 336 89 171 497 290 63 122 543 1140 369 635 1099 1298 154 38 21 167 252 138 133 97 44 63 48 137 413 140 664 161 36 36 85 186 118 266 1813 1519 415 61 621 257 31 103 361 872 3014 844 684 507 952 450 863 265 6 8 805 434 114 410 340 420 302 156 0 0 1204 4932 7191 5921 4987 3680 2233 404
24 330 538 775 373 366 838 1026 529 1243 432 602 268 184 73 138 77 119 556 468 79 289 538 924 1064 567 593 140 171 911 990 2561 2579 3170 4214 1144 1530 63 48 526 317 176 188 63 64 109 70 206 233 334 691 1238 64 127 152 291 270 539 1267 942 814 10 231 228 66 292 18 115 615 2643 394 577 2205 3276 897 50 18 191 1446 359 270 662 227 355 154 1 0 0 9 2708 6019 4982 5644 2386 344 415
65 174 287 504 167 146 635 835 1014 793 400 670 243 194 193 236 151 307 119 34 88 85 53 87 286 514 398 301 166 656 4945 6357 6438 6863 3659 3744 203 110 251 103 31 156 384 256 53 72 167 70 95 398 1009 615 84 237 345 334 153 532 336 511 749 15 240 174 674 670 221 363 966 2215 646 631 1199 1505 457 723 1777 226 830 1893 1233 1228 460 120 0 0 0 0 0 1612 1139 3238 837 45 0 0
35 280 187 194 83 61 401 1164 1700 927 410 263 273 108 270 755 193 240 159 533 84 50 34 19 29 227 384 73 51 519 1603 6287 6627 6454 6469 3226 1060 53 72 68 5 105 197 204 28 125 140 262 94 35 1212 162 119 109 300 386 77 1397 440 242 44 79 181 613 611 862 501 356 623 3246 3149 1460 1830 3619 1873 603 122 715 1682 881 1387 692 90 0 0 0 16 745 891 873 773 40 0 0 0 0
94 9 61 181 197 423 1864 2255 1070 280 138 85 14 280 169 499 296 142 144 324 119 31 19 19 98 38 24 66 30 810 2035 7171 7307 6237 4783 557 199 153 39 46 77 266 107 48 45 600 167 220 41 29 810 462 123 115 147 113 162 421 487 394 233 354 746 793 1815 887 868 1348 906 2861 3071 1727 1971 3621 837 128 409 1766 1691 1576 748 280 0 0 0 3 253 744 577 0 0 0 0 0 0 0
41 3 4 28 144 139 218 1449 595 144 243 207 29 211 342 34 184 140 295 127 122 132 134 78 3 0 1 8 19 272 317 7496 7723 6322 4071 69 171 39 36 55 299 368 681 363 119 552 79 82 72 340 700 576 100 144 94 13 341 556 393 291 1174 415 1105 2205 2780 1409 768 1421 2294 3215 2066 808 2466 2889 632 563 1193 1384 1463 805 995 4 3 0 864 1015 438 0 0 0 0 0 0 0 0 0
54 4 13 26 64 49 266 429 564 233 73 66 46 14 64 85 424 419 1895 133 355 130 89 193 55 16 25 13 113 65 300 7451 6780 6564 2832 33 192 110 104 99 623 1695 571 536 10 785 149 33 95 398 677 699 45 48 41 85 163 85 674 723 672 231 230 1883 1981 4049 792 1962 2085 3142 1160 971 1147 566 558 529 253 1027 1042 628 38 0 479 1459 1572 138 0 0 0 0 0 0 0 0 0 0
75 10 72 85 99 36 478 511 2940 1100 85 44 4 13 19 29 327 358 1786 3196 815 364 300 297 113 69 33 1012 728 24 147 5394 7028 5906 117 99 77 283 280 134 442 1385 450 120 26 80 189 184 125 662 716 1726 406 151 488 79 69 316 633 552 207 122 656 780 257 366 2102 2806 2673 3430 2481 3096 2447 437 564 1089 449 154 460 770 120 4 2206 1628 0 0 0 0 0 0 0 0 0 0 0 0
41 23 45 109 63 40 130 776 1607 988 662 258 149 33 21 14 346 371 933 2588 1614 522 233 331 289 61 49 50 25 77 1062 5641 7227 6212 294 238 384 566 501 261 281 1104 189 40 15 373 960 248 68 569 1150 1233 1052 558 458 114 45 95 305 364 917 130 226 741 247 30 759 2602 4484 1936 1658 3323 1603 557 914 563 667 311 1214 863 5 513 1047 0 0 0 0 0 0 0 0 0 0 0 0 0
109 14 24 0 1 0 44 590 715 903 513 209 82 39 6 15 521 168 358 523 1228 834 290 273 240 331 435 176 404 342 1821 6829 7279 3480 384 320 302 450 358 383 213 755 602 49 31 1281 2866 1685 580 425 173 413 227 374 237 169 161 209 635 380 992 434 301 1997 54 171 117 209 3688 1638 3044 4063 2595 2173 1917 612 748 518 1067 2198 421 810 0 0 0 0 0 0 0 0 0 0 0 0 0 0
35 14 16 1 11 3 39 198 337 884 463 330 107 58 3 75 393 167 222 336 532 401 168 243 426 518 1035 375 285 2257 1433 8171 6204 1256 660 376 342 1086 793 317 163 2178 1460 316 19 2919 3373 1943 1874 161 55 128 148 34 26 46 95 315 1135 957 2051 862 1305 2229 1222 1946 5708 2578 5034 5191 5765 2184 3680 3440 1695 546 468 879 465 419 112 0 0 0 0 0 0 0 0 0 0 0 0 0 0 0
98 129 25 0 6 30 23 217 822 581 55 112 60 6 8 78 109 179 280 405 499 886 903 539 217 753 601 869 1360 569 366 5307 5852 236 119 294 583 1273 2028 705 277 2648 1412 153 133 472 1207 1205 986 88 166 355 173 55 8 53 109 173 529 1037 464 509 1875 5621 1233 3162 7748 6715 4908 4824 3752 2303 700 803 252 858 671 198 127 19 0 0 0 0 0 0 0 0 0 0 0 0 0 0 0 0
21 147 1 0 1 77 115 469 375 395 4 0 73 9 41 94 154 226 337 551 739 1021 876 404 1060 1868 1632 1148 1892 2048 1573 2242 2924 350 113 662 1791 2326 1623 710 552 450 1633 92 275 462 430 495 704 532 1200 1281 946 122 36 15 133 154 257 386 1189 2194 2235 2063 637 2891 5739 3633 4443 2272 2185 404 670 449 63 541 176 104 87 0 0 0 0 0 0 0 0 0 0 0 0 0 0 0 0 0
0 78 0 4 18 133 227 334 191 50 118 19 90 919 1060 129 192 324 477 470 322 1180 936 847 1110 1508 1780 1237 764 1180 903 405 1405 620 429 399 1662 1988 1629 495 1463 534 162 360 270 547 374 255 1586 583 1253 1593 1632 277 63 38 475 687 522 580 848 1820 5163 1011 29 776 3970 2184 3318 1668 66 576 493 197 289 188 261 0 0 0 0 0 0 0 0 0 0 0 0 0 0 0 0 0 0 0
5 50 11 24 107 119 347 245 112 26 114 508 807 660 38 184 59 120 482 267 404 479 814 828 893 946 908 983 773 512 1062 281 856 30 370 1400 970 1162 993 659 390 350 598 724 1032 575 255 266 445 677 115 1618 2692 1899 322 77 162 487 725 315 799 2090 5119 227 0 257 1774 1746 1330 1106 39 546 260 906 322 257 6 0 0 0 0 0 0 0 0 0 0 0 0 0 0 0 0 0 0 0
6 75 162 95 36 13 80 34 0 78 282 603 1149 222 11 177 327 186 266 321 277 319 349 457 760 645 336 774 1360 871 820 202 384 273 462 1507 1288 871 1014 800 730 1221 839 472 1159 1369 172 306 897 641 255 2853 4167 5705 587 292 454 213 557 416 1035 2263 3940 893 0 208 1983 2229 1459 1168 107 272 844 576 207 5 0 0 0 0 0 0 0 0 0 0 0 0 0 0 0 0 0 0 0 0
0 20 19 15 38 1 63 11 0 84 378 465 548 480 113 152 497 632 304 378 273 374 418 302 866 310 480 1360 544 172 248 562 317 380 563 656 1345 494 2002 368 327 490 122 521 1330 705 286 1005 1491 950 2498 2503 2362 1444 551 726 97 573 671 211 731 1123 3734 966 187 1583 1375 1710 2632 1830 573 156 729 716 60 0 0 0 0 0 0 0 0 0 0 0 0 0 0 0 0 0 0 0 0 0
3 6 34 21 64 26 73 78 14 115 255 164 140 188 281 222 40 435 123 475 142 220 316 247 943 447 1759 1735 664 807 326 197 149 55 547 452 429 876 854 373 171 85 112 823 1145 519 746 771 1463 2490 1989 4367 4778 2273 212 424 140 390 374 809 1707 724 2119 1010 216 2589 432 664 480 736 24 93 433 443 0 0 0 0 0 0 0 0 0 0 0 0 0 0 0 0 0 0 0 0 0 0
18 8 35 45 38 58 93 94 159 93 399 440 23 248 793 72 187 631 197 240 110 265 1340 1729 2001 2649 2257 968 549 246 415 262 199 813 842 410 365 495 289 503 363 662 235 364 3195 1147 2178 1268 587 1535 2440 3145 4482 3574 780 644 371 601 527 861 489 502 1815 2393 50 54 114 469 1121 207 130 110 192 104 0 0 0 0 0 0 0 0 0 0 0 0 0 0 0 0 0 0 0 0 0 0
77 16 23 30 43 73 34 73 135 283 9 223 122 363 169 217 358 371 105 84 174 256 3273 2775 2378 3155 3078 502 403 494 179 129 341 1121 864 302 548 792 681 1120 906 1321 1414 350 1009 1700 2283 1446 728 576 1095 1034 3916 1953 396 608 626 1027 1897 768 262 1367 2265 760 13 4 359 2022 389 142 172 26 103 0 0 0 0 0 0 0 0 0 0 0 0 0 0 0 0 0 0 0 0 0 0 0
19 26 45 3 21 209 468 90 58 439 381 163 598 692 375 304 751 266 44 246 78 272 3009 2563 1075 1182 337 233 231 157 142 359 395 794 375 347 679 541 744 1307 937 2352 3279 774 590 1153 721 1396 217 626 302 1839 5158 2938 775 666 602 1152 919 1469 1464 861 2763 458 0 102 633 174 23 34 0 749 73 0 0 0 0 0 0 0 0 0 0 0 0 0 0 0 0 0 0 0 0 0 0 0
26 29 15 0 15 75 172 187 238 731 532 414 286 587 310 187 316 61 83 70 509 778 2642 3539 2633 901 695 370 158 105 282 613 489 376 355 573 1027 1820 1527 622 66 1110 2965 325 1114 1626 364 403 263 295 450 3236 1910 3682 1903 657 370 804 901 2132 2496 700 1359 235 1 31 246 216 135 68 864 702 0 0 0 0 0 0 0 0 0 0 0 0 0 0 0 0 0 0 0 0 0 0 0 0
25 31 0 1 13 109 341 213 506 739 394 184 113 24 89 163 107 61 0 0 607 1425 1391 2990 3559 4802 4353 1883 243 147 365 723 696 278 154 633 2524 2514 667 172 28 901 1528 409 13 1523 1843 876 1282 569 251 511 1504 2842 1429 484 635 902 832 1361 3231 373 1039 921 51 45 539 127 4 164 177 0 0 0 0 0 0 0 0 0 0 0 0 0 0 0 0 0 0 0 0 0 0 0 0 0
8 8 10 1 8 65 365 68 564 342 123 122 29 30 56 66 49 258 55 87 325 616 398 967 2427 2454 3328 2997 281 341 691 528 411 172 415 834 2067 1010 90 595 181 292 396 161 58 2866 5230 1798 1784 903 906 911 1010 2683 3568 1564 532 405 391 913 4063 923 1680 635 152 1124 618 238 469 368 0 0 0 0 0 0 0 0 0 0 0 0 0 0 0 0 0 0 0 0 0 0 0 0 0 0
0 36 25 1 10 40 241 123 84 368 74 21 0 29 137 6 79 6 53 156 428 549 123 130 1010 4865 2647 1435 373 280 437 470 657 933 988 1307 2485 221 995 2490 587 376 532 506 411 2426 5001 3578 1111 580 1381 1085 799 518 2441 2698 689 839 2280 769 2656 2007 1158 1009 1100 418 580 231 14 20 0 0 0 0 0 0 0 0 0 0 0 0 0 0 0 0 0 0 0 0 0 0 0 0 0 0
10 40 34 0 9 99 117 1131 740 419 40 38 56 117 0 11 40 39 14 132 400 310 50 379 302 3243 3915 2033 523 299 325 504 495 1353 930 751 257 156 370 1071 366 514 287 93 687 621 4209 2248 1120 158 325 467 440 506 1168 373 258 275 247 790 1954 1182 295 651 215 201 361 1 26 0 0 0 0 0 0 0 0 0 0 0 0 0 0 0 0 0 0 0 0 0 0 0 0 0 0 0
93 24 14 0 8 207 987 559 117 411 93 1 5 0 89 8 0 56 30 103 173 401 615 199 354 1178 3063 803 364 448 230 580 256 733 373 243 262 0 0 5 428 526 677 585 225 161 849 3263 714 575 569 359 123 844 2124 90 324 291 697 876 472 220 327 394 89 114 215 9 3 0 0 0 0 0 0 0 0 0 0 0 0 0 0 0 0 0 0 0 0 0 0 0 0 0 0 0
