gis_files/fsoildep100_150.asc
ncols         625
nrows         694
xllcorner     895000
yllcorner     515000
cellsize      5000
NODATA_value  -9999
[rows 255 to 305 of 694, columns 288 to 383 of 625]
9378 9475 9313 9317 9802 8433 9954 9575 8915 8474 9059 9734 9555 9143 8569 9453 9528 9066 9631 9677 9726 9326 9644 9409 9474 9254 9390 9294 9531 8561 8688 9424 8903 9351 8672 9112 8643 8641 9002 7513 4485 3551 3893 3126 4237 2390 2128 3193 8266 9434 9174 9280 8841 9258 9366 9004 8976 8928 8750 5783 9273 7143 8111 8211 7511 6901 8417 8981 9400 5041 3734 9227 8468 8337 9307 8329 8261 8931 7211 8652 8337 9673 9293 9049 9252 9188 8993 8610 9319 8970 5999 8518 9467 8966 8724 7996
8969 9431 9128 8675 9002 8891 9837 9726 9431 8986 9608 9127 9346 7739 7347 9663 9849 9775 9690 9615 9641 9760 9688 9670 9632 9498 9395 9307 9493 9782 8869 8847 8604 8253 8932 8853 8643 8952 8908 8935 8558 8279 8647 8401 4132 7070 7536 4155 2009 5262 8728 8475 8759 7826 8529 9732 9136 8838 8932 7820 9034 8486 8476 9161 6362 7636 7433 7749 8979 9048 6064 7690 8706 6238 7494 6839 7809 8901 8544 4802 5849 8685 9287 9164 9164 8871 8734 8790 9260 9019 4306 8848 8614 8978 8767 8819
9218 9079 8802 8586 8962 9292 9164 9718 9566 9309 9581 9426 9722 9754 9785 9635 9639 9813 9653 9761 9431 9775 9818 9664 9455 9609 8844 8335 9169 9337 8841 8921 7958 8884 8349 9033 8761 8958 8881 6103 8236 8984 9110 8322 9159 8397 6161 7848 7153 4877 7605 8108 7482 7644 9005 9537 9371 9192 8424 9059 8048 9234 8423 8186 6762 7041 8769 8511 7053 9070 6118 6763 8893 8732 7870 8484 8497 8792 7942 5275 2807 8244 9051 9547 9281 8938 9085 8844 9235 9235 8519 9190 8871 9116 8388 8459
9234 8957 9096 8469 8778 9652 9590 9482 8942 9654 9326 9610 9531 9439 9784 9716 9640 9748 9731 9524 9582 9578 9602 9785 9691 9242 8795 8965 8028 9004 9198 9003 9136 8806 8475 9223 9074 8975 8838 9228 9197 8492 6323 7224 8204 9057 8814 9451 8771 8807 6301 4009 2298 4117 7416 9402 9477 9019 8617 8778 8872 7985 8002 8294 8323 7321 5955 6130 6180 8175 8041 5018 7263 5532 8201 8195 7715 8603 8619 8293 7665 9146 9369 9124 9047 9480 9269 8879 9146 8909 8527 9273 9022 9099 9230 8897
9258 9497 8685 8985 9599 8942 9695 9774 9738 9658 9668 9671 9579 9496 8124 9356 9921 9819 9759 9733 9818 9753 9185 8764 9540 9464 9293 8690 8813 8882 8945 9059 8949 8944 9025 8629 7554 9124 7108 9185 9209 9181 8954 9036 9200 8752 8729 9093 8578 9278 9164 8785 8788 3893 3223 4519 9072 9474 8261 8871 9253 9175 8593 8720 9176 7428 7310 7934 5887 8282 8349 5208 6990 7344 8142 8434 8772 8291 8404 8047 8098 8174 9071 9190 9112 9152 9287 9384 9002 9397 9203 9471 9126 9352 9335 9326
9321 9555 8882 8572 9647 9362 9802 9657 9546 9747 9324 9654 9713 9316 9493 8822 9459 9719 9759 9863 9700 9930 9461 9593 9551 9344 8632 9060 8975 9304 8800 8984 8960 8428 8859 8270 7224 8803 8454 9112 8742 9689 7865 8719 8932 9254 9396 8945 9362 9124 9438 9323 9562 9272 7446 1704 5425 9086 8910 9163 9139 9481 8980 7728 8043 9052 8954 8350 8037 9057 8809 3709 5600 5182 7497 6738 8809 7248 7993 8201 8947 8876 9149 9267 9430 9314 9130 9289 9532 9117 9504 9484 9176 9345 9601 9731
9361 9051 9102 9466 9635 9629 9757 9633 9631 9391 9066 9323 9363 9458 9436 9544 9354 9567 9615 9532 9497 9777 9851 9553 9232 8597 7882 7831 8046 8634 9057 8723 8757 8705 8382 8840 8421 9014 9383 9838 9350 9235 9261 8900 8286 8959 9437 9286 9342 9450 9239 9467 9501 9613 9683 7576 4056 2204 9494 9462 9363 9041 9192 7768 8583 7580 8787 8969 6911 9166 9437 8438 6539 5099 5617 8333 8917 9317 9348 7975 9069 8919 8855 9141 9454 9642 9302 9114 9151 9179 9371 9478 8757 8900 8970 8897
6825 8495 8700 8858 9419 9496 9574 9214 9667 9626 9575 9102 9248 9393 8641 9590 9212 9301 9439 9511 9671 9926 9669 9465 9587 7657 9170 8599 8050 8708 7883 7601 8613 9036 8583 8288 7132 8943 9100 9256 9390 9666 9626 6062 6848 9711 9791 9074 9370 9707 9567 9286 7996 9565 9088 9728 7746 5157 871 2034 3593 7032 8010 9559 9390 7707 8977 8901 8502 9588 9572 9429 8462 9405 5292 8378 6859 8462 8951 8100 8091 7890 8644 8887 9544 9196 8739 8167 6151 8771 8968 9562 8876 9336 8876 8852
8166 7044 9032 9349 9303 9504 9219 9464 9647 9442 9525 9613 7000 8907 9700 8474 9420 9420 9681 9617 9608 9758 9775 9474 9689 9715 9028 9073 8284 7924 7429 7841 8391 8958 9026 9078 8938 8738 8589 9206 9557 9773 9661 9084 9178 8910 8774 8446 9465 9407 9597 9136 8503 9346 9363 8643 7632 8785 8358 9341 7775 4154 3747 6771 9628 8996 9466 7754 9331 9357 9295 9454 9256 9548 9376 4463 8739 8253 7931 8458 7995 7533 8361 8288 8428 9531 9689 8884 8967 9130 8593 9269 9352 9212 8814 8719
7927 8432 9274 9490 8845 9426 9713 9585 9518 9489 9329 8886 8181 9723 9766 9445 9434 9379 9547 9669 9905 9608 9894 9725 9599 9562 9274 9351 8686 8147 8417 8231 7748 7739 7187 8926 9029 9152 8983 9246 9678 9433 8895 8755 9109 9050 8870 9090 9491 8654 8893 9100 9195 9117 8849 7481 3945 7443 8316 9393 8415 7735 5310 2775 4878 9101 9098 6661 7456 9037 9154 9206 9613 9232 9934 6519 5679 9013 8998 8533 9166 8495 8697 5261 7950 9103 9084 9100 8525 9640 9564 9315 8144 8061 9283 8920
9256 8703 8266 8351 9052 9357 9385 9461 9358 9306 9310 9133 9571 9700 9880 9706 9657 9285 9665 9793 9934 9832 9811 9823 9592 9970 9872 8974 8477 7868 7960 8002 8611 8903 8740 8515 9104 9216 8987 9044 8976 7909 7719 8237 8554 8732 8727 9065 8793 9656 9516 9300 8856 8672 9296 6364 7558 8755 9294 8874 7009 8509 8366 8888 6845 2806 6355 5144 7627 8393 9792 8525 8385 7922 6918 9086 5341 8172 7535 9581 7028 7432 8321 7924 8679 9547 9002 9336 9461 9556 9582 9409 9130 8715 9143 8882
9484 9318 9223 8441 8811 9097 9552 9040 8823 9453 9009 9281 9620 8962 9673 9108 9707 9709 9564 9411 9735 9784 9819 9746 9759 9663 7909 9774 9060 8758 8704 8579 8600 8339 9055 8191 9106 8896 8858 8853 8653 8761 7974 7902 8297 8480 8567 8828 9179 9040 9123 9186 8839 9024 8455 4303 6439 7717 8822 7083 1825 2758 8332 8725 8522 3737 3237 3909 3252 4899 4298 8949 6231 7218 5717 6990 3764 6627 9135 8812 8450 7569 9362 8670 9549 9506 8004 9165 9238 7594 9295 9509 8784 8309 9247 8139
5151 9398 9499 8988 8703 9035 9116 9395 9618 9507 9594 9119 8941 9526 9302 9337 9068 9463 9094 9412 9208 9165 9697 9720 9773 9704 3935 9341 9774 9673 9640 9095 8546 8862 8366 8591 8828 8825 9168 9030 8843 8478 9272 8676 9026 8655 8824 8966 9040 8916 7917 8566 9679 8796 6844 4315 5283 5040 5425 4242 8251 4967 2433 4197 4911 6082 2642 4206 3647 2333 1672 2431 3284 3774 5589 2789 3711 7172 9145 8346 9004 8796 8540 9140 7777 9155 8739 9120 8877 9096 8646 8738 9664 8193 9578 3084
4520 6303 9329 8925 7935 8624 8822 8718 9704 8557 9631 8822 9564 7540 9454 8583 9043 9819 9451 9793 9672 8677 9827 9492 9808 9763 9828 9205 9509 9839 9718 9771 9450 9785 8608 8389 9154 8875 8499 8467 8706 8555 8598 8920 8916 8928 8852 8813 8606 8595 7416 8787 9927 7334 3149 8587 8855 4050 6935 5753 8355 8099 6749 7445 8600 7127 9159 9241 8686 2614 8119 8954 8922 3981 621 602 2067 1380 2032 3906 5753 8503 7681 8627 9392 8972 8274 9242 8591 8697 7570 8424 9572 8449 8261 7877
8333 3579 7159 9108 9288 8465 7876 9053 9577 8502 9401 9847 9824 8790 8833 8275 9176 8640 9957 9353 9847 9618 9751 9423 9554 9724 9420 9538 9592 9570 9579 9035 9658 9973 9223 9067 8787 9164 8558 8798 8955 9185 9126 8845 8761 7812 5224 7542 8250 8574 8131 8724 8769 3806 8565 9490 9321 7022 5392 7425 8851 9121 9033 9343 9497 9062 7986 9197 7994 2285 8279 9380 9451 7345 4387 5021 5110 2289 2009 5503 3827 2605 559 4184 7504 8828 8613 9160 9177 7963 9005 8553 8549 8765 7982 7854
9624 5162 5429 8152 9397 9358 9294 9199 9687 9401 9565 9801 9452 9812 9541 7673 9136 8755 8750 8892 9737 9518 9644 9603 9452 9198 9573 9599 9701 9457 9476 9484 8959 9811 9431 9237 8988 8810 8825 9237 9054 9248 8556 8558 3448 5860 4226 1641 7826 9036 8899 6748 2797 7454 9486 8803 9323 9344 9365 9640 9126 9036 9166 9380 9447 7917 6452 9617 5403 4004 9116 9656 9614 9370 9586 9538 9490 9456 4546 6009 4340 1594 2570 2516 4882 6525 3468 3565 3628 2456 4707 4663 8729 7827 8694 9156
9605 9475 4657 4187 6580 7469 9164 9258 9608 9590 9210 9555 9571 9848 9397 8933 9642 9675 8069 8923 9473 9718 9783 9574 9492 9439 8815 9077 9471 9480 9601 9326 9462 9481 9109 9024 7957 7149 8651 8473 8889 8756 8790 7009 6610 6819 7004 7789 4065 7662 6266 4542 8718 9223 9490 9360 9286 9511 9515 9342 9272 9539 9529 9236 9372 9407 9508 9596 1584 8525 9544 9658 8717 9571 9467 9522 9331 9855 9016 5390 3435 3551 6308 1734 1925 2589 2820 2359 7036 3785 3593 4101 6677 6522 5792 5770
9206 9577 8200 6088 6621 5419 6438 9276 9793 9227 8121 9384 9650 8452 8582 9423 9991 9984 9609 9641 9442 9710 9838 9854 9701 9635 9759 9160 9463 9398 9517 9327 9500 9748 8957 8250 7369 3453 3860 7501 7448 7848 9115 3356 6863 7800 8971 8659 4807 4950 6417 8757 9497 8833 9137 8956 8753 8637 8880 8879 9188 8769 8913 9403 9318 8990 9510 9547 5468 9281 9045 9310 9563 9534 9828 9610 9724 9701 9493 9710 9706 8547 7796 6215 6824 5419 7139 8593 9423 9850 6890 4408 3657 6214 8658 5567
9504 9653 9398 9429 9442 8306 4798 3608 5161 4184 1934 8062 9238 9421 9310 9342 9943 9862 9510 9197 9030 9430 9543 9131 9472 9747 9745 9463 9480 9244 8318 9239 9340 9614 9673 6365 7480 7506 8250 4516 2733 5528 5762 3881 5418 8676 8521 8563 9103 8371 9289 9519 9116 8894 9097 8893 9021 8995 8920 9090 9127 9013 9178 9350 9013 9311 9206 9132 2592 9619 9291 9549 9398 9726 9617 9581 9604 9573 9278 9205 9515 9666 9657 8706 9589 9745 9630 9544 9642 9600 9691 7885 4738 4493 9326 5291
9694 9246 9657 9402 9710 9454 9265 3890 3213 1111 130 2671 7571 9760 9691 9409 9895 9792 9443 8998 9469 9042 9472 9304 8741 9513 9695 9561 9731 9203 9313 9507 9320 9695 9543 9243 3686 6897 8516 8869 8710 9258 7137 5517 3872 8830 8278 9196 9034 9473 9083 9291 9301 9080 8953 8822 8979 8313 9241 9002 8959 9380 8985 9299 9136 9285 9419 5804 5396 9622 9428 9361 9567 8522 9548 9570 9433 9313 9419 9450 9284 9407 9130 9380 9491 9570 9472 9254 9612 9695 9787 9945 9401 3597 913 2128
9603 9645 9638 9666 9549 9383 9290 9211 9397 5882 3868 3750 8701 9582 9494 9407 9538 9704 9609 9308 9705 9644 9678 9062 5779 8884 9288 9518 9551 9539 9763 8251 4033 4227 9122 9370 6764 6751 8402 8645 8667 9270 9321 8683 7421 9037 8967 9267 9333 9407 9393 8983 8938 8711 9097 9134 9247 8629 8872 9003 8915 8424 9431 9341 9263 9480 7854 2481 7956 9177 9449 9249 9678 9392 9413 9599 9686 9263 8630 9504 9602 9323 9216 9500 9378 9362 9204 9484 9692 9791 9197 9836 9892 8486 7450 8092
9207 9696 9482 9276 9433 8263 8326 7893 8388 7382 5194 3265 5254 6337 8150 9673 9103 9095 9295 9162 9542 9529 9182 9587 9100 9312 9507 9574 9247 9140 9677 8748 3427 1246 4587 4269 2498 6970 8522 8398 9424 9448 9485 9348 9389 9491 8910 9286 9524 9643 9435 9297 9097 9031 8970 9026 9215 8998 8830 8868 8990 9171 9383 8924 9378 9396 3538 5824 9359 9131 9108 9680 9544 9510 9457 9731 9310 9406 9081 9504 9322 9455 9230 9015 9420 9137 9316 8912 8925 9172 9709 9806 9960 9486 8714 8928
7566 8740 9715 9550 7464 8506 8227 6304 5733 6946 6525 9226 5267 7015 4720 8039 7427 8474 9717 9194 9243 8352 8324 9207 8835 9000 9380 9230 9225 9127 8700 7730 1010 2515 4811 3360 7887 8845 7770 8719 9116 9646 9261 9357 9101 8921 9261 9353 9444 9531 9488 9117 9445 9279 8651 9312 8593 8730 8667 8670 9014 9027 9056 8136 6386 4928 2060 9270 9165 9275 9642 9744 8602 8647 9402 9677 9088 8188 9440 9398 9234 9552 9527 4829 8832 9219 8982 8942 8838 8976 9478 9767 9626 9646 9580 3659
5372 4345 5927 7421 9659 7301 7466 9162 9319 7346 7641 9461 9148 7150 7339 4260 6003 5049 4803 6628 7166 7297 9014 7848 8524 7747 9141 9387 9541 9734 9520 9134 6454 4890 5046 8457 9456 9171 8855 9423 9239 9243 9463 9171 9242 9401 9250 9253 9541 9320 9493 9068 9419 9414 9239 9376 9032 9417 8001 9251 9141 8988 6181 2392 3063 896 8316 9422 9688 9329 9697 9637 9286 9575 9640 8816 9494 9562 9334 9367 9468 9469 9311 8757 8922 9023 9362 9136 9337 8769 8158 8977 9489 9658 7454 1331
9417 9062 5156 6836 6527 8728 9511 9318 9464 9639 9513 9634 9664 9611 8778 8713 8822 6867 4439 4567 3891 4271 2989 7299 6027 6324 3676 7579 9555 9251 9665 7520 5195 3942 5963 9532 9062 8816 9282 9033 9303 9558 9787 9351 8853 8337 9212 9121 9411 9471 9580 9314 9503 9455 9117 9280 8997 9116 8901 9001 9170 8849 2715 0 397 6535 9690 9276 9494 9356 9572 9584 9360 9342 9553 9248 9667 9253 9493 9520 9524 9577 9244 8489 9302 9270 9391 9305 9568 9489 9558 9326 9342 2997 86 0
9931 9689 8776 7547 9865 9000 9598 9760 9667 9735 9462 9325 9106 9259 9314 9683 9659 8164 5746 5730 7917 8094 8336 3577 4548 5925 9564 4922 6951 9264 7391 6450 7873 8884 9403 9188 8957 8833 8849 9190 9629 9478 9521 9419 8995 9252 9221 8993 9489 9288 9369 9080 9360 9447 9203 8616 9266 9266 9295 8878 9237 4218 0 2160 8206 9211 9552 9527 9645 9461 9588 9294 9133 9664 9719 9027 8655 9638 9701 9257 9627 9479 9465 9128 8991 9330 9274 9425 9479 9483 9464 6688 6025 0 0 3031
6693 2411 24 3684 9141 6786 535 6602 9764 8917 9516 9721 9748 9663 9380 9662 9780 9398 7763 7930 9757 9770 9773 9623 7287 7535 9486 9520 5085 4237 5725 5847 9580 9396 9301 9547 8537 8273 8458 9307 9343 9319 9570 9288 8961 9353 9289 9099 9406 9179 9412 9544 9426 9341 9114 8996 9169 8865 9233 8500 5225 133 2449 8507 8992 9053 9634 9710 9587 9364 9401 8949 9684 9885 9804 8064 9444 9740 9566 9670 9787 8485 3452 4057 8468 9129 8842 9706 9599 9491 9273 1823 1607 5402 8541 9140
0 0 0 8104 9699 2543 0 7126 9499 8946 9813 9488 9521 9501 9396 9425 8962 9575 9648 9976 9870 9717 9803 6840 3153 5029 3568 4077 9663 8834 8575 9216 8008 9650 9636 9586 8911 8675 9455 9501 9360 9757 9454 8881 9282 7536 9322 9159 9435 8246 9592 9490 9304 9187 8795 8719 9303 9246 9182 2870 0 2104 8061 8412 9402 9439 9659 9641 9683 9363 9334 8771 9465 9774 9741 8335 9721 9618 9717 9449 4028 2135 5284 8528 9042 8422 9452 9564 9171 9747 4066 4280 9382 9346 9005 9414
0 0 0 580 1606 0 0 2387 7152 9394 9528 9782 9389 9405 9447 9425 9605 9492 9697 9587 9512 9894 9726 8695 7557 7077 6760 7400 6919 9646 8179 2177 3683 8073 9414 8672 9237 9032 9417 9882 9742 6820 4515 7034 7492 9254 9330 9379 9661 9229 9377 9526 9473 8835 9387 9296 9266 9199 4854 0 2629 8718 9457 9325 9507 9589 9566 9523 9567 9503 8133 8896 9431 9740 8152 9381 9622 9580 9658 2838 556 8159 8723 8943 8800 8142 9378 9465 9749 9361 4592 5998 9639 9504 9479 9094
0 0 0 0 0 0 0 0 3164 6686 2859 8782 9427 9427 9479 9461 9911 9439 9536 9476 9728 9684 9859 9939 9781 8239 9979 9777 7374 6898 8345 6465 1622 3568 8588 9941 9888 9927 9250 7937 9466 2774 0 0 3291 8002 9626 9562 9503 9280 9729 9609 9535 6772 9080 9048 9151 5833 230 1301 8930 8865 9279 9537 9614 9808 9512 9823 9563 9624 8964 9321 9403 9588 8446 9630 9726 9840 8462 67 3548 8447 9303 9223 5826 7885 9143 9480 9355 9508 8932 8668 9981 10000 10000 10000
7 438 0 0 0 0 0 0 0 0 0 3500 9384 9502 9014 8812 6039 3380 7912 9664 9657 9479 9228 9626 9729 9827 9861 9823 9782 9784 7723 0 0 4705 9755 9990 8193 8390 9992 4980 4292 3423 0 0 1425 3065 7113 9487 9615 9561 9677 9443 9502 9861 9840 9767 6284 0 0 6237 9007 9110 9271 9533 9395 9441 9503 9758 9560 9503 8710 9592 9843 9119 9059 9620 9826 6377 820 4815 9174 8448 8858 9456 9133 7920 8952 9571 9743 9866 9754 9070 9234 9935 8823 9071
7279 8608 6320 1291 0 0 0 0 0 0 975 3536 4722 6398 5502 5934 7459 9608 9405 9437 9376 9806 9886 9461 9371 9713 9551 9753 9423 9474 5765 1243 3158 3905 5748 9963 9780 9757 9690 3627 8364 6175 6399 6997 4563 1970 4773 1403 8170 9637 9471 9755 9971 8462 7780 7588 876 0 2424 8749 9144 9346 9484 9570 9597 9649 8787 9650 9821 9361 8626 9725 9808 5498 7747 9613 9058 3650 7488 8777 9703 8993 8569 9347 9246 8793 8127 8333 8487 9880 9914 9972 9924 10000 9260 9495
9868 9982 9968 9226 3353 1360 1477 4593 7282 4290 4515 9914 7764 3084 0 0 2705 5175 8326 9655 9920 6595 7341 4186 5792 9124 9785 9414 9499 9456 9340 9666 9426 9834 9352 9750 9971 9655 8898 8647 9844 7444 2436 8240 9018 7274 6448 531 138 4782 6246 5617 3429 4499 8716 264 0 4506 9447 9193 9347 9246 9482 9542 9598 9838 9552 9654 9650 9763 8260 9712 8944 4192 9270 9767 9807 9678 9321 9074 9395 8960 8752 9452 8747 9388 9572 9758 9718 8064 9587 9891 9956 9776 9926 9957
5465 9764 9816 9746 9638 9751 9474 9815 9281 9643 10000 9950 9869 1224 0 0 0 617 7511 9386 9485 9985 8380 9317 9806 9128 9849 7871 9703 9794 9357 9467 9617 9369 9516 9439 9448 7342 9793 9877 9416 3584 6965 2471 6808 10000 9469 3584 1337 2110 4600 8969 8701 7766 5351 0 2688 9703 9709 9427 7802 7395 9832 9571 9157 9851 9881 9738 9700 9743 8649 9801 9469 7620 9426 9693 9727 9612 9180 9617 9656 9038 7883 9084 8948 9885 9982 9858 9975 9710 8464 9803 9980 9777 9868 9649
6690 9697 9754 9487 9785 9882 9742 9732 9491 9637 9610 9668 9529 8671 6295 6989 9650 5252 3535 1727 8869 9788 7425 9456 9847 7909 4745 5395 9651 9488 9382 9626 9902 9628 9393 9352 9713 9570 9606 9667 9676 9753 9907 6408 8791 10000 4573 5869 5991 5049 6222 8737 7885 9296 1586 327 8246 9714 9726 9141 9675 9897 9796 9690 9862 9649 9965 9782 9592 9182 9014 9681 9455 7291 8243 9659 9755 9660 8913 9739 9307 9181 9133 8343 9467 9815 9997 9166 4641 4672 9782 8396 9562 9408 9422 9679
5343 9509 9684 9738 9752 9836 9816 9757 9637 9204 9404 9236 9331 9667 7589 9803 9782 9992 7238 0 3694 9662 4996 4628 9180 9041 1868 6079 8942 9584 9570 9574 9694 9531 8134 9203 9406 9543 9500 9443 9700 6991 5884 3994 6895 9876 8054 5580 6129 4282 9224 9237 1329 3437 0 4887 9749 9679 9492 9028 9724 9882 9612 9873 9513 9372 9618 9631 9558 8858 8778 9393 9438 8709 9090 9208 9445 9575 8647 9666 9490 9850 9942 9262 9308 9999 9976 2742 0 5059 9591 8713 8438 9403 9692 9409
8875 9652 9705 9797 9832 9661 9694 9458 9528 9400 8641 8949 9418 9829 9564 9621 9815 9984 9832 6078 8692 9742 9095 700 2502 9528 137 0 5788 9594 9851 9699 9634 9274 8716 9188 9596 6878 8004 9350 9189 2263 526 7871 9974 10000 10000 3679 9424 7027 3164 7235 0 0 1706 9302 9528 9681 9331 8928 9769 9760 9608 9754 9942 9959 9601 9835 9450 9010 8532 9444 9464 8422 9507 8415 9594 9624 8957 9741 9907 9994 9985 8543 9875 9811 9991 8426 6912 9801 9739 9523 6966 8812 4452 8112
9726 9754 9764 9854 9503 9807 9918 9755 9567 9259 9495 9681 9603 9946 9959 9782 5519 6115 9855 9883 9542 9013 9732 4331 2146 9954 3779 0 2016 3656 2374 2130 1725 1924 4047 8717 9303 4656 8219 9553 9932 7187 6580 9998 10000 9991 9977 10000 4690 3145 8100 4681 0 0 6261 9676 9658 9735 9618 9346 9973 9868 10000 10000 10000 9983 9684 9680 9136 6679 9303 9355 8593 9314 9355 9422 9602 9823 9403 9717 9982 9994 9976 9954 9837 10000 10000 9966 9923 9984 9844 4416 2576 3233 6314 974
9793 9672 9892 9911 9837 9822 9812 9793 9522 9403 9949 9773 9992 9859 9779 4226 656 4138 9734 9933 9562 7506 5920 1707 16 1345 41 225 177 0 0 0 0 5184 6563 3479 6669 9980 9979 9885 9983 10000 9995 9874 8992 9919 9998 9988 9445 7539 2187 0 0 328 8609 9538 9615 8428 8666 9021 9969 10000 10000 9991 10000 9898 8824 8597 9059 9654 9543 8669 9099 9382 9447 9979 9529 9992 10000 9868 9866 9960 9991 9934 9999 9271 9493 9313 9162 9911 9943 9679 8464 6747 618 4398
8584 9552 9780 9626 9621 9527 9698 9608 9768 9974 9926 9856 9912 9910 7877 4870 3369 7083 8263 8016 5484 3980 4081 2027 81 0 1580 8094 3326 0 0 0 0 596 5360 7317 2255 4356 6948 9987 8367 6795 8256 5992 2100 484 511 319 28 0 0 0 117 6121 9290 9370 9308 1017 6268 9603 9957 9981 9992 9885 9703 7946 9340 9959 9789 9715 9078 9099 9795 9928 9854 9939 9744 9918 9965 9930 9919 9723 9804 9448 6781 9023 9497 9429 9419 9562 9725 8974 9390 8553 3867 8706
9304 9443 9478 9511 9709 9806 9979 9987 9967 9905 9589 9511 9426 8420 8622 8845 9074 9811 9724 8718 9620 9475 8354 9857 9458 8980 9972 6695 573 940 429 0 0 0 2239 3289 7056 8155 8109 6796 7157 4971 1602 1810 2145 3140 4356 4294 5454 6511 4911 0 5522 9499 9622 9113 9205 9104 9348 9551 9545 9449 9392 9327 9321 7785 9294 9750 9545 9539 8517 9923 9785 8322 658 806 1416 4441 9961 9607 9295 9322 9621 9403 9589 7819 9384 9760 9556 9542 9660 9432 9257 9008 9061 9024
9350 9422 9447 9765 9846 9782 9879 9695 9312 8868 8854 8748 8911 9935 9855 9963 9707 7993 4983 3155 827 268 1522 4256 5083 3591 2425 4843 8408 9270 2226 0 0 0 723 6574 3788 4446 3335 3769 4863 7213 9350 9858 7559 4376 4463 123 3770 7387 2390 0 7043 5994 3390 5794 774 4734 9029 9090 9734 9839 9871 9942 9048 8994 9481 9700 9924 9383 8920 7989 2468 1189 0 0 0 4545 9118 9290 9684 7263 4026 7753 8878 8982 9073 9116 9122 9208 8712 9191 9181 9313 8828 9041
9619 9691 9896 9965 9755 9859 7810 4017 7472 9676 8885 8260 9910 8422 5360 2599 474 0 0 877 6045 7442 8079 8403 7894 7058 8110 6633 2166 4 0 0 0 0 0 410 1516 1082 1954 4221 4680 9660 9713 3605 5836 9543 5694 0 5485 9014 1171 1291 2634 201 2146 4616 8967 9216 9562 8615 9663 9681 9772 9589 9327 9418 9907 7419 7396 4214 9764 8617 1623 0 0 221 1733 8111 9485 9368 9508 8143 8274 8093 6278 9445 9424 9468 9377 9264 9319 9371 9099 9083 8447 9301
9886 9991 9842 9683 9419 4140 2544 7349 9839 6928 4651 4073 1512 7 0 0 0 0 0 279 3477 3018 550 1203 2839 726 0 465 2009 657 866 1979 38 585 58 0 0 0 515 5895 9648 9864 3821 102 2830 3851 2362 468 7056 1745 0 2370 7937 8085 9824 4689 3118 9520 9240 9283 8839 9852 9989 9400 9124 4486 1622 5 166 5103 9874 9996 4402 0 0 5531 8051 6569 9557 9552 9290 9193 9424 9472 9681 9783 9174 9801 9715 9261 8788 8730 8722 9279 8714 8752
9249 9583 9585 5454 1829 5001 9418 7207 2288 0 0 0 0 0 0 0 0 0 0 0 0 0 0 0 2656 6869 5536 8101 9902 8824 3022 7607 7273 6590 26 0 0 0 0 370 7331 6907 10 3605 4886 5255 5418 8098 7027 6808 6711 5057 9316 9856 7700 2382 8244 9739 9977 9376 8621 9814 5531 4302 9460 6744 5 0 0 3652 7096 6382 672 0 551 6245 5743 9678 9893 9291 9238 9327 9974 9883 9790 9473 8679 9432 9249 9518 9093 8517 8477 8894 8676 8674
9252 6095 5885 6427 4785 7655 4671 6 0 0 0 0 0 0 0 0 0 0 0 0 0 0 0 0 2808 6899 6581 7639 9955 9942 9920 9261 8700 514 0 0 0 0 0 0 504 3097 3940 8322 9912 9616 9703 9574 9835 9859 9108 5963 8017 6994 826 1446 3537 2981 2688 600 1485 8159 8048 220 348 39 0 0 0 0 0 0 0 0 610 1007 9686 9792 9865 9728 9501 9554 9407 9959 9969 9711 9216 8963 9491 9677 9557 9194 9102 9272 9231 9604
261 2443 5768 2351 7026 1408 0 0 0 0 0 981 174 0 0 0 0 0 0 0 0 0 0 0 0 0 0 785 4493 5769 3750 4730 1416 0 0 0 0 6 1009 2515 6298 9790 9912 9930 8655 5919 8416 9714 9652 9703 9085 9149 4794 7393 6140 7858 9118 8870 7223 9090 9818 9548 3559 0 0 0 0 0 0 0 0 0 0 0 180 3803 9612 9516 9848 9935 9987 9013 2618 1756 3862 6526 8206 9710 9524 9191 6331 8111 9695 9258 9378 9524
3792 1055 0 1595 2349 0 0 0 0 216 4872 6423 2036 125 0 0 0 0 0 0 0 0 0 0 0 0 217 1194 2494 2915 0 211 0 0 0 827 2910 8250 9717 9278 8947 9872 8220 2034 59 0 5330 9264 9455 9186 9090 9678 9509 6526 5521 8112 8949 8923 9469 9215 8980 2528 448 19 123 2592 280 0 0 0 0 0 383 5416 8511 9413 9892 9657 9743 9901 9486 9570 8923 7035 8982 4004 746 613 1939 639 1631 8010 9280 9568 9751 9594
3 132 3989 6008 4399 0 0 0 0 0 201 4534 1256 0 0 0 0 0 0 0 0 0 0 0 94 6333 7942 7678 7545 1516 0 0 0 0 123 6399 5476 4296 7800 9289 9375 9842 6712 0 2209 8812 9248 9681 9764 9545 7875 9205 9439 9477 6929 6751 8114 8529 8336 7867 7848 8305 8949 7722 8219 7870 15 0 0 0 0 427 3338 9524 9838 9841 9974 9966 9915 9612 8773 8671 9240 9300 9128 7711 2145 9058 9384 2472 5319 8996 9164 9339 9033 9523
5551 8675 3647 1635 4442 0 0 0 0 0 0 0 0 0 0 0 0 0 0 0 0 0 0 0 4292 8885 6128 1769 25 0 0 487 3833 6402 9282 9550 6820 8278 2312 4492 9934 9883 4682 0 244 1018 1182 2091 1945 157 0 1944 7184 8987 7242 4135 9041 9281 8709 9023 9387 7710 2711 8885 8168 6896 0 0 0 0 0 6551 9930 9904 9890 9912 9871 9841 9892 9524 8594 2736 7120 9215 9172 8905 8981 9756 9686 7603 9640 9583 9673 9504 9367 8519
1327 0 1 2044 7545 1747 0 0 0 0 0 0 0 0 0 0 0 0 0 0 0 0 0 0 1756 3631 4347 594 2076 567 5030 7290 9877 9963 9850 9802 9910 9881 6704 3754 9379 9787 9882 7256 1891 0 0 0 0 630 7008 3136 946 1266 5054 4738 3939 3894 8984 9619 9318 4443 2870 5898 1168 5698 0 0 0 1205 2916 4693 9888 9370 9633 9809 9807 9962 9970 9870 9861 8962 9193 9618 9813 9779 9796 9592 7765 4051 9540 9643 9797 9901 9748 8903
