gis_files/fsoildep100_150.asc
ncols         625
nrows         694
xllcorner     895000
yllcorner     515000
cellsize      5000
NODATA_value  -9999
[rows 153 to 203 of 694, columns 192 to 287 of 625]
0 2530 5829 0 0 0 375 0 3186 9817 9849 7131 6116 9752 4209 4912 3287 626 54 25 0 0 1570 1842 0 1531 7773 1576 7516 10000 6697 6991 9437 9534 8482 8553 8071 6571 4136 190 0 940 6123 2278 4946 3483 111 0 215 7793 7161 6259 10000 5995 7122 7933 10000 9239 7676 4637 0 0 0 0 0 0 0 0 0 0 0 0 0 0 0 0 0 0 0 0 0 0 0 0 0 0 0 0 0 0 0 0 0 0 0 0
2216 6525 8316 410 0 0 0 0 0 6092 7049 86 7974 5974 3072 6627 1554 5537 6259 3632 1190 1216 4627 2866 920 0 3420 4891 10000 9864 5321 5066 3723 4536 0 2395 1225 0 0 0 0 6602 4253 7438 3150 420 0 0 0 5339 8102 8879 8922 7599 8388 9690 5135 8796 8113 8470 958 0 0 0 0 0 0 0 0 0 0 0 0 0 0 0 0 0 0 0 0 0 0 0 0 0 0 0 0 0 0 0 0 0 0 0
6495 2194 1909 3619 941 0 0 0 0 867 3914 0 5766 3206 4720 5863 4136 3085 9344 7466 5995 6748 7052 3857 74 0 3576 8728 7047 2363 0 0 196 6301 355 8404 8303 669 0 0 559 6062 9568 6444 8417 2481 0 0 0 3206 9443 7529 7257 9659 8633 4042 836 5866 6319 8237 4546 0 0 0 0 0 0 0 0 0 0 0 0 0 0 0 0 0 0 0 0 0 0 0 0 0 0 0 0 0 0 0 0 0 0 0
561 618 0 49 3413 34 0 0 0 0 0 1205 9163 9091 6531 7854 9229 8431 9943 6483 3456 4655 7771 7761 892 0 0 0 0 0 0 0 3106 640 5298 9979 4555 72 0 2617 8499 7174 6851 8382 1599 9029 3940 1 0 3412 3784 7830 5906 5973 6380 334 6187 9879 3801 6700 5694 2195 0 0 0 0 0 0 0 0 0 0 0 0 0 0 0 0 0 0 0 0 0 0 0 0 0 0 0 0 0 0 0 0 0 0
8450 8070 2847 0 111 995 1 0 0 0 0 431 2686 9742 6276 6116 2830 8579 9853 8488 8177 6259 9746 9120 1585 0 0 0 0 0 0 0 2679 0 2318 3535 0 0 12 6596 9721 5239 8670 8138 6387 8116 9713 7451 764 3115 5089 9723 8585 5961 1011 1796 5 7384 5504 1323 1625 614 0 0 0 0 0 0 0 0 0 0 0 0 0 0 0 0 0 0 0 0 0 0 0 0 0 0 0 0 0 0 0 0 0 0
8977 9152 7750 422 0 134 1312 2 0 0 0 0 0 319 520 3092 5251 6989 6488 1300 6411 9755 9311 8384 5825 0 0 0 0 0 0 0 0 0 0 0 0 0 3961 9711 9773 3793 10000 10000 9866 9882 8628 2387 2633 471 5574 5339 8086 9039 4997 6329 5313 6087 4387 0 0 0 0 0 0 0 0 0 0 0 0 0 0 0 0 0 0 0 0 0 0 0 0 0 0 0 0 0 0 0 0 0 0 0 0 0
9439 9000 8905 121 0 0 0 40 0 2736 88 0 0 0 0 2698 6607 5422 7306 3075 3608 4220 7086 3407 1394 0 0 0 0 0 0 0 0 0 0 0 25 1095 4348 9999 9985 7172 2495 5751 8183 9815 7714 2191 118 2651 622 1769 4873 9109 7078 3339 1517 0 0 0 0 70 0 0 21 0 0 0 0 0 0 0 0 0 0 0 0 0 0 0 0 0 0 0 0 0 0 0 0 0 0 0 0 0 0 0
9327 9424 9377 7531 681 0 0 0 397 6550 1137 0 0 0 0 392 3118 8961 5643 4729 6817 4768 181 0 0 0 0 0 0 0 0 0 0 0 0 0 3526 3616 1965 1209 765 3772 5624 4219 8911 9879 9998 10000 9047 4476 0 4496 9951 10000 6536 61 0 0 0 0 0 7409 4885 4699 7081 1026 0 0 0 0 0 0 0 0 0 0 0 0 0 0 0 0 0 0 0 0 0 0 0 0 0 0 0 0 0 0
9448 8748 8983 9191 8533 7022 2519 1087 0 0 0 0 0 0 0 0 1452 4618 2829 6124 3372 5027 770 534 1047 0 0 0 0 0 0 0 0 0 0 222 6381 1 32 4875 6576 2102 2346 1895 9997 9959 10000 10000 9960 3828 0 1951 3126 4348 3373 4670 481 2108 0 232 0 1131 1495 429 0 0 0 0 0 0 0 0 0 0 0 0 0 0 0 0 0 0 0 0 0 0 0 0 0 0 0 0 0 0 0 0
9465 8156 9386 9016 9039 8796 8874 9395 7766 7971 7849 666 0 0 0 0 0 362 7555 6013 4475 2460 0 1141 2023 0 0 0 0 0 0 0 0 0 0 1475 2057 499 5154 4852 2153 1586 136 7065 9405 10000 10000 6792 2391 6 0 0 0 104 8042 7171 20 7203 5672 9910 1058 0 0 0 0 0 0 0 0 0 0 0 0 0 0 0 0 0 0 0 0 0 0 0 0 0 0 0 0 0 0 0 0 0 0 0
8954 5187 7765 9106 9503 7309 9236 9453 9071 9524 9560 4682 0 2460 66 0 0 71 2895 98 0 0 0 0 0 0 0 0 0 0 0 0 0 0 0 1198 3007 5578 1665 0 3913 73 450 1683 4901 5133 8430 1852 0 0 0 937 25 5881 9195 1083 0 1699 3122 5294 82 0 0 243 2317 1993 0 0 0 0 0 0 0 0 0 0 0 0 0 0 0 0 0 0 0 0 0 0 0 0 0 0 0 0 0 0
9131 6776 9202 9198 9202 8499 9494 9259 9364 9353 9151 9143 5734 9284 1042 0 0 0 0 0 0 0 1136 1992 2529 0 0 0 0 0 0 0 0 0 0 1 5217 428 0 0 2731 0 11 3331 0 4645 4836 0 0 0 0 2990 3902 3281 2835 0 0 0 0 0 0 0 1087 5551 10000 4146 0 0 0 0 0 0 0 0 0 0 0 0 0 0 0 0 0 0 0 0 0 0 0 0 0 0 0 0 0 0
9103 9119 9119 9119 8796 5100 8889 8734 9607 9606 9136 9560 9387 8881 8357 2672 303 163 3089 4394 952 474 2307 6909 1478 4481 4850 929 0 0 0 0 0 0 0 0 100 33 0 0 0 0 1400 1001 0 2139 5545 0 0 0 34 1111 2300 2021 2069 68 0 0 0 0 0 0 6220 10000 8716 5943 1421 0 0 0 0 0 0 0 0 0 0 0 0 0 0 0 0 0 0 0 0 0 0 0 0 0 0 0 0 0
9302 9266 8852 9216 8671 3610 2246 6863 9415 9502 9324 9523 9107 9628 9618 7548 9006 8217 2025 4709 9490 1415 144 4798 8386 8051 7334 7900 2338 3977 2959 4058 1590 3263 3264 1377 3962 0 0 0 0 0 0 0 1 1059 3818 0 0 0 3278 10000 9308 8432 1917 4798 4944 3647 4721 6427 5352 3369 2482 9005 35 0 3346 0 0 0 0 0 0 0 0 0 0 0 0 0 0 0 0 0 0 0 0 0 0 0 0 0 0 0 0 0
9490 9180 8881 9468 9603 9657 6349 8518 9465 9062 9247 9073 9244 9625 9470 8677 9321 9165 6514 0 3184 2499 5017 6232 5246 8479 9358 9076 6819 1603 1887 5149 3024 755 6172 6282 4630 1491 0 0 0 0 2384 2662 1881 6139 740 0 0 1031 5708 2711 3547 9384 8126 9266 228 646 1604 1649 2759 5504 3631 9173 453 0 0 1318 1032 0 0 0 0 0 0 0 0 0 0 0 0 0 0 0 0 0 0 0 0 0 0 0 0 0 0 0
9180 9432 9594 9391 9647 9672 9449 9575 9410 9142 9025 9340 9588 9588 9543 9501 9095 9559 8791 2051 1621 5335 137 0 1737 5929 8483 9938 7921 5486 0 0 287 5386 1527 1131 135 137 0 0 0 0 1194 728 3914 7948 6307 486 0 0 0 2888 9294 9913 9973 9948 2703 26 897 4589 5212 617 8800 7072 1764 0 0 2546 9326 6719 1684 0 0 0 0 0 0 0 0 0 0 0 0 0 0 0 0 0 0 0 0 0 0 0 0 0
9302 9346 9515 9398 9709 9693 9515 9447 9438 9653 8556 9554 9187 9481 9599 9490 9270 9215 9170 5584 2142 5964 4568 29 0 346 3826 4479 6513 8879 4235 0 0 0 0 0 69 5962 2568 0 0 0 0 0 0 4942 2183 589 0 0 0 0 2547 5981 2297 2760 2557 3981 256 1612 4493 4677 10000 9356 382 0 0 0 2343 9913 8540 6066 314 1615 6348 2 0 0 0 0 0 0 0 0 0 0 0 0 0 0 0 0 0 0 0 0
8822 9647 9569 9604 9367 9682 8779 8227 9444 9524 9608 9681 9621 9665 8569 3616 8890 9417 8519 7283 5881 8398 8054 4809 1148 0 0 0 0 561 7189 1200 755 5895 160 0 0 2743 3167 0 0 0 0 0 0 254 365 0 0 0 0 0 0 146 3065 7 0 0 0 0 898 8821 10000 10000 2376 0 0 0 1177 9808 7555 7591 7269 8640 4116 0 0 0 0 0 0 0 0 0 0 0 0 0 0 0 0 0 0 0 0 0
9571 9476 9431 8758 9142 9405 9491 9485 9664 9478 9626 9487 9591 9545 3755 3495 8962 8728 6874 2069 8675 9331 9316 8686 9301 6298 1080 0 0 0 0 45 3522 9691 3305 0 0 4316 4410 3667 0 0 336 35 0 0 0 0 0 0 0 46 3381 0 1059 3849 1995 0 0 0 235 9009 9990 9839 7142 0 0 3067 6586 9669 6053 2275 9793 9790 4668 1722 0 0 0 0 0 0 0 0 0 0 0 0 0 0 0 0 0 0 0 0
9543 9382 9389 9687 9093 9574 9384 9712 9639 9208 9486 9581 9654 9313 9223 8609 8051 8155 1441 7809 9444 9352 9527 8905 9673 8943 8652 4644 540 0 0 0 2529 9470 5493 0 0 784 1553 8704 36 508 5766 1415 0 0 0 0 0 0 3488 5852 6889 0 2671 1963 3434 3527 505 0 0 1458 731 6082 3073 782 2754 6374 4045 2832 126 753 6997 7368 8705 3684 140 0 0 0 250 3972 4132 298 0 0 0 0 0 0 0 0 0 0 0 0
9542 9672 9443 9646 9466 9445 9549 9417 9481 9451 9500 9565 8749 9510 9533 8188 9256 5501 7618 9465 9501 9582 9439 8921 8700 9093 10000 8991 8353 1452 0 0 137 7342 6264 2329 0 0 2668 7193 310 5638 9853 9102 1501 0 20 0 0 0 0 2847 7863 5342 5089 6259 2575 2795 5972 1873 0 0 0 3913 2976 4096 4112 5446 155 0 0 0 0 1322 9116 8375 5564 7892 7679 8134 9672 9749 2102 0 0 0 0 0 0 0 0 0 0 0 0 0
9545 7313 9324 9706 9720 9337 6829 7132 9379 9553 7930 9443 9391 9293 8813 9396 6374 6888 8641 7332 5122 8965 8923 9450 8889 9236 9739 8834 9273 7167 19 0 0 34 0 0 0 0 0 0 0 6017 5363 1609 0 1827 3861 0 0 0 534 5173 1363 5062 0 873 3786 3237 3460 4359 4273 3436 3121 3911 4137 0 778 565 0 0 0 0 0 2 7597 8610 7014 9904 9727 9731 9960 9767 464 0 0 0 0 0 0 0 0 0 0 0 0 0
8443 9316 9647 9508 9539 8170 5531 6566 9748 9532 9692 9306 9209 8938 9165 5999 8102 9545 9541 5740 2708 8584 9367 9674 8724 8212 8978 8938 8764 7933 569 0 0 1 213 0 0 0 0 0 0 468 3421 285 811 4289 8885 2039 0 0 0 1556 2789 530 0 0 0 0 106 2369 3408 2599 2511 2104 141 0 0 0 0 0 0 0 0 0 91 529 0 748 1647 4399 9046 7558 232 0 0 0 0 0 0 0 0 0 0 0 0 0
9745 9563 9579 9628 9662 9277 9546 9297 9673 9412 9037 9362 9471 7656 6193 8737 9414 9557 9444 8371 8147 9114 9341 9595 9467 8955 7808 8895 9064 8900 6098 2595 21 2175 1690 0 0 0 0 0 0 0 0 0 588 384 2537 620 0 0 0 442 0 0 0 0 0 0 0 0 0 0 0 0 0 555 6166 2635 1410 0 0 0 0 0 0 0 0 0 0 0 0 0 0 0 0 0 0 0 0 0 0 0 0 0 0 0
9529 9450 9411 9541 9370 9191 9676 9553 8833 9259 8849 9493 9535 6309 8272 9433 9495 9367 9520 9290 9608 9120 9425 9474 9233 9226 4466 6728 9019 9874 9697 8791 3973 4322 0 312 0 0 0 0 0 0 0 0 0 0 0 0 0 0 0 0 0 0 0 0 0 0 0 0 0 0 0 0 0 5070 5228 6912 9969 7096 6683 1067 0 0 0 0 0 0 0 0 0 0 0 0 0 0 0 0 0 0 0 0 0 0 0 0
9762 9705 9662 9648 9515 9757 9460 9498 7722 9558 9577 9614 8387 5750 9415 9342 9538 9639 8891 9448 9388 9132 9558 9536 9368 9175 8694 8546 9126 9838 9912 8046 5939 2272 3672 7086 0 0 0 0 0 0 0 0 0 0 0 0 0 0 0 0 0 0 0 0 0 0 5271 3632 0 0 0 0 1803 8185 9677 9921 9960 9977 9857 3962 0 0 0 0 0 0 0 0 0 0 0 0 0 0 0 0 0 0 0 0 0 0 0 0
8950 8763 9453 9531 9743 9804 9731 9343 8990 9233 9311 9608 8920 7234 8057 9554 9629 9395 9349 9429 9448 9332 9457 9204 9234 9364 8902 9448 9397 9149 9700 7746 5401 7548 9760 9624 1457 7 0 0 0 0 0 0 0 0 0 0 0 1632 815 2002 532 0 0 0 0 0 7517 2772 0 146 2640 1047 0 2032 5158 4867 6697 3536 5394 2093 0 0 0 0 0 0 0 0 0 0 0 0 0 0 0 0 0 0 0 0 0 0 0 0
9582 9777 9611 9602 9492 9494 9666 9666 8619 5506 8326 9243 7993 6404 9419 9555 9553 9089 9505 9436 9410 9352 8892 9392 9412 9318 9131 9233 9581 9051 9485 9431 5604 9501 9417 9978 9539 7945 3115 571 1828 0 0 0 1569 0 0 0 1217 9873 9816 10000 5078 0 0 0 0 0 5808 0 0 2521 8327 1684 0 0 6399 9833 9208 6343 9685 1675 0 0 0 0 0 0 0 0 0 0 0 0 0 0 0 0 0 0 0 0 0 0 0 0
9327 9576 9617 9541 8869 9185 9614 9565 7390 1359 8147 9489 5835 7754 9244 9430 9509 9541 9426 9242 9211 9479 6635 8687 8897 9387 9136 9843 9595 9663 9506 9311 4461 8811 9689 9738 9877 9626 9493 7926 1541 0 0 0 6403 1283 0 0 506 9894 9807 10000 3931 0 0 0 0 587 4125 0 0 276 683 0 0 0 0 3465 9516 3205 1507 0 0 0 0 0 0 0 0 0 0 0 0 0 0 0 0 0 0 0 0 0 0 0 0 0
9819 9494 9689 9567 9842 9743 9692 9279 9215 7767 9706 8572 6132 9498 9110 9470 9391 9280 9028 9079 9353 9565 8869 8940 8990 9073 9087 7104 9745 9628 7390 7260 6417 9316 9431 8303 9174 9951 9357 9127 59 0 0 0 5254 8919 1815 0 1765 9992 9737 7579 7328 0 0 0 0 0 0 0 0 0 0 0 0 0 0 0 4229 5096 0 0 0 0 0 0 0 0 0 0 0 0 0 0 0 0 0 0 0 0 0 0 0 0 0 0
9724 9507 9668 9477 9707 9701 9590 9444 9676 8398 9641 8715 5065 9568 9188 9238 9414 8671 9058 9299 9219 9382 9106 8560 9120 9387 9199 5731 9105 9292 5940 9036 5872 9215 9365 7770 9628 9498 9007 9622 4704 385 0 0 0 396 5283 128 4194 9584 7753 3902 4592 37 0 0 0 0 0 0 0 0 0 0 0 0 0 0 142 6273 1929 0 0 0 0 0 0 0 0 0 0 0 0 0 0 0 0 0 0 0 0 0 0 0 0 0
9623 8652 9258 9558 9832 9601 9226 9428 8748 8522 9573 6935 8238 9180 9360 9396 9326 9359 9229 9568 9179 8994 8961 8887 9387 9531 9093 9247 9078 5403 5322 5574 9015 9131 9400 9208 9245 9118 8969 8597 8018 634 0 0 0 0 0 0 49 1250 279 0 0 0 0 0 0 0 0 0 0 0 0 0 0 0 0 0 0 794 3107 0 0 0 0 0 0 0 0 0 0 0 0 0 0 0 0 0 0 0 0 0 0 0 0 0
9828 9672 9627 9676 9380 9125 8229 6809 9111 9156 9489 8273 7394 9166 9390 9056 9210 9141 9545 9205 9634 9338 8314 5571 9238 9673 9236 9303 8786 3838 8744 9180 8612 8785 9179 9077 9526 9153 8901 9440 5714 6868 3134 0 0 0 0 0 0 0 0 165 0 0 0 0 0 0 0 0 0 0 0 0 0 0 0 0 0 0 0 0 0 0 0 0 0 0 0 0 0 0 0 0 0 0 0 0 0 0 0 0 0 0 0 0
9952 9625 9569 9591 9561 9423 8083 6490 7210 7015 9390 8662 5979 9472 9149 6437 8346 9007 9490 8930 9039 8956 8106 3018 8306 9313 8978 9068 7252 6102 7514 8849 9177 9485 9102 9167 9348 8547 9095 9822 8606 8487 9494 5924 9 0 0 0 0 914 273 4269 3572 12 0 0 0 0 0 0 0 0 0 0 0 0 0 0 0 0 0 0 0 0 0 0 0 0 0 0 0 0 0 0 0 0 0 0 0 0 0 0 0 0 0 0
9543 9497 8513 8942 9372 9209 8845 6749 4096 3421 9513 9180 5805 8330 8930 9240 8854 9365 8913 9129 9528 9290 9244 8518 8290 9439 9059 9410 7703 1240 8784 7204 8880 8742 9202 9280 9416 7072 7521 9718 8240 7103 7827 7947 8032 8719 5445 1373 4464 9434 7833 1547 8318 1710 0 0 0 0 0 0 0 0 0 0 0 0 0 0 0 0 0 0 0 0 0 0 0 0 0 0 0 0 0 0 0 0 0 0 0 0 0 0 0 0 0 0
9611 9710 9656 9274 9629 9680 9778 8484 5483 4318 9127 8817 6844 9250 9387 8244 9006 9176 9485 9133 9022 9393 9423 8776 9407 9384 9367 9367 9595 4965 8039 6028 8772 9445 9528 9387 9453 9434 6866 8639 9292 6839 8906 8776 7546 9242 9443 9443 8578 9419 9648 7721 8764 2147 5451 5669 0 0 0 0 0 0 0 0 0 0 0 0 0 0 0 0 0 0 0 0 0 0 0 0 0 0 0 0 0 0 0 0 0 0 0 0 0 0 0 0
9325 9717 9377 9681 9376 9324 9548 9357 9163 8201 9679 9182 5591 9458 8521 9228 9044 9249 9167 9187 9267 9461 9392 9327 9365 9580 9011 9237 9680 7975 2961 9353 9429 9376 9134 9603 8915 9547 5304 7839 6898 6678 9620 9837 9180 9788 7311 7273 9472 9731 8443 9595 9883 8748 9975 6940 0 0 0 0 0 0 0 0 1983 5420 0 0 0 0 0 0 0 0 0 0 0 0 0 0 0 0 0 0 0 0 0 0 0 0 0 0 0 0 0 0
9755 9557 9535 9764 9820 9574 9177 9405 9254 8460 9280 9164 5597 9119 9367 9101 9266 8983 8368 8871 9347 9246 9499 7777 9128 9522 9601 9104 9160 8917 3560 9177 9400 9235 9122 9455 9380 9396 8721 6328 5639 8953 9502 8603 9057 8993 9906 9452 9782 9869 8355 9552 9913 9924 9758 8704 395 2839 210 0 0 0 0 0 0 4024 1254 0 0 0 0 0 0 0 0 0 0 0 0 0 0 0 0 0 0 0 0 0 0 0 0 0 0 0 0 0
9541 9563 9752 9657 9751 9595 9622 9641 9533 7151 9123 9646 6447 9357 9082 9077 9459 9040 9247 9506 8938 9138 9443 9075 9368 9369 9521 9443 9589 9760 5031 8893 9397 9260 9090 9497 9484 9456 9569 6662 7279 6558 8612 9726 9558 9554 9062 6822 8809 9711 8628 9643 9591 9896 9700 9934 4465 5889 1390 0 0 0 0 0 0 472 1986 0 0 0 0 0 0 0 0 0 0 0 0 0 0 0 0 0 0 0 0 0 0 0 0 0 0 0 0 0
9665 9930 9790 9639 9767 9482 9643 9362 9434 9469 9212 9520 6118 9270 9208 8947 9192 9303 9442 9179 9348 9484 9343 9157 9307 9354 9322 9478 9337 9839 7177 7333 9244 9261 9236 9270 9398 9397 9248 8303 6482 5069 8691 9644 9593 8842 7931 8705 8620 8493 9864 8475 9660 9399 9869 9687 9972 8691 4855 6455 1501 0 0 0 0 0 0 0 0 0 0 221 0 0 0 0 0 0 0 0 0 0 0 0 0 0 0 0 0 0 0 0 0 0 0 0
9844 9616 9722 8092 9617 9590 9364 9451 9471 7887 7910 9535 5162 8835 8977 9329 9314 9649 9237 8932 9309 7917 9504 8504 9362 9449 9440 9453 9111 9873 6689 7644 9544 9347 7725 9285 9017 9170 9257 9658 9618 5833 7536 9471 9738 9483 8826 9143 9307 9104 9647 9544 9801 7423 5019 9039 10000 9860 9127 9157 8026 6209 2256 0 0 0 0 0 0 0 1043 6855 4134 0 0 0 0 0 0 0 0 0 0 0 0 0 0 0 0 0 0 0 0 0 0 0
9727 9693 9642 9565 9199 9331 9712 9398 9534 9327 7755 9178 5430 8837 6516 9193 9302 9334 9040 9136 9460 9134 9227 7682 9205 9354 9349 8306 9469 9188 6633 7023 9564 9431 9555 9533 9496 9346 9378 9675 9569 6340 8763 9604 9610 9459 9050 9739 8646 9378 9675 9330 9297 9541 9371 9805 10000 10000 8723 8955 10000 9367 8524 5192 213 0 0 0 246 6608 6019 8261 2498 0 0 0 0 0 0 0 0 0 0 0 0 0 0 0 0 0 0 0 0 0 0 0
9679 9647 9829 9589 9426 9792 9611 9614 9509 9262 7066 9313 5452 9070 8694 9265 9185 9393 8513 9197 9072 9440 6295 4564 8799 9411 9319 9301 9523 9570 4926 7382 9674 9590 9615 9694 9513 9268 9232 9558 9308 6823 7922 8412 9308 8887 9308 9709 8821 8346 9556 9438 9568 8568 8867 9432 8701 9243 9193 9038 9928 7982 8165 8843 8317 5805 5018 6547 7173 8473 3800 0 0 0 0 0 0 0 0 0 0 0 0 0 0 0 0 0 0 0 0 0 0 0 0 0
9489 9725 9734 9331 9706 9701 9735 9684 9441 2026 748 8333 6023 7597 9310 9106 9459 9052 9150 9406 9219 8689 2861 1345 6270 9057 9438 9106 9318 9407 4332 9445 9595 9480 9347 9362 8657 9247 9586 9550 9539 8653 4397 8307 9365 8705 9419 9227 9564 8311 9747 9310 9922 9691 9397 9239 4339 9345 9283 8981 9293 9143 8363 9074 8783 8546 8304 8776 9309 8521 723 0 0 0 0 0 0 0 0 0 0 0 0 0 0 0 0 0 0 0 0 0 0 0 0 0
9820 9083 9514 9468 9671 9521 9363 8804 9336 8705 6502 5850 9398 5459 9101 8840 9405 9590 8966 9150 9436 8143 1981 1103 6440 9302 9242 9384 9395 9478 5255 8769 9520 9495 9111 9541 9518 9477 9568 9371 9569 9498 5673 8065 8944 9117 9550 9232 9109 8533 9460 9215 9809 9695 9912 9856 8591 9188 9755 7163 6857 9946 8455 9189 6177 6054 8697 8037 9505 6498 0 0 0 0 0 0 0 0 0 0 0 0 0 0 0 0 0 0 0 0 0 0 0 0 0 0
6786 527 5552 8460 9879 9684 9171 8914 9413 9212 8634 5768 8057 5150 9154 8888 9324 9375 9525 9422 9309 8717 6380 8975 9514 8925 9373 9356 9467 9111 5419 6980 9604 9459 9641 9497 9545 9148 7342 9359 9501 9552 9137 5954 9312 9537 9508 9485 8862 9275 9362 9153 9744 8851 9842 9921 9986 9740 7701 9654 6244 9071 9188 8935 9167 9632 9521 8942 9624 7286 0 0 0 0 0 0 0 0 0 0 0 0 0 0 0 0 0 0 0 0 0 0 0 0 0 0
9135 6538 6332 8523 9722 9864 9668 8507 9106 9372 8615 4227 8049 6981 8059 8705 9696 9205 9651 9294 8022 8412 9171 9248 9360 9352 9450 9265 9337 9476 6309 4498 9490 9525 9588 9485 9561 9570 8851 9010 9514 9178 8947 2540 8064 9202 9292 9507 8325 9420 9604 9120 9517 9299 9897 9554 9866 9625 9109 9825 9648 9848 9756 9306 9533 9659 9650 9950 8860 7877 0 0 0 0 0 0 0 0 0 0 0 0 0 0 0 0 0 0 0 0 0 0 0 0 0 0
9667 9516 9544 9471 9498 9738 9876 9644 8547 8780 5703 5561 7448 7153 7967 9417 9196 9238 9357 8921 6139 9414 9244 8917 9241 9293 9287 9502 9460 9672 6029 4879 9117 7892 9367 9345 9316 9408 8889 8880 9043 8734 7670 4525 4909 8984 9152 9306 7741 6995 9540 9304 8580 9572 9750 9580 9373 9307 8812 9543 9801 9711 9692 9600 8859 9749 9967 9974 7454 1686 0 0 0 0 0 0 0 0 0 0 0 0 0 0 0 0 0 0 0 0 0 0 0 0 0 0
9749 9496 9254 9689 8899 9672 9418 9774 9124 9824 5996 6370 4245 5790 1083 8145 8866 8821 9391 6712 8508 9046 9427 9534 8568 9293 9529 9461 8842 9078 8810 4910 8806 9762 9641 9188 9480 9536 9444 9062 8979 9230 8518 9057 5804 8450 9570 9162 8065 8120 9466 9451 9095 9372 9524 9505 9426 8808 7806 9684 9612 9635 9241 8975 8852 9848 9831 9991 10000 5813 0 0 0 0 0 0 0 0 0 0 0 0 0 0 0 0 0 0 0 0 0 0 0 0 0 0
9650 8999 9698 9898 9799 9253 8369 7327 7650 8861 3179 636 1518 1286 1707 2667 8294 8613 8421 9366 9193 9425 8123 9219 3761 7538 8859 8986 9380 9411 9574 6118 6146 9639 9041 9671 9456 9424 9285 9231 9477 9390 9009 9278 7589 4709 8088 8943 9598 9511 9500 9605 9342 9204 9142 9174 8604 9091 9277 9618 9324 9378 9259 7986 9091 9467 9339 9990 10000 9859 3013 1014 0 0 0 0 0 0 0 0 0 0 0 0 0 0 0 0 0 0 0 0 0 0 0 0
9596 9021 9403 9444 9663 9631 9481 5825 4621 6282 1936 1324 1248 2756 1438 379 2070 2214 2028 5531 7224 9082 9041 9086 9334 9252 9428 8599 9559 9465 9519 8235 6092 8552 9750 9699 9408 9379 9427 9093 9397 9089 9322 9498 9088 9406 5467 9120 8608 9486 9083 9662 8993 9433 9070 8110 9439 9403 8928 9394 9359 9372 9068 8155 9492 9611 9951 10000 10000 9783 8432 7525 8495 236 0 0 0 0 0 0 0 0 0 0 0 0 0 0 0 0 0 0 0 0 0 0
