gis_files/fsoildep100_150.asc
ncols         625
nrows         694
xllcorner     895000
yllcorner     515000
cellsize      5000
NODATA_value  -9999
[rows 204 to 254 of 694, columns 480 to 575 of 625]
0 0 0 0 0 0 0 0 0 0 0 0 0 0 0 0 0 0 0 0 0 0 0 0 0 0 0 0 0 0 0 0 219 2216 0 624 9995 9998 10000 10000 10000 10000 10000 10000 9993 9964 9950 9976 9999 5335 1901 6546 9978 10000 10000 10000 10000 8675 3428 4376 7460 4268 0 1912 5675 10000 8643 6029 7573 9980 9843 9973 9989 9657 9982 9897 9946 7274 7087 4958 487 0 985 1513 8095 7869 5108 6624 6756 5746 5370 5681 6785 8178 9363 9766
0 0 0 0 0 0 0 0 0 0 0 0 0 0 0 0 0 0 0 0 0 0 0 0 0 0 0 0 0 0 0 3678 1379 7513 152 915 9764 10000 10000 9958 9967 10000 10000 10000 10000 10000 9957 10000 10000 9362 4830 9573 10000 9967 10000 10000 4920 831 0 0 395 262 0 5315 7910 6011 771 5450 9931 9997 9985 9845 9986 9993 10000 9988 8642 214 0 0 0 477 4352 2855 6398 5245 4066 7071 6267 5820 7303 8297 9246 9375 10000 9974
0 0 0 0 0 0 0 0 0 0 0 0 0 0 0 0 0 0 0 0 0 0 0 0 0 0 0 0 0 2143 182 6496 865 5609 2712 1987 8553 9994 9752 9903 9948 9987 9911 9993 9982 10000 10000 10000 10000 9417 9317 10000 10000 9983 9989 9996 5187 0 0 0 2822 3051 1669 6088 3080 5741 9151 9983 9982 9995 10000 9996 9995 9978 9847 9008 5167 0 0 0 225 3505 1675 3203 7257 4973 8785 9747 9632 8548 7985 8309 9137 8768 10000 9994
0 0 0 0 0 0 0 0 0 0 0 0 0 0 0 0 0 0 0 0 0 0 0 0 0 0 0 0 0 2126 6651 3076 5703 955 8930 5028 9921 8731 4897 10000 10000 9897 9688 9975 9934 9979 9986 10000 10000 10000 9992 10000 9993 10000 9959 10000 7402 0 2145 6019 9836 9955 9876 5847 8282 9991 9989 9998 10000 9988 9998 10000 9900 9816 7955 5922 5637 450 3040 1703 2512 1818 1867 8645 7749 9050 9710 9960 8866 7789 8672 7242 6564 8998 9958 10000
0 0 0 0 0 0 0 0 0 0 0 0 0 0 0 0 0 0 0 0 0 0 0 0 0 0 0 0 0 3492 2861 6233 6247 6327 10000 10000 9723 2921 7498 9999 9955 9989 10000 10000 10000 9946 9783 9939 9984 9984 9971 9940 9961 9956 9956 9937 9789 7987 9883 9854 9893 9714 6539 8956 9971 9986 10000 10000 9992 9958 10000 9965 8380 9697 9955 6985 1335 2583 3321 2932 1961 5820 9122 9687 7680 10000 10000 10000 10000 9350 9910 9175 7877 8665 9216 9859
0 0 0 0 0 0 0 0 0 0 0 0 0 0 0 0 0 0 0 0 0 0 0 0 0 0 0 0 0 0 2707 4208 8888 10000 10000 9114 1594 2714 9981 10000 9999 10000 9943 10000 9910 9842 9953 9964 9903 9958 9970 9950 9954 9989 9998 9868 9883 9922 9998 9980 9710 5837 4198 9544 10000 10000 7061 4258 9968 9657 9701 9157 9614 9474 9278 1634 0 3117 1499 1517 8278 9641 8537 7382 9758 9933 8901 9949 9972 10000 9785 8819 8702 8376 8794 9691
0 0 0 0 0 0 0 0 0 0 0 0 0 0 0 0 0 0 0 0 0 0 0 0 0 0 0 66 0 1875 8690 9031 7700 10000 10000 7507 4470 9897 9990 9919 9916 10000 9821 9704 9732 9991 10000 10000 9801 9920 9996 10000 9997 9948 9953 9989 6531 3618 9529 7200 2396 5030 8736 3186 6882 9969 6531 347 9790 8603 9619 8983 9576 5724 1528 8 2356 2773 3820 4000 5088 5971 7694 7797 7643 9951 9236 9789 9884 9933 9947 8752 9956 9851 9151 7646
0 0 0 0 0 0 0 0 0 0 0 0 0 0 0 0 0 0 0 0 0 0 0 0 0 0 420 6972 0 7663 10000 10000 10000 10000 10000 9997 9599 9972 9964 9937 10000 9971 9990 10000 10000 9955 9990 10000 9588 9985 10000 10000 9971 9995 10000 10000 2471 844 1218 0 7227 10000 9994 2477 5142 10000 9506 1749 6410 8660 9093 9843 9029 2269 0 35 1962 2390 5391 9365 9422 9937 9870 9909 10000 10000 10000 9818 9916 9947 9805 9543 9950 9753 9788 8690
0 0 0 0 0 0 0 0 0 0 0 0 0 0 0 0 0 0 0 0 0 0 0 0 0 0 1567 8086 3998 8398 8486 7297 7441 10000 10000 10000 9975 9996 9846 9950 10000 10000 10000 10000 10000 10000 10000 10000 10000 9972 9984 10000 9696 9880 10000 10000 1000 0 0 2687 9647 9932 9999 4858 1308 4348 6291 5045 3506 863 6286 9231 2346 693 1044 6034 8984 10000 7379 9087 9992 9925 4487 2763 6678 9728 9511 9932 9955 9926 9932 9909 9931 9699 9491 9741
0 0 0 0 0 0 0 0 0 0 0 0 0 0 0 0 0 0 0 0 0 0 0 0 0 0 4118 9994 4686 18 345 260 4878 10000 10000 10000 9987 8013 9764 9969 10000 10000 9998 10000 10000 10000 10000 10000 9973 9856 9996 9985 9202 9334 6320 6080 32 0 3110 9406 10000 7167 9043 5235 0 251 8975 7782 0 5244 5192 3572 223 462 2759 9545 9405 5811 2 2708 6603 3216 2 11 875 2275 5100 9921 7032 9833 10000 9398 8220 9438 9898 9977
0 0 0 0 0 0 0 0 0 0 0 0 0 0 0 0 0 0 0 0 0 0 0 0 0 224 9457 10000 2396 0 0 1812 7358 6896 9989 9999 8424 0 9420 9997 10000 10000 9966 10000 9997 9982 9925 10000 9919 9996 9726 9013 8732 8932 608 0 23 4451 9833 9994 9647 6893 9020 5741 0 0 7978 3674 2290 5253 315 155 1045 2295 7070 8791 4152 794 5199 5025 139 0 2567 8300 7213 0 237 9120 8736 9963 9994 8128 9592 9454 9881 9957
0 0 0 0 0 0 0 0 0 0 0 0 0 0 0 0 0 0 0 0 0 0 0 0 0 512 8072 9766 2685 0 0 2179 6870 8744 9110 2066 427 0 8931 9977 9975 10000 10000 10000 9997 9982 9859 9830 9860 9861 9737 9467 9821 2762 0 203 6248 10000 9999 9980 9859 7253 9435 6830 0 0 4495 857 4469 0 0 90 3290 1243 783 47 2404 8962 10000 9304 7219 3693 708 5541 5214 8368 9258 10000 9472 9019 7951 7873 9837 9919 9992 9991
0 0 0 0 0 0 0 0 0 0 0 0 0 0 0 0 0 0 0 0 0 0 0 0 0 0 9087 9999 3062 20 4030 9494 9987 9970 4999 504 0 1880 9822 9998 10000 10000 10000 10000 10000 10000 9980 9971 9981 9839 9759 9794 9263 1254 1948 7827 10000 10000 9944 9356 9668 7856 9430 5054 0 0 3351 4425 118 0 0 1107 2196 412 0 4426 9312 8264 7950 7393 5585 2755 3501 8189 8809 10000 9972 9200 9050 8062 9195 9856 9995 9998 9856 9984
0 0 0 0 0 0 0 0 0 0 0 0 0 0 0 0 0 0 0 0 0 0 0 0 0 29 5895 7554 5562 3824 10000 9842 9997 10000 9060 7976 3516 8563 9975 9981 10000 10000 10000 10000 9999 10000 10000 9973 10000 10000 9925 9259 3378 5301 9791 9966 9992 9852 9448 4361 5380 8809 7680 693 0 0 5243 5134 0 0 0 2300 7153 6361 1928 2141 3929 7173 2367 439 3770 3146 7346 9976 9390 9709 9760 9912 9988 9522 9287 9952 8999 9668 9986 10000
0 0 0 0 0 0 0 0 0 0 0 0 0 0 0 0 0 0 0 0 0 0 0 0 632 6885 130 7860 1304 4464 3835 8157 10000 10000 10000 7640 2851 9760 9971 9996 10000 10000 10000 10000 10000 9981 10000 9967 10000 10000 9993 7464 4575 9797 10000 9800 9704 9690 9367 6459 1004 7482 3015 0 0 3818 5993 151 0 0 0 2408 9254 9281 5613 0 0 0 23 1274 5578 8703 9925 9432 10000 9010 9632 10000 9997 4206 1656 7494 2908 4295 9998 9998
0 0 0 0 0 0 0 0 0 0 0 0 0 0 0 0 0 0 0 0 0 0 0 0 2845 3167 67 1347 0 0 578 9990 10000 9986 10000 6263 9027 9351 10000 10000 10000 10000 10000 10000 10000 9994 9870 9960 10000 10000 9997 9943 9932 9998 10000 9948 9697 8024 9597 9709 6930 7040 4795 0 1364 8433 75 0 0 0 176 8138 9544 7495 8923 1451 391 3343 7613 10000 9765 9643 9843 8868 10000 9733 9952 9912 10000 2175 3926 9052 5054 7757 10000 7976
0 0 0 0 0 0 0 0 0 0 0 0 0 0 0 0 0 0 0 0 0 0 0 0 0 0 0 0 1467 6775 6839 8448 9332 5762 9962 9995 9874 9808 10000 9936 9993 9996 10000 9998 10000 9981 9990 9906 10000 9997 9913 9991 9830 9921 9985 9493 9759 8763 7598 8864 6884 8970 4389 0 4569 5567 0 0 0 0 4539 9969 9716 1730 1280 3705 9342 9969 9881 9652 9746 9997 10000 9990 9889 9946 7791 9248 9987 8624 6149 8157 5308 9929 8030 94
0 0 0 0 0 0 0 0 0 0 0 0 0 0 0 0 0 0 0 0 0 0 0 0 0 0 0 0 393 3249 1878 1782 5563 9376 9492 9877 9961 9983 9796 9962 10000 10000 10000 9801 9977 9799 9546 9625 9650 9776 9651 9899 9853 9874 9781 9865 9113 9765 8819 9426 6579 5115 101 345 1542 0 0 0 32 2253 4469 9751 9995 7101 8871 9863 10000 9976 9574 9911 9914 10000 10000 9953 9667 6271 2713 9381 7336 5833 3585 962 7783 10000 5692 0
0 0 0 0 0 0 0 0 0 0 0 0 0 0 0 0 0 0 0 0 0 0 0 0 593 0 0 0 0 0 649 7678 10000 10000 9977 9887 9978 9956 9955 9998 9923 10000 10000 9943 9866 9942 9974 10000 10000 9982 9993 9742 8550 9997 9744 9632 9379 9231 8879 9081 6852 8541 564 101 721 948 0 0 720 2644 9020 9990 9462 9865 9994 9880 9628 9285 9943 9959 9700 9977 9994 9954 9934 2226 3700 6678 1505 8876 4795 6360 5658 3156 1309 0
0 0 0 0 0 0 0 0 0 0 0 0 0 0 0 0 0 0 0 5819 9475 5673 4090 8096 6243 0 0 0 0 0 3043 9993 9986 10000 9997 9969 9999 10000 10000 10000 9972 9957 9891 10000 10000 10000 10000 10000 10000 9984 9870 7111 7108 8093 8870 9735 9574 8549 9455 8475 4303 6341 2192 177 8636 6077 0 1378 2920 4797 7644 8589 9719 9756 9654 9528 9666 7712 9996 9908 9585 9936 9997 9886 9895 4256 3711 9628 9805 9277 8954 9975 4896 0 0 0
0 0 0 0 0 0 0 0 0 0 0 0 0 0 0 0 0 0 0 7898 10000 10000 9391 1744 533 0 4 1721 3839 5312 9749 9849 9978 9998 9996 9895 9900 9981 10000 10000 9995 10000 10000 9986 9990 10000 10000 9987 9740 4858 8044 8615 9959 9848 9203 7663 9849 9267 9451 6250 4470 4571 3227 311 6791 2685 535 2430 0 0 4390 9791 9670 9603 10000 9910 9999 9925 9916 9903 9850 9929 9924 9615 5585 761 5788 9974 9820 9853 5208 2059 474 0 0 0
0 0 0 0 0 0 0 0 0 0 0 0 0 0 0 0 0 0 0 4049 10000 9719 9326 5137 5979 7818 7457 8691 9995 9938 9994 10000 9997 9985 9980 9991 9946 9999 9998 9999 9999 10000 10000 10000 9865 9957 9662 9442 9956 9000 9988 9847 9732 9656 9840 8496 9286 8490 4493 5508 4191 39 0 1377 906 560 4626 4936 2495 605 4020 9448 9921 9995 9986 9969 10000 9718 8115 9888 9666 9953 9845 2663 0 17 7743 9929 9866 9960 1382 0 0 0 0 0
0 0 0 0 0 0 0 0 0 0 0 0 0 0 0 0 0 0 0 2 4383 9953 9715 10000 10000 10000 10000 10000 9998 9804 10000 9938 9972 8235 7818 9744 9993 9995 9985 9997 9988 9985 9997 9985 9963 9521 9683 9996 10000 9986 9910 9181 9918 9423 9730 9907 8896 3160 4630 859 0 0 1971 4562 1158 7347 9777 9353 3308 8368 7386 9778 8645 9988 9967 9948 9958 5556 7738 9706 9982 9665 6711 347 762 5397 9928 10000 10000 3782 0 0 0 0 0 0
0 0 0 0 0 0 0 0 0 0 0 0 0 0 0 0 0 0 0 0 218 7180 10000 10000 10000 10000 10000 10000 9995 9763 9390 9441 9427 7860 7068 6623 9971 9999 9109 9870 9958 9955 9999 10000 9974 9952 10000 9591 9632 9675 7434 9842 9460 9909 9776 8632 4929 3161 21 0 0 950 3982 4078 5744 8937 5889 3019 7528 10000 9842 9974 9829 9631 9660 9400 8751 5018 9913 9958 8946 1830 0 975 7975 9920 9791 9251 4924 149 0 0 0 0 0 0
0 0 0 0 0 0 0 0 0 0 0 0 0 0 0 0 0 0 0 0 0 1698 10000 10000 9999 9978 9980 9993 9997 10000 9907 9253 8416 8950 9295 9872 9936 8839 9900 9999 9957 9219 9500 9940 9365 8994 9951 9546 8716 3205 208 6466 9016 9129 5686 2089 0 0 0 769 5390 5450 1101 3008 2774 5458 7787 9851 9999 10000 9956 9579 9834 8383 9204 2440 4192 8799 7579 4854 7060 40 3339 3748 4190 7434 7385 695 0 0 0 0 0 0 0 0
0 0 0 0 0 0 0 0 0 0 0 0 0 0 0 0 0 0 0 0 0 640 10000 9987 9990 9883 9625 9993 9724 9203 9298 9739 9917 9987 8322 9728 8631 9074 9997 9843 9454 9523 8339 9371 8242 4703 8420 6387 1339 4547 2829 1908 3809 2150 1899 1548 1111 581 2788 5805 7579 2284 888 8236 9523 9488 9985 9959 9825 9999 10000 10000 5690 7075 1354 0 1419 1146 0 7967 7895 3777 9893 9250 5657 0 0 0 0 0 0 0 0 0 0 0
0 0 0 0 0 0 0 0 0 0 0 0 0 0 0 0 4843 5313 1537 0 0 3861 9986 9971 9276 9643 8882 9377 9455 8332 9950 9568 9645 9958 8585 7761 9477 9884 9944 9723 9865 7322 5476 1310 0 1442 6002 217 2509 3161 3627 4164 1739 902 2826 1667 2531 6498 8394 7817 3103 365 6182 9729 9930 9807 9779 9977 9806 9811 9424 6606 3917 1487 0 257 3156 0 121 9787 7210 6017 9829 8693 36 0 0 0 0 0 0 0 0 0 0 0
0 0 0 0 0 0 0 0 0 0 0 0 0 0 0 727 9404 10000 9769 5435 4340 8332 9007 9692 8325 9975 9221 8801 9795 9189 9383 9819 9644 9270 9256 7304 9955 9939 9914 9872 9796 5320 2362 8283 2434 6496 2545 3334 6254 8016 7013 3334 1716 2307 3481 6471 8414 8903 6338 870 2047 1574 6123 9786 10000 9664 10000 10000 9862 9778 7406 3190 541 199 2052 2788 8061 4083 1337 7316 1484 2870 2764 574 0 0 0 0 0 0 0 0 0 0 0 0
0 0 0 0 0 0 0 0 73 0 0 0 315 240 2463 7859 8155 9092 9814 9490 9056 8018 8117 9238 8671 9785 9500 8888 9012 7384 5775 9105 9836 9163 8944 7170 9980 9890 9933 9851 9946 9823 7352 8306 6559 297 2297 5428 4296 2504 730 2485 3520 2009 7257 7370 9310 9336 6250 9141 8894 5948 9969 9982 8680 9989 9890 9963 9875 9613 3224 6996 1472 2212 6405 3341 3039 5154 505 5590 1026 3572 7760 293 0 0 0 0 0 0 0 0 0 0 0 0
0 346 1404 856 1137 222 0 2566 8002 3100 3352 6962 9777 8933 8466 9292 7935 8997 9596 8991 8966 9432 8453 9665 8999 9520 9873 10000 9575 9222 9091 9990 9875 9941 9366 5703 9537 7980 9360 9152 8270 7267 3481 2889 163 4551 9219 9105 8263 4443 6227 5208 1595 961 347 203 5081 9497 9874 9535 8569 3011 9785 10000 9836 9893 9971 9874 9930 5042 4845 2747 3708 3204 8496 9258 9689 7662 1957 2630 4925 9372 6850 0 0 0 0 0 0 0 0 0 0 0 0 0
3264 7341 9990 9932 10000 9638 6546 8416 9771 9531 9636 9383 8750 9687 8573 8788 8740 9372 9691 9650 8341 9868 8038 9445 9470 9039 9464 9950 9994 9108 9420 9916 9898 9426 8277 5687 8612 9875 5548 2702 1057 1925 3 2152 7202 8938 9431 7454 1693 774 912 1663 1431 4222 5696 7950 6928 3803 7179 9809 9978 8716 9080 10000 10000 10000 9928 9934 7673 3018 4961 6813 9469 9942 10000 9852 2447 0 41 7712 9758 10000 8466 2154 0 0 0 0 0 0 0 0 0 0 0 0
9742 9895 9646 9685 9793 9737 9334 8074 9219 8936 9250 9302 8216 9949 9018 9159 9701 9462 9254 9839 9848 9452 9611 8424 9929 9374 9705 9507 9506 9292 8683 8508 6500 6849 4532 2542 6720 6695 519 6 1428 3266 6288 8796 9121 8571 8437 6642 5167 5669 8907 9972 9989 8903 7715 8570 9770 9736 7282 1947 6056 9944 10000 9989 10000 9976 9860 9868 5737 4456 3187 9661 9869 9971 9482 7028 0 0 3469 10000 10000 10000 10000 8012 253 0 0 0 0 0 0 0 0 0 0 0
9870 9871 9719 9651 9594 9745 9254 9346 8322 8945 9278 9430 8350 9051 9840 9865 9273 9634 9663 9568 9632 9456 9635 9090 9634 9387 9978 9686 9368 8383 4300 4100 4355 3724 1848 943 1236 2596 3493 5978 7204 9158 9038 8974 9511 9696 10000 9976 9870 9896 10000 10000 9964 9506 9733 9853 3936 5428 9334 5471 2850 9915 10000 9979 9955 9626 9838 9632 8583 7265 5536 9732 9869 9876 9945 2482 1134 555 7431 9922 10000 10000 10000 10000 1417 0 0 0 0 0 0 0 0 0 0 0
9681 9876 9655 9687 9558 9777 9553 9686 8426 9349 9506 9196 7952 9880 9959 9734 8845 9602 9554 9817 9336 9030 8682 9151 8494 8934 9432 7367 3391 1040 2073 1669 2846 168 142 5053 7257 9049 9940 10000 10000 10000 9945 9798 9926 10000 10000 10000 9985 10000 10000 10000 9937 9762 9529 6554 963 7109 8932 2424 3910 10000 9986 10000 9900 9730 9566 9615 9935 9266 6600 9802 9898 9934 8625 496 2212 4305 9921 9953 10000 10000 10000 10000 2812 0 0 0 0 0 0 0 0 0 0 0
9667 8732 9871 9639 9848 9992 9618 9769 9283 9729 9697 9466 8682 9975 9974 9885 9558 9835 9661 9840 9785 9486 8377 9380 8247 7084 5068 837 299 5083 5137 6415 6836 8565 6722 7351 8352 9850 10000 10000 10000 10000 10000 10000 9985 10000 10000 10000 9907 10000 10000 10000 9958 7997 5762 7566 3794 1962 1171 4107 7090 10000 9979 9975 9975 9942 9902 9512 9997 9339 9690 9856 9710 9949 4650 73 1041 5778 10000 9903 9388 8544 10000 10000 3097 0 0 0 0 0 0 0 0 0 0 0
9097 9146 9738 9595 10000 9923 9074 9986 9600 8919 9602 9162 8894 9814 9894 9779 9535 9792 9635 9807 9918 8267 9586 4413 1797 1010 311 3385 7060 9364 8765 8591 9588 8707 9343 9589 8994 8343 10000 10000 10000 10000 10000 10000 10000 10000 10000 10000 9923 8779 6783 4571 6001 7417 9875 9972 7153 1775 99 5337 7179 10000 9973 9931 9941 9985 9950 9956 8746 8440 9991 9908 9935 7860 140 0 1316 9074 9956 9468 3541 6640 10000 10000 6654 0 0 0 0 0 0 0 0 0 0 0
9371 9213 9588 9296 9751 9621 9279 9798 9122 8990 9352 9289 9176 9439 9795 9521 9440 9712 9555 9744 9898 9242 9447 960 1372 165 5247 9431 9817 9809 9052 9754 9903 9834 9085 9342 9463 9878 9801 10000 10000 10000 10000 10000 10000 9991 9999 8513 4820 6989 8604 9998 10000 9937 9829 9851 9475 3791 5796 6569 6186 9642 9966 9920 9944 9978 9764 9933 9213 9938 9938 9730 9905 5025 0 1680 8665 9870 9901 4947 9512 10000 10000 10000 6056 0 0 0 0 0 0 0 0 0 0 0
7817 8765 7925 8741 8898 9591 9381 9703 9275 9432 9227 9162 9124 8901 9539 9623 8693 9942 9607 7814 9251 7190 1809 202 5900 8196 9492 9704 10000 9336 9763 9724 8800 7726 9876 9974 9865 10000 10000 10000 10000 9978 10000 10000 10000 9947 8917 5679 9997 10000 10000 10000 9863 9973 9966 9962 9261 6097 5270 6302 8995 9766 9815 9939 8878 9745 9997 9541 9839 9819 9918 9865 6499 14 1355 6916 9947 9999 6901 5290 9978 10000 10000 10000 7882 1456 0 0 0 0 0 0 0 0 0 0
9391 9428 9438 9389 9074 9148 9442 6137 8312 8830 8719 8643 7196 9648 9379 9319 9523 9770 9822 8218 2636 2709 144 5432 9097 9481 9687 9047 9091 9487 9239 8584 4163 7702 9449 8600 10000 10000 10000 10000 9945 9954 10000 10000 10000 10000 9832 9912 10000 10000 10000 9989 9991 10000 10000 9986 8771 4844 3156 202 9879 10000 9716 9843 6681 8454 9962 9944 9660 9910 9970 9828 1771 1693 7298 9761 9892 9819 3236 8930 9983 10000 10000 10000 10000 9340 271 0 0 0 0 0 0 0 0 0
1186 8953 9364 9380 9732 9699 9950 9944 9600 7969 7740 9088 7962 9247 9264 9046 9453 9827 9023 1490 1837 1585 5433 9333 9172 8597 9363 9577 9166 9561 9851 9868 9100 9323 9694 9967 10000 10000 10000 10000 9903 9932 9939 9992 10000 10000 10000 10000 10000 10000 10000 10000 9999 9976 9827 9575 4284 4621 2616 1293 9999 9999 9873 9852 9678 8998 9858 9661 9733 9724 9599 7977 3020 1727 6341 9819 9654 4411 7381 10000 9989 10000 10000 10000 10000 6704 0 0 0 0 0 0 0 0 0 0
829 7816 9264 9639 8829 9673 10000 10000 9611 8743 9512 8963 8399 8923 8391 8821 9269 9198 3867 27 596 2780 9426 9506 9114 9761 9870 9767 9674 9493 7485 8344 8433 9184 9437 10000 10000 10000 10000 10000 9891 9892 10000 10000 10000 10000 10000 10000 10000 10000 10000 10000 9999 10000 9998 6478 0 5900 1630 3112 9994 9990 9852 9998 8322 6271 9903 9981 9894 9674 8787 2801 1857 0 5800 9681 3822 8223 9983 9941 9839 9935 10000 10000 8984 949 0 0 0 0 0 0 0 0 0 0
1795 8843 8694 8757 8816 7116 7845 9900 8809 9304 9292 9136 9419 9327 8652 9565 7493 5093 993 1126 1563 4450 8749 9827 9630 8636 7634 9170 8863 8180 9014 9463 8068 9661 9710 10000 10000 10000 10000 9855 9856 9929 10000 10000 10000 10000 10000 10000 10000 10000 10000 9998 10000 10000 9984 2927 0 7484 0 7985 9969 9909 9950 9919 1999 5035 9894 9730 9801 9841 4394 2180 980 779 9457 9868 3058 9956 9971 9889 9963 10000 10000 8062 1693 0 0 0 0 0 0 0 0 0 0 0
8466 9200 9307 7404 6791 7335 7414 6376 5091 1361 4160 7174 7139 6279 7495 5730 796 3004 4393 1432 6090 1694 652 4467 5977 3388 5684 8468 6962 8364 9333 7726 6828 5688 9549 9975 10000 9878 9570 9935 10000 10000 10000 10000 10000 10000 10000 10000 10000 10000 10000 10000 10000 10000 4562 1028 6976 8898 0 5619 9820 9812 9957 9963 1116 6182 9909 9924 9896 8623 6522 4020 1555 3473 9963 7858 4586 9794 9926 9981 10000 10000 10000 3468 0 0 0 0 0 0 0 0 0 0 0 0
5787 2968 3967 2498 2213 2302 3363 5762 1873 5149 2583 6647 6001 703 237 657 3725 2786 3442 5129 5365 1843 656 7659 7220 4861 7123 9856 9813 9889 8906 2277 0 24 8805 9523 9348 9860 9919 9834 9648 9796 10000 10000 10000 10000 10000 9982 10000 10000 10000 10000 10000 9304 4149 8669 9819 8258 3284 1070 8668 9970 9863 9887 1227 9792 9841 4109 9804 6616 4828 3515 2646 4053 9693 4497 9578 9971 9977 10000 10000 10000 10000 4369 0 0 0 0 0 0 0 0 0 0 0 0
1370 1055 235 223 802 2848 3867 2354 3050 3705 2543 767 316 1780 905 0 2482 2303 269 3917 8201 9588 9476 8157 8911 9240 9999 10000 9967 9968 4914 0 0 143 6844 9759 9520 7078 3073 9266 10000 9865 9787 9683 9952 10000 10000 9832 9982 9999 10000 9804 9992 10000 9469 9167 9736 5504 7583 3786 4337 9925 9918 9935 1129 8712 4685 4231 9612 9164 3324 3834 905 2620 5185 5187 9837 9894 9964 9997 10000 10000 10000 8414 257 0 0 0 0 0 0 0 0 0 0 0
2320 3442 5026 3903 2715 6386 3465 3441 5415 5834 4004 112 0 2269 2887 3966 7116 8157 9545 9814 10000 10000 9968 9924 9895 9837 10000 10000 10000 10000 8351 2408 0 0 1390 9507 8609 9441 813 3498 4346 8497 9764 10000 9794 9898 9758 9703 9788 9996 9911 9990 10000 10000 8805 9106 7251 627 1767 8468 9989 9890 9939 8726 887 6536 2436 6941 9914 9818 820 4689 7528 7 2890 8826 9860 9953 10000 9983 10000 10000 10000 10000 1581 0 0 0 0 0 0 0 0 0 0 0
4245 8489 9496 9856 7989 6303 6420 8644 7567 8502 9239 5292 3437 8660 9998 9935 9593 8597 9952 9981 9996 9999 9967 10000 9947 9986 10000 10000 10000 9996 10000 7486 4154 4747 7913 8712 9534 9597 9407 4303 1232 9260 9838 9979 10000 10000 10000 10000 9898 10000 10000 10000 10000 7769 2286 6589 6317 19 1791 9691 9937 9779 4037 5939 5363 8972 6106 9894 9929 7330 938 9251 4734 0 7605 9618 9540 9906 9935 9976 10000 10000 10000 6744 544 0 0 0 0 0 0 0 0 0 0 0
8981 8645 8019 8948 8465 8286 9397 9613 8169 7430 9714 9789 9065 10000 9977 9952 9083 9993 9998 9952 9957 9921 9993 9975 9997 10000 10000 9968 9998 9996 9530 9748 10000 10000 9885 8947 9306 9803 8292 9018 5235 9915 9295 9705 10000 10000 10000 10000 9124 10000 10000 10000 10000 9851 6511 5931 9425 1271 6688 9841 8899 2514 716 9160 9902 9162 2331 9363 9672 1645 5189 10000 3610 0 8424 9858 9889 9979 9976 10000 10000 10000 8134 331 0 0 0 0 0 0 0 0 0 0 0 0
9524 8984 9573 9213 9773 9983 9937 9319 9482 9855 10000 9984 9999 10000 9930 9972 9708 9950 9986 9783 9847 9948 9974 9992 10000 9828 9988 9974 9656 9976 9987 10000 10000 10000 9724 9090 9696 8235 9838 9801 9953 9977 9653 9361 9956 10000 10000 9983 5342 9960 10000 10000 9705 9473 9624 6781 3617 7879 9946 8352 833 0 4580 9969 9840 9439 4434 9736 6225 1735 9849 8936 256 0 8197 9918 9949 9958 9944 10000 10000 9753 839 0 0 0 0 0 0 0 0 0 0 0 0 0
9370 9254 9299 9759 9633 9991 10000 9763 9335 9880 9978 9982 10000 9901 9938 9992 8324 1156 8880 9992 9918 9951 9940 9908 9968 10000 9982 10000 9939 9996 10000 9124 9979 10000 9975 9611 9465 9389 9246 7055 9095 9986 9950 10000 10000 10000 10000 9996 9903 10000 10000 9907 9257 9525 9149 2995 7894 8627 9790 3680 0 3940 9065 9808 9793 7734 4253 9997 2305 6538 9960 6230 0 2390 9781 9954 9934 9950 10000 10000 10000 7445 0 0 0 0 0 0 0 0 0 0 0 0 0 0
9853 9925 9834 9722 9913 9994 10000 9646 9555 9822 9938 9883 9805 9418 9973 9983 5896 5188 7392 9945 9953 9894 9987 9987 10000 10000 9998 9948 9995 10000 10000 9778 9998 10000 10000 10000 9516 9416 9193 6773 9365 9378 9533 8018 9710 9922 9988 9974 10000 10000 9963 9526 9592 9256 4907 7008 9126 6188 3558 547 3457 9587 7570 9792 9731 8674 8751 9839 4691 9667 9904 7313 2797 9198 9955 9960 10000 9926 10000 10000 8210 3806 0 0 0 0 0 0 0 0 0 0 0 0 0 0
