gis_files/fsoildep100_150.asc
ncols         625
nrows         694
xllcorner     895000
yllcorner     515000
cellsize      5000
NODATA_value  -9999
[rows 204 to 254 of 694, columns 192 to 287 of 625]
9581 9303 9113 9449 9090 9073 9470 9431 7610 4993 957 851 3948 2824 2038 783 607 1066 1758 5940 6717 8937 9430 9272 9113 9532 9249 9449 9536 9581 9159 9335 3738 9585 9700 9612 9636 9543 9514 9449 9544 9120 9348 9582 8614 9553 8011 6473 8200 8874 9687 9094 9386 9325 8810 9147 9224 8941 9385 9413 9550 9425 9373 8845 6000 9644 9735 10000 9842 9158 9380 7160 5510 5629 10 0 0 174 2436 10 0 0 0 0 0 0 0 0 0 0 0 0 0 0 0 0
9765 9746 7830 9770 8589 7726 9102 9019 7420 4362 822 1801 5196 3881 2216 1636 646 2269 1004 5672 8623 7475 9032 9315 8905 9361 9320 9219 9327 9570 9599 9517 7299 7379 9646 9789 9575 9474 9468 8793 6513 9535 9519 9652 9174 9705 9635 6478 9551 7864 9458 9311 9332 9275 8555 9272 8754 9007 9313 9520 9485 9560 9389 8928 9071 9142 9805 9999 9664 9584 9574 9808 4471 9734 2995 983 267 4326 9942 4855 1295 0 0 0 0 0 0 0 0 0 0 0 0 0 0 0
9209 9692 9773 9567 8031 8320 8205 8965 9350 8191 4721 2978 4475 3303 1942 1659 1473 2739 2088 5444 5850 8511 9315 9217 9147 9502 9322 9390 9504 9582 9355 9304 7253 7376 9670 9778 9810 9592 9508 9617 8615 9648 9342 9612 9533 9676 9513 8686 4734 8963 8507 9648 8862 9143 8547 9600 9524 9066 9528 9268 8910 8626 9324 8916 8676 9620 9707 9497 9753 9581 9565 8657 5612 9996 9262 6631 6714 3336 9358 9938 9689 604 0 0 0 0 0 0 0 0 0 0 0 0 0 0
9769 9789 9772 9776 9667 9623 7022 7833 8535 4423 2171 4110 6087 5423 6036 1422 4359 3759 4997 2762 5791 8237 8616 9314 9243 9547 9294 9651 9061 9510 9524 9305 8447 4211 9679 9812 9637 9616 9554 9637 9259 9669 9267 9529 9682 9631 9555 9545 9418 6800 7767 9214 9486 8965 8965 9424 9153 8821 9361 9374 9502 9390 9221 9059 8880 9435 9706 9494 9972 9739 9550 8756 8253 7553 9808 5276 9538 8278 9500 9977 9781 8660 6755 0 0 0 0 0 0 0 0 0 0 0 0 0
9434 9535 9687 9818 9583 9419 9467 9428 8058 1501 329 4395 6778 7554 9420 3571 5660 8832 7697 1902 1686 8287 7614 8406 9442 9364 9530 9536 9431 9343 9544 9547 9438 6619 5416 9655 9766 8944 9357 9458 9400 9723 9534 9266 5785 9611 9567 9618 9310 9017 8166 8766 7950 7695 7492 8966 9285 8518 9185 9573 9433 9241 9418 8036 9069 9535 9619 9922 10000 9564 9911 9584 8969 7002 5968 8462 5888 9018 9561 8402 9610 9839 9971 6769 4726 1083 0 0 0 0 0 0 0 0 0 0
9674 9291 9765 9747 9767 9695 9284 7422 7012 4802 1609 5591 9759 9143 7865 634 4497 4882 8521 5546 6768 8736 9296 9622 9637 6197 6307 9332 9401 9502 9579 8854 9337 6422 3779 9544 9592 9637 8932 9570 9678 8462 9525 9694 9130 9503 9544 8828 9437 9507 9480 9611 9481 8537 7587 8818 6780 4630 9422 9394 9215 9248 9403 8175 9508 9614 9638 9801 9888 9392 9824 9672 9402 9392 7361 7174 9389 4104 6665 8316 9272 9592 9501 9861 10000 7421 4003 1557 0 0 0 0 0 0 0 0
9411 9565 9297 9665 9158 9665 9164 4775 5659 8737 7440 8201 9666 9521 4876 323 5719 7510 6240 3702 5946 9470 9496 9420 9480 9126 9325 9481 9530 9494 9639 9544 9437 9624 2626 9008 9305 9393 9542 9744 9525 9467 9533 9496 9597 9505 9446 9417 9274 9362 9579 9543 9266 9356 9347 7647 3811 3230 9261 9251 9415 9102 9199 8293 9633 9705 9492 9967 9801 9336 9540 9960 9942 9523 9644 8379 5956 7184 7601 6919 6029 9419 9139 9547 9568 9572 9066 9141 2140 0 0 0 0 0 0 0
9194 9551 9515 9613 9251 8669 8581 9173 9213 9760 9403 9233 9650 9566 8993 2211 6206 9686 9110 3968 5368 9035 9368 9325 9649 9653 9257 9413 9465 9419 9257 9590 9295 9288 3693 8640 9219 9241 9491 9729 9731 9561 9523 9049 9362 9542 9671 8708 9411 9165 9551 9495 9366 9405 9308 7684 7216 7654 8921 9567 9550 9121 9347 8342 9261 9535 9489 9563 9471 9323 9483 10000 9926 9777 9619 9737 8904 7681 6194 4732 5611 8762 9136 9345 9301 9495 6704 7726 7927 2573 7412 2871 0 0 0 0
9376 9320 9419 9591 9687 9590 8471 8182 9084 8996 8177 9147 9590 9303 8947 8213 9265 9056 8146 4641 7811 9671 9287 9571 9616 9138 8260 9388 9444 8919 9355 9493 9413 9513 5656 6840 8797 7576 9500 9675 9665 9724 9480 9478 9517 9412 9352 9374 9400 9274 9496 8621 9322 9473 9260 8531 7901 9245 9437 9477 9196 9291 8759 8637 9308 9273 9363 9348 9449 9438 9176 9999 9938 9100 9950 9861 9989 9337 9930 8281 5374 5266 8442 9806 9535 9371 8534 5470 7439 6145 9774 8480 15 0 0 0
9337 7746 8897 8989 9063 5719 6730 6589 4045 1909 394 3501 8922 9793 9281 8467 9500 9231 9067 6782 9128 9382 9522 9554 9725 7759 7993 9272 9489 9469 9622 9016 9346 9288 8208 5951 8521 9189 9448 9614 9600 9684 9430 9379 9407 9380 9550 9510 9265 8832 9491 9245 9267 7617 8857 9216 7693 9350 9257 8520 9005 9461 8781 9463 9477 9458 9414 8930 9209 9345 9204 9972 9616 9091 9983 10000 9599 9589 9589 9714 6692 8740 8472 7023 9800 9396 9410 7996 5888 4710 9427 9830 3701 0 0 0
9467 4897 6559 8944 7861 8258 6233 9016 9337 9454 3848 5515 9193 9271 9575 9615 9336 9666 9077 6305 7377 9485 9546 9334 9646 9506 9559 9444 9284 9359 9241 9636 9572 9388 9234 6463 4555 7743 9507 9475 9689 9651 9736 9584 9706 9341 9341 9538 9452 9276 9349 9283 9123 9304 9176 9380 9124 7371 9214 9476 9341 9378 9199 8669 9346 9410 9534 9559 9287 9477 9643 9899 9794 9499 9959 9386 8981 9584 9673 9607 9545 6493 7531 8164 5724 9430 9470 9170 6899 7024 6151 9544 8267 2738 0 0
9426 8292 9108 9520 7374 7085 8997 8822 9444 9447 5686 3431 8324 9617 9277 5908 7691 9598 8833 8568 5933 9377 9588 9410 9604 9674 9581 9653 9530 9509 9730 9508 9545 9433 9460 9574 5953 6107 9275 9410 9532 9394 9584 9733 9539 9514 9012 9089 9285 9368 9469 9391 8454 9116 9163 9291 9481 7555 7163 9507 9320 9375 8869 8977 9517 9525 9499 9324 9285 8805 9640 9640 9799 9831 9951 9510 9593 9746 9865 9398 9396 9666 6896 6861 7268 4191 6961 8041 9014 5784 4033 9873 9702 5817 752 1498
8510 5334 9542 9668 6280 9252 9819 9951 9913 8017 2477 4955 8574 9597 8966 9350 9403 9467 9291 7496 6203 9612 9609 9453 9338 9539 9268 9472 9529 9616 9506 9517 9492 9366 9553 9348 8766 4604 5132 8287 9576 9546 9678 9485 9812 9620 9581 9330 9524 9550 9381 9388 9088 9142 9282 9252 9342 9597 7017 9274 9704 9164 8957 8270 9492 9138 9170 9172 9269 8881 8507 9537 9809 9885 9826 9391 9433 6932 9522 9647 9708 9582 9496 8747 5946 6804 7324 5051 9166 7900 5995 7162 9776 8072 7543 8950
9528 9351 9667 9402 6543 8950 9772 9924 9549 4653 2574 9293 7267 9317 9176 9669 9215 9453 9338 5516 8532 9187 9646 9536 9551 9725 9722 9160 8798 9628 9400 9615 9542 9458 9024 9543 9530 8016 5026 6339 6684 9474 9355 9257 9588 9663 9592 9624 9174 9396 9263 7442 9431 8898 9430 9114 8790 9636 7456 9411 9196 8994 9142 8470 8893 9201 9563 9142 9069 9044 9506 9384 9810 9803 9798 9694 9492 9471 8884 9627 9502 9690 9627 9923 9837 8005 5888 4950 8977 9440 4376 5899 8052 7994 9554 9523
9312 9695 9532 9588 7784 8019 9901 9959 7731 0 3893 8288 9177 9308 9532 9598 9608 9368 9384 5787 8880 9150 9291 9605 9445 9605 9544 9347 9512 9551 9393 7919 9133 9374 9303 9707 9491 9469 7385 4896 6841 4955 6981 7859 9431 9774 9629 9407 7708 8866 9103 8485 9511 8924 9684 9378 9307 8961 8247 9298 9300 9022 9380 9422 8715 9225 9354 9138 9430 9336 9580 9927 9858 9989 9624 9840 9686 9514 9394 9628 9511 9464 9739 8450 9693 9624 5346 4481 9056 9524 7698 6139 5455 9123 9060 9935
586 1237 9362 6335 8387 9829 9751 9956 4653 0 6101 9513 9116 9071 9496 9725 9404 9514 9161 6660 7973 9408 9499 9568 9555 9349 9525 9680 9221 9411 7478 8669 9004 9324 9484 9655 9601 9524 9314 9143 5478 4228 8659 8540 7609 7441 9507 9567 9065 9298 9331 9189 9675 9146 9730 9650 8723 8442 9395 9309 9267 9031 9050 8361 9612 8872 9454 8963 9328 9359 9917 9865 8829 9822 9759 9850 9945 9781 9422 9575 9642 9213 9505 5525 8745 9307 8135 3208 6872 9910 9889 4076 2411 8816 9027 9469
0 114 2229 5607 9774 5482 6333 9885 1951 1360 9159 9183 9120 9570 9678 9425 8829 9476 9197 7932 7298 9478 9396 9620 9506 9566 9620 9570 9581 6992 2551 5163 9252 9330 9504 9549 9017 9425 9423 9275 8964 8918 4958 9238 9614 9041 7287 9631 9495 9443 9373 8844 9257 9133 9382 9843 9054 8763 7498 9230 9419 9420 9561 7953 9514 8694 6654 7878 9658 9655 9568 9782 9655 9875 9862 9738 9894 9663 9589 9677 9426 8579 9167 9183 9087 9404 9466 4604 7115 9959 9920 8583 3246 4469 9525 9237
909 3326 5127 8550 9049 347 4650 9956 3874 3587 9668 9479 9063 8752 9364 9430 9078 9467 9223 9027 6263 9323 9390 9380 8845 9475 9619 9663 9608 6685 1864 6273 9412 9175 9473 9042 9238 9429 9446 9481 9261 9076 7478 3884 6433 9456 7368 8059 9133 9403 9538 9082 9750 9252 8597 9201 9367 8021 7066 9211 9032 9276 9393 8232 9596 9128 4410 6983 9508 9549 9583 9080 9312 9800 9905 9727 9602 9636 9487 9792 9683 9365 8566 9225 9450 8989 9399 7570 5784 9754 9925 9613 7389 2482 9282 8537
8289 9868 9217 8722 2532 1269 8748 9949 3203 3738 9743 9598 9194 9076 9454 9484 8932 7034 9772 9326 5856 8605 8676 9471 9208 9373 9370 9390 9688 9083 8907 9446 9662 9209 9071 8217 9434 9403 9371 9377 9180 7676 9210 8862 5621 4783 2901 5927 8441 6675 8123 9601 9755 9482 9491 8968 9078 8064 5649 8894 8907 9503 9566 9508 8440 8780 7612 7984 9131 9590 9713 9557 9341 9605 9942 9826 9563 9588 9789 9617 9686 9718 9160 9162 9623 9134 9049 9683 4435 7129 6075 6567 8723 4006 8450 9224
9883 9919 9711 9892 8319 8170 9222 9793 2305 3899 9715 9501 9528 9437 9396 8839 8759 7949 8314 9624 7963 6840 9176 9136 9743 9428 9378 9552 9628 9562 9327 9483 9753 8560 9337 9519 9318 9457 9443 9340 9315 8577 9341 9572 9303 8874 6618 5084 6578 9529 8736 7702 8623 9408 9542 8930 9081 9473 5203 8785 8576 9236 9186 9015 9449 9728 8670 9221 9097 9016 9596 9304 9455 9890 9835 9759 9845 9688 9564 9787 9460 9660 8815 9465 9387 9467 9169 9401 7417 9631 9131 9317 8459 3384 8846 9400
9923 9283 6912 9975 9567 2669 7584 9810 4887 3856 9553 9762 9634 9727 9773 9422 9342 8903 9155 9053 9579 7018 8920 9422 9355 9445 9382 9361 9361 9418 9614 9325 9584 9126 9569 9347 9483 9580 9490 9564 9044 9245 9402 9553 9654 9382 9379 8142 4062 6507 5158 5307 5375 8803 9606 9611 9538 9481 8670 5041 9143 8702 9265 9708 9691 9732 8746 9401 9397 9101 9324 9609 9422 9397 9668 9336 9666 9572 9250 9702 9438 9726 9617 9245 9525 9936 8518 9613 7175 9842 9832 9790 7617 3885 7138 9453
1598 30 3 2557 613 0 5268 9745 9139 8083 9848 9820 9715 9774 9584 9646 9322 9087 9411 8780 9345 7907 5870 4507 9264 9103 9430 8767 9161 9309 8497 9321 9667 9316 8920 9306 8448 9713 9592 9548 9554 9586 9354 9441 9519 9761 9658 8994 8815 8742 8907 8083 4251 7292 7676 8972 9487 9141 9499 6807 6477 8795 9453 9400 9363 8996 8577 9521 9244 8759 9510 9597 9444 9565 9437 9554 9562 9446 9600 9713 9761 9753 9660 9689 9461 9680 8732 8067 6770 9643 9774 9895 9474 1411 6685 9141
0 0 0 0 0 0 957 9780 9950 9945 9774 9845 9822 9832 8615 9654 9189 8788 8499 8589 8837 9792 9208 6361 9194 9286 9287 9499 9392 9112 9021 8835 9545 8398 8833 9167 9236 9517 9429 9514 9357 8561 8985 9320 9330 9552 9160 9398 9531 8319 9302 8741 8405 5226 9546 7613 8921 9197 9670 9275 6136 5954 9496 9176 8788 8536 9793 8014 8960 8490 9474 9517 8518 9660 9405 9205 9678 9382 9256 9795 9668 9507 9636 9613 9585 9640 9706 9251 7892 5519 9144 9722 9730 2022 7260 9309
0 0 0 0 0 1020 1379 9813 9893 9962 9708 9737 9894 7527 6646 7969 8570 9819 9181 8960 9177 9740 8669 5831 9275 9318 9379 9269 9282 7314 6704 9049 9648 9514 9133 9406 9489 9365 9630 6933 5378 3170 6222 9391 9414 9379 9236 9613 9601 9179 9526 9420 8911 6596 7346 9417 7985 7482 9278 9612 9179 4852 9315 9474 9580 8461 9683 9686 8632 9368 9101 8664 9415 9497 9397 9756 9425 9617 9751 9510 9781 6157 7898 9529 9609 9380 9924 9443 9396 8844 6827 9853 9845 7116 3825 9446
0 0 0 0 0 5156 6578 9674 6046 8536 9793 9767 9920 9454 6536 4564 7218 9789 8749 9740 9738 9785 7487 5639 8515 9394 9097 9356 9562 9489 9222 9396 9713 9516 9519 9783 8366 9584 9048 6257 179 0 36 2764 9607 9607 9354 9504 9562 9217 9409 9292 9436 9027 7555 5549 6600 5324 7463 7962 9063 7407 8043 9593 8671 8046 9843 9598 8311 7407 7991 8953 9147 9603 9463 9631 9616 9472 9175 9729 9748 8060 8273 8930 9490 9615 9892 9621 9321 9765 7320 9785 9809 9679 3422 8196
0 0 0 0 1892 9725 9768 8385 195 3463 9702 9815 9852 9880 7155 9354 9281 9533 8854 9195 9454 8616 2089 3879 9168 9375 9424 9604 9647 9497 9584 9282 9592 9627 9614 9325 9358 9089 9396 9471 5461 1888 253 649 8577 9694 9463 9306 9419 9212 9526 9328 9024 9525 9490 9452 9223 8100 5717 7617 8218 7623 6896 9645 9345 9511 8562 9519 9185 9196 8740 8860 9483 9404 9640 9498 9484 9604 9571 9862 9708 9508 9570 9691 9738 9654 9435 9520 8149 9941 8229 6402 9894 9865 4017 7677
0 0 0 0 1434 9309 9795 3300 0 935 3444 4375 9840 9871 2900 8067 9920 9677 9650 9474 9343 9021 2762 5127 9122 9359 9199 9519 9580 9196 9568 9682 9461 9637 9399 9175 9713 9418 9340 9680 9311 7498 338 0 1029 8340 9317 9120 9315 9434 9126 9341 9625 9585 9540 9335 9346 9481 9382 6672 5052 9312 6644 9224 9648 9406 8677 9441 8622 7774 8831 9639 9211 8774 9355 9689 9493 9600 9527 9589 9757 9673 9707 9589 9952 9708 8445 9768 9799 9891 9662 7200 9699 9826 5811 7782
0 0 0 0 3812 6214 9209 5379 7872 1690 0 1425 9854 9797 5109 9784 9784 9691 9351 9341 9432 7918 4338 4944 9387 9010 9379 9632 9511 9054 9687 9550 9562 9503 9734 9748 9697 9794 9751 9768 9625 8915 687 0 0 3994 8740 9135 8973 9356 9152 9131 9261 9569 9538 9440 9429 9213 9006 9335 5401 7756 7000 6836 9588 9513 8782 9745 8156 7965 7060 6490 8752 7721 8113 9465 9556 9579 9714 9674 9713 9524 9701 9676 9810 9526 9733 9359 9856 9552 9686 6648 8770 9477 7237 4704
0 0 0 0 0 0 6365 9672 9798 5928 7567 7908 9895 9834 9870 9774 9813 9654 9499 9417 9356 8996 1750 6300 6522 9219 9480 9293 9446 9609 9671 9744 9608 9600 9776 9721 9711 9716 9627 9809 9468 7081 21 563 0 457 2752 8401 9036 9489 9341 9046 9427 9532 9298 9177 9424 9430 9283 9316 5531 4659 9206 6459 8992 8919 9151 8663 9671 7396 8325 7825 7853 7718 7879 9567 9658 9502 9356 9467 9579 9600 9610 9743 9881 9725 9243 8962 9900 9808 9561 9806 6962 9292 8756 3435
0 0 0 0 0 3498 7983 9784 9841 9863 9797 9833 9794 9853 9759 9892 9244 9662 9612 9736 9675 9309 6150 2021 5484 9674 9249 9493 9601 9422 9717 9572 9488 9666 9595 9575 9800 9728 9575 9818 9558 9553 1438 8467 4042 4155 2919 1089 3948 5774 8749 9343 9252 9131 9331 9295 9486 9227 9686 9144 9613 4570 9193 7038 9212 9508 9682 7709 9268 8206 8982 8769 8674 9280 9217 9624 9468 9625 9525 9564 9619 9742 9443 9740 9867 9690 8931 9419 9782 9809 9145 9540 9524 6710 5458 4162
0 0 0 0 0 2469 7818 9802 9884 9869 9906 9787 9923 9868 9888 9858 9926 9671 9648 9706 9797 9611 8749 573 5272 5011 8785 8562 9015 9224 9617 9575 9663 9689 9602 9599 9663 9682 9614 9729 9674 8442 2287 8516 2181 4139 7035 0 0 0 1655 8604 9140 9317 9156 9080 9451 9449 9408 9113 9193 6931 5991 6205 6840 9472 9628 8227 9201 7809 8689 7635 7619 8411 9324 9712 8684 9103 8726 9381 9459 9578 9645 9676 9275 9383 9708 9632 9970 9935 9549 9038 9431 9125 9479 9070
0 0 0 0 999 6446 9872 9906 8069 9832 9756 9748 9823 9501 9821 9882 9771 7995 7774 7833 9776 9783 8974 103 3948 6164 9293 7681 8376 3864 7421 7900 9337 8562 9532 9625 9703 9707 9691 9793 9478 9492 1333 255 0 1747 8770 347 0 0 0 2856 5462 9226 8894 9048 9380 9213 9355 9304 9448 9299 4237 7831 5598 8686 9361 8781 9585 8383 7801 7569 7437 8810 8770 9375 9569 9246 9504 9370 9330 9637 9556 9303 9644 9753 9964 9088 9693 9654 9458 8823 9272 9502 9282 9628
0 0 0 0 2969 7602 9901 7546 6511 9507 9667 9576 9745 9648 9847 9866 9862 9597 8575 7682 9589 9496 9672 4573 8029 8021 5509 3131 251 914 6534 9185 8712 8352 9558 9308 7350 9077 9503 9726 9633 9709 7741 6603 4975 3831 3029 2176 6024 5508 6755 6156 2347 5327 7419 9034 9214 9816 9782 9544 9439 9573 7158 8951 6841 4288 8831 9292 8908 8276 8266 8666 8317 9530 8680 9094 9614 9414 9628 9561 9430 9668 9291 9592 9465 9825 9849 9677 9118 9226 9166 9660 8618 9525 9702 9400
0 0 0 0 6039 9873 9724 5005 8601 9876 9836 9728 9831 9841 9889 9889 9842 9885 9897 9018 9851 9768 9633 4171 4873 9699 7711 5316 3122 1481 5651 9574 9593 9262 9742 9470 4718 6023 9689 9613 9398 9617 9725 9672 9661 9614 5840 1040 3838 8287 9219 8314 6185 20 274 6469 9268 9309 8058 9751 9607 9684 9475 6213 8127 7168 5318 6489 8953 9386 9491 7493 7526 9056 9500 8724 8819 9590 9553 9347 9299 9747 9722 9679 9298 9857 9670 9749 9720 9179 8889 9213 9017 9293 9338 9430
0 0 812 1683 8480 9735 9667 3090 9004 8531 8892 8916 9173 9543 9589 9822 9860 9728 9926 9881 9874 9758 8706 7393 1511 4628 9472 9363 8127 5446 8014 9490 9299 8874 8790 9110 9592 9468 9496 9465 5640 9356 9598 9726 9575 9491 9281 8236 3149 6151 9310 9128 4576 825 3668 1226 9173 9477 9752 9780 9817 9678 9886 9111 6540 6737 5798 5680 7257 9421 9458 8942 8007 9473 9153 7508 8535 9777 9095 9705 9595 9684 9527 9526 9657 9163 9403 9610 9570 9341 8632 9218 9220 8040 9210 9554
2183 7505 5557 6746 9306 9026 9457 3635 9740 9926 9661 9905 9704 9264 9657 9649 9767 9738 9766 9843 9706 9605 9624 9349 8277 6085 8294 9705 9392 9509 9357 9556 9674 9497 9771 8984 9496 9497 9652 9676 9615 9566 9129 9670 9551 9410 9675 9655 9489 9351 9366 8776 9323 9708 9013 5781 6310 9751 9011 9605 9649 9666 9622 9828 9801 9629 7823 4372 5567 9622 9725 8791 9527 9695 9449 8336 8312 7872 7960 9619 9540 9515 9599 9590 9806 9494 9548 9624 9635 9825 8813 8642 9521 9315 8804 9186
1974 9319 3454 8886 8309 9943 9881 9584 9769 9128 6482 4340 4962 7638 9622 8946 9378 9349 9387 9571 9032 9384 9515 1950 190 5562 9554 9549 6251 7290 7621 4652 5989 9663 9538 9544 9775 9322 9685 9689 9693 9590 9477 9568 9464 9642 9481 9005 9059 9490 9582 9440 7347 9109 9341 9506 9559 9563 9650 9786 9783 9516 9278 9405 9609 9723 9891 7227 4308 9208 8919 9771 9386 9633 9433 8714 8894 8907 9202 9520 9684 9112 9520 9749 9863 9623 7762 9783 9287 9255 9422 9600 9560 9141 9313 8763
6930 9562 8974 8680 9599 9009 5891 7267 7257 6760 9373 9994 9996 7931 5204 884 6117 7842 8533 9780 9971 9902 9902 6891 673 8194 9697 9348 1145 2854 379 0 4213 9797 9558 9777 9825 9416 9290 9122 9347 9594 9488 9680 9465 9598 9423 9310 9093 9567 9655 9605 9566 8959 9245 9539 9605 9384 9247 9572 9637 9295 9432 9872 9003 9574 9722 9659 5954 6233 9692 9721 9298 9631 9684 9556 9587 9707 9331 9507 9680 9780 9654 9662 9796 8955 7655 4985 8276 9382 9435 9000 6864 9154 9401 9499
9781 9937 9879 9729 9835 5361 7149 4951 9868 5971 6249 8039 1447 9420 8986 2915 1100 3432 2635 316 2407 8974 9791 8961 8187 2059 631 3538 1713 8267 8996 5112 862 6205 9913 9871 9823 9735 9562 9136 9318 9579 9414 9175 9715 9473 9499 9488 9525 9013 9157 9642 9574 9431 9355 9609 9622 9418 9474 9177 9396 8364 9400 9338 9609 9201 9677 9618 9372 5677 7938 9444 9218 9637 9669 9582 9581 9724 9657 9654 9636 9488 9351 9785 9745 5437 5983 318 4806 5076 9067 8764 8984 8988 9569 9507
7512 6033 6266 6118 6014 8745 2387 2535 3920 3566 9049 6583 0 1836 5716 8757 6442 4649 763 200 315 2184 8956 6756 5565 7631 3853 1483 1297 8762 9511 9805 8406 7415 6170 9063 8989 9796 9713 9604 8671 9675 9601 9893 9234 9491 9109 9350 9768 9443 9483 9598 9493 9584 9447 9545 9502 9553 9401 9312 9657 9770 9668 9644 9567 9663 9561 9720 9664 8657 4512 8344 9458 9699 9817 9727 9514 9665 9771 9556 9736 9802 9747 9578 9282 3191 270 1166 576 4203 9576 9521 9183 9461 9387 9402
7578 9663 9676 9892 7100 1687 0 358 5757 9183 9129 1879 0 0 0 2116 2988 191 6445 7241 2009 0 733 4003 6538 9663 9630 9487 6658 9693 9859 9854 9021 8992 8411 9945 8474 8934 9931 9757 9856 9803 9247 9713 9784 9327 9687 9614 8951 9506 9247 9558 9533 9517 8998 9213 9430 9562 9273 9215 9655 9106 9244 9811 9850 9787 9674 9431 9801 9219 6563 6730 9645 9317 9823 9479 9425 9188 9524 9692 9674 9650 9925 8978 9477 6509 1288 4241 4219 9024 9529 9325 9545 9447 9544 9634
9960 9659 4137 141 7 0 1719 7486 9789 9185 9166 6383 4421 3937 3790 6343 1037 27 4137 916 2564 6933 9517 9625 9438 9587 9804 9791 9772 9639 9847 7826 8056 9865 9911 9816 9820 9424 8723 8960 9982 9171 8739 8785 9403 9743 8999 9339 7933 4095 9491 9501 9778 9433 9362 9475 9509 9413 8911 9121 9148 9470 9168 9409 9604 9288 9756 9648 9718 9634 9757 4694 9561 9282 9742 9593 9799 9864 9810 9828 9792 9419 9414 9568 9807 6683 2297 1360 5938 9294 9311 9374 9478 9401 9287 9456
8290 2092 0 0 0 0 6179 9080 9858 6312 7226 8886 9863 9965 9989 9792 2636 7383 9891 6357 7846 9618 9805 9849 9564 9748 8803 9390 9795 9869 9233 8771 9952 9743 9743 9797 9848 9770 9857 9731 9148 9508 9795 9915 9281 8801 9496 9538 9023 8560 9445 9492 9581 8636 9547 9291 9365 9561 9364 8992 9488 9449 9451 9292 9496 9681 9764 9770 9533 9876 9633 5894 7342 9571 9825 9225 9780 9906 9642 9554 9226 9783 9664 9433 9460 8475 7726 8276 8845 8739 9407 9582 8781 9284 9054 9189
653 0 0 373 3422 2862 5260 8520 5412 129 0 7280 9904 9717 9869 9957 9801 5734 8711 9661 9501 9782 9788 9772 9722 9488 6452 8996 9301 8378 8079 9950 9679 8356 9775 9735 7219 2762 7002 9730 9920 9963 9858 9895 9471 2264 1340 5310 8899 9309 9508 9522 9499 9422 9532 9550 9008 8509 9395 9533 9093 9467 9335 9634 9040 9591 9477 9435 9081 9783 9731 9106 5567 6433 8633 9398 9617 9423 9765 9657 9500 8778 9390 9099 9518 8860 9460 9548 8582 9424 8178 8928 8903 9589 9478 9188
4478 5315 1156 7494 8732 2316 5661 9666 3596 0 0 5468 9957 9779 10000 9719 5106 1561 8846 9848 9656 9039 9382 9453 8532 9762 9543 8693 9033 9936 9169 9715 9795 9771 9822 9719 9038 7720 7235 4930 6165 9529 9059 5761 5615 8008 2022 0 78 6524 9446 9232 9169 9538 9359 9343 9534 9580 7550 7312 9435 9311 9174 9688 9594 9848 9015 9492 9664 9645 9737 9533 6412 5712 7054 9571 9513 9656 8854 8877 8565 8294 9391 9317 9393 9463 9540 9452 9665 9769 8679 8227 7942 9290 9037 8737
9527 7362 8485 9466 9825 9625 9873 9694 6746 77 4045 6077 9784 9633 9472 7073 136 157 5046 9908 7906 9508 9287 9939 9716 8910 8226 9781 9909 9216 9621 9572 9656 9627 9797 9690 9768 9646 9874 9536 7922 3085 2815 7255 9103 5025 4453 4188 2940 340 7409 9487 9439 9285 8814 9275 9049 9437 9282 7842 9292 9132 9387 9381 9500 9603 9392 9733 9294 9251 9598 9765 9208 9396 4206 9186 9394 9225 7337 8442 8768 8380 7995 9433 9716 9455 9562 9528 9668 9767 9021 9730 8509 8458 8976 9307
9525 9569 9850 9880 9577 9796 9280 7976 6923 6332 9769 9747 9846 9896 7897 467 3192 8019 9599 9900 9575 9570 9907 9890 8762 8553 9799 7986 5353 8257 9899 9783 9810 9612 9794 9888 9891 9882 9774 9725 9723 9806 9814 9809 5777 9265 9852 6013 2895 0 3372 9674 9442 9194 9319 8593 9369 9343 9560 9384 9641 9493 9672 9077 9695 9604 9603 9473 9536 9376 9445 9433 9485 8704 7923 7028 9399 8923 2834 7293 9619 8800 8812 8322 8948 9392 9632 9650 9389 9752 8768 9242 8419 9282 8768 9216
9657 9752 9424 9062 9765 9767 9853 3640 2684 8235 9819 9875 9748 9634 1410 4057 8904 9547 9894 9985 9938 9969 8971 7762 9734 9520 7112 6512 8239 8832 9706 9726 9741 9896 9921 9843 9791 9686 9748 9806 9389 9539 9861 9839 9957 9800 9633 9682 6971 1718 0 1798 3714 7482 9222 9488 9089 9429 9472 9241 9296 9692 9402 9556 9801 9536 9541 9524 9627 9428 9405 9688 7637 3891 4578 2236 7892 7635 7396 9439 9765 9694 9762 8061 9322 9206 9381 9731 9667 9902 9024 8803 8310 8123 9294 9397
9398 9666 9177 3814 9673 9903 9641 7604 5382 9177 9792 9806 9888 7497 5227 9732 9866 9866 9897 9971 9975 8804 9366 9682 9562 7674 5645 9749 7777 8707 7964 8316 9598 9784 9700 9880 9926 9174 9904 9938 9845 9713 9885 9980 9913 9992 9923 9813 9924 6819 31 0 0 655 8739 9549 9659 9516 6919 7784 9616 9253 9351 9688 9794 9598 9281 9631 9526 9459 9445 9277 6335 2646 1083 771 3646 9363 8913 9547 9782 9601 9595 9585 8749 9029 9039 9609 9632 9631 9009 7689 8401 9136 9232 9066
9334 4648 7402 7160 9919 9914 9854 9893 9476 9676 9926 9470 9811 9891 9913 7599 5529 6637 9458 7874 8636 9568 9711 7988 5525 9457 9566 9704 9765 9623 9565 9233 9941 9967 9966 9779 9778 7023 9728 9911 9908 9935 9924 9961 9974 9294 9381 9503 5579 3654 2319 0 0 686 7972 8448 8313 8526 8106 8998 8785 9632 9517 9490 9555 9794 9788 9608 9638 9219 8394 9318 8487 7948 3032 2517 536 6203 8407 9200 9336 9660 9599 9646 9811 8852 9122 9707 9390 9483 9230 8334 7686 8518 9303 9102
9188 910 3673 6741 9839 9891 9922 9885 9959 9785 10000 9953 9963 9903 4512 239 1638 3169 1588 3864 9781 9314 6699 8358 9679 9753 9741 9784 9949 9811 8746 8070 9246 9858 7422 9466 9949 9736 9896 9940 9933 9932 9883 9952 9967 8700 9776 9924 9796 8404 1195 0 0 425 9382 8873 9305 9355 8023 9274 8953 8972 9345 9488 9586 9762 9719 8941 9018 9280 9569 9229 9583 8989 6970 6099 6476 5172 5804 8305 9865 9300 9816 9350 9570 8900 9811 9739 9765 9287 9051 8443 8279 8466 9478 9199
