gis_files/fsoildep25_50.asc
ncols         625
nrows         694
xllcorner     895000
yllcorner     515000
cellsize      5000
NODATA_value  -9999
[rows 310 to 371 of 694, columns 192 to 287 of 625]
0 0 0 0 0 0 1209 2015 0 102 3934 2690 0 0 0 91 4453 9740 7194 1233 0 0 0 0 0 0 0 0 0 0 3574 118 3092 4224 0 0 0 0 0 221 48 0 0 0 4608 8429 3397 0 0 0 5776 2249 0 0 0 0 0 0 0 0 0 0 242 8256 4578 1876 7755 6236 3529 0 0 7067 4727 6972 6248 7460 9398 7916 9205 9957 8354 4843 0 0 0 0 0 0 0 2445 8030 0 0 0 0 0
0 0 0 0 0 0 1210 8030 1 0 0 0 0 0 7 251 5466 9889 9427 5761 177 0 0 0 0 0 0 0 0 0 2429 6456 5634 4140 0 0 0 0 0 0 0 0 0 0 5558 4038 0 0 0 1904 9897 4399 0 0 0 0 0 0 0 0 0 5692 8527 7768 3320 6036 0 0 0 0 0 5775 7780 4311 5928 8782 9451 6364 8354 1634 0 0 0 0 0 0 0 0 0 0 396 0 0 0 0 0
0 0 0 0 0 0 3039 9069 1 0 0 0 0 0 964 6271 6019 9613 5430 935 0 0 0 0 0 0 0 0 0 0 185 9379 9941 2439 0 0 0 1168 0 0 0 0 0 0 1815 48 0 0 0 765 5312 1063 0 0 0 0 0 0 0 0 0 1294 8614 5910 1415 8402 0 0 0 0 0 0 0 276 381 2968 7256 6998 2334 0 0 0 0 0 0 0 0 0 0 0 0 0 0 0 0 0
0 0 0 0 0 0 673 1328 0 0 0 0 0 0 0 5139 8252 4903 128 0 0 0 0 0 0 0 0 0 0 0 2780 886 7801 2154 0 0 2386 6242 0 0 0 0 0 0 0 0 0 0 0 0 0 0 0 0 0 0 0 0 0 0 0 0 2602 1475 0 1467 0 0 0 0 0 0 0 0 0 0 762 0 0 0 0 0 0 0 0 0 0 0 0 0 0 0 0 0 0 0
0 0 0 0 0 0 0 0 0 0 0 0 0 0 0 1911 67 0 0 0 0 0 0 0 0 0 0 0 0 0 1853 3314 5268 1279 0 0 7874 2136 0 0 0 0 0 0 0 0 0 0 0 0 0 0 0 0 0 0 0 0 0 0 0 0 0 0 0 0 0 0 0 226 0 0 0 0 0 0 0 0 0 0 0 0 0 0 97 0 0 0 0 0 0 0 0 0 0 0
0 0 0 0 0 0 0 0 0 0 0 0 0 0 0 0 0 0 0 0 0 0 0 0 0 0 0 0 0 0 1341 7380 1746 3901 0 1243 4395 0 0 0 0 0 0 0 0 0 0 0 0 0 0 0 0 0 0 0 0 0 0 0 0 0 0 71 1171 0 1350 6299 7390 8840 1533 0 0 0 0 0 0 0 0 0 0 0 223 4865 5598 0 0 0 0 0 0 0 0 0 0 0
0 0 0 0 0 0 0 0 0 0 0 0 0 0 0 0 0 0 0 0 0 0 0 0 0 0 0 0 0 0 608 7732 7465 2683 0 4302 2943 0 0 0 0 0 0 0 0 0 0 0 0 0 0 0 0 0 0 0 0 0 0 0 0 0 0 236 8032 5710 4670 2386 257 7937 3503 0 0 0 0 0 0 0 0 37 3341 3039 7138 7883 647 572 38 0 0 0 0 0 704 4013 2106 3283
0 0 0 0 0 0 0 0 0 0 0 0 0 0 0 0 1678 6 2052 8433 3053 0 0 0 0 0 0 0 0 0 0 1052 9294 629 1135 6796 0 0 0 0 0 0 0 0 0 0 0 0 0 0 0 0 0 0 0 0 0 0 0 0 0 0 218 3823 3527 51 0 0 0 1546 221 0 0 0 0 0 765 3140 5276 4505 4472 1919 2334 1181 872 8671 2583 1148 0 0 0 0 6763 7322 6753 3262
0 0 0 0 0 0 0 0 0 0 0 0 0 0 0 1497 5435 3545 3469 3100 1993 0 0 0 0 0 0 0 0 0 0 5144 6279 2271 4482 2697 0 0 0 0 0 0 0 0 0 0 0 0 0 0 0 0 0 60 0 0 609 3371 127 0 0 0 2450 1618 0 0 0 0 0 0 0 0 0 0 866 2234 6842 4590 1783 0 4720 6257 272 0 1808 8989 8584 5211 244 0 0 442 7829 7143 7667 3324
0 0 0 0 0 0 0 0 0 0 0 0 142 4009 2411 3470 4713 4383 1386 0 0 0 0 0 0 0 0 0 0 0 0 4182 9688 5420 3915 0 0 0 0 0 0 0 0 0 0 0 0 0 91 5584 360 0 1445 7355 3241 6213 9254 5876 8291 5627 680 0 1312 976 5530 7581 5315 0 0 0 0 0 0 0 2731 7540 7301 1473 3453 5201 3027 8677 2063 2751 7217 7066 7349 4245 0 0 0 0 1488 9970 3719 6346
0 0 0 0 0 0 0 0 0 0 0 0 2484 9909 9255 3475 8027 1623 539 0 0 0 0 0 0 850 332 0 0 0 327 8946 6464 4543 680 0 0 0 0 0 0 0 0 0 0 0 0 0 4639 9581 8994 5479 8352 9778 7153 2672 5370 1310 9704 9888 2793 0 4974 7939 9560 6823 122 0 0 0 0 0 0 0 0 1655 135 76 1815 5684 8678 8704 155 6608 9444 7595 9678 1908 4184 0 0 0 29 1618 691 7614
0 0 0 0 0 0 0 0 0 0 0 0 116 9329 6798 419 1844 5274 8961 548 0 206 7083 1961 0 1649 7203 1436 192 1358 1277 9919 2790 0 0 0 0 0 0 0 0 0 0 0 0 0 0 3762 3887 5563 7444 3343 5180 4540 2884 8123 3129 6760 9552 8816 2358 0 1276 2885 6715 373 0 0 0 0 0 0 0 0 0 486 4990 74 0 3893 7201 6302 0 5756 9987 9859 8101 9008 7674 0 0 0 0 0 4583 6544
0 0 0 0 0 0 0 0 0 0 0 0 3564 8259 5932 444 0 2197 4995 4387 0 0 2448 8212 4071 7801 9919 8224 0 3518 1855 9098 3595 532 0 0 0 0 0 2802 5690 6021 1821 2819 662 184 5476 6737 506 721 0 0 316 754 9138 3043 3398 6585 10000 5271 0 0 0 0 0 0 0 0 0 0 0 0 0 0 3222 9331 9886 6639 1916 4939 9779 3684 1285 9588 9587 9716 4065 8053 1341 0 0 0 0 0 8332 9846
0 0 0 0 0 0 0 0 0 0 0 0 0 4654 5804 125 0 0 2540 4827 1892 0 2896 9920 9478 9601 9779 8004 0 0 2420 9684 7764 1398 0 0 0 0 0 3458 10000 9999 7724 9256 6329 1690 6880 111 0 0 0 0 6240 4043 9986 8180 7298 4803 9518 9910 7485 3281 0 0 0 0 0 0 0 0 0 0 0 0 5643 9984 9790 9976 9938 9354 9443 1211 4744 9831 8158 3548 8749 707 0 0 0 973 301 0 781 4476
0 0 0 0 0 0 0 0 0 0 0 0 0 3143 5809 475 0 0 0 3263 6673 5898 3183 9694 9725 9613 10000 4710 0 0 0 1760 583 106 0 0 0 0 0 293 7773 9841 8698 9993 4777 0 0 0 0 0 0 0 6976 8251 8155 6230 4344 4176 9935 6779 2108 0 0 0 0 0 0 0 0 0 0 0 0 0 54 3573 7356 9948 9795 8558 2619 0 6431 3803 226 9695 5761 52 0 1505 6529 9855 7134 0 0 0
0 0 0 0 0 0 0 0 0 0 0 0 0 1101 800 2 0 0 0 2082 4078 3754 9378 9899 9407 9959 9087 9791 1782 1670 0 0 0 0 0 0 0 0 0 0 4612 6192 1245 6714 8721 2486 251 0 0 0 0 187 9418 9995 10000 8332 3667 9271 9645 6433 0 0 0 0 0 0 0 0 0 0 0 0 0 0 0 0 133 7497 9815 9127 2844 0 0 0 0 5760 5859 6028 5404 9006 8878 10000 9843 7208 6406 430
0 0 0 0 2308 0 0 0 0 0 0 8 1137 0 0 3457 0 126 3468 7896 2893 533 7905 9897 10000 9983 9750 9265 9019 8689 305 0 0 0 0 0 0 0 0 0 0 1643 5716 9922 9885 8256 6145 3530 5115 5117 550 0 6502 10000 9949 8066 8732 9750 5728 302 0 0 0 0 0 0 0 0 0 0 0 0 63 0 0 0 0 4739 6068 1812 53 0 2136 783 0 1257 9220 4264 719 6202 6588 9988 10000 9862 9669 6807
0 0 191 1605 4480 0 531 1368 0 0 0 4296 5683 0 1757 2731 881 5693 8552 2619 2147 6660 7286 9748 9903 9644 9607 9549 7955 3610 374 0 0 0 0 0 0 0 0 5538 9041 9328 9719 9816 8659 6169 9143 4658 340 688 0 0 9 3846 6743 6749 4713 2948 0 0 0 0 0 0 0 0 0 0 0 0 0 4611 9560 486 0 0 8 479 1087 0 0 0 218 5982 3649 5547 8289 3557 79 1208 4924 9991 9877 9942 9870 9569
0 0 0 6188 7078 153 5770 7989 55 0 404 7285 466 2541 7805 3809 7586 9858 9899 7829 5756 8690 9829 9537 9913 9954 9978 9917 7582 623 4427 192 0 0 0 0 0 0 0 0 2136 1641 1790 623 347 2182 4411 0 0 0 0 0 0 0 0 0 0 0 0 0 0 0 0 446 6 0 260 808 1475 749 0 1264 2324 2858 0 1202 6805 7352 6526 391 2550 132 2395 8751 9515 3075 4701 4167 5680 7894 9659 6372 9955 9839 9718 9591
0 20 1363 8230 4270 3156 9698 4992 1642 0 0 3392 7209 8219 5084 6605 10000 9881 7443 9776 9324 8858 6355 7883 8998 10000 10000 10000 9481 8360 5310 232 0 0 0 0 0 0 0 0 0 0 0 0 0 0 0 0 0 0 0 0 0 0 0 0 0 0 0 0 0 0 2037 5113 4917 8680 9913 8840 5473 1325 1169 4436 11 5921 5841 3327 7774 9815 9883 9398 9939 4717 4094 9507 3468 2920 8201 4044 1279 1875 5898 2060 9425 9837 9890 9817
0 73 6188 5931 4277 8297 9204 6018 7278 1188 0 0 259 1003 1886 3579 9966 9978 9999 9945 7750 1477 405 6437 9817 10000 10000 10000 9944 9945 9475 5976 2219 0 0 0 0 0 0 0 0 0 0 0 0 0 0 0 0 0 0 0 0 0 0 0 0 0 0 0 0 0 6609 9980 10000 9937 9028 714 0 0 3110 9885 1346 2756 7276 8870 4412 7895 9453 5503 9263 5716 7736 6470 56 694 1956 9 0 1066 3313 8575 9599 9417 9716 9641
0 0 0 0 3241 9509 9779 9578 8451 1671 0 2554 7801 7975 8925 7381 9991 9952 10000 9827 4916 2697 7571 9151 10000 10000 9940 9771 9872 9859 6151 0 0 0 0 0 0 0 0 0 0 0 0 0 0 0 0 0 0 0 0 0 0 0 0 0 0 0 0 1529 6464 6773 7485 10000 9986 9987 7749 2119 47 4201 3670 9841 7733 4425 866 253 2918 9855 6558 3508 9541 4116 5342 128 0 2875 8327 5379 34 0 85 835 663 3980 6367 6395
0 0 0 0 2472 9871 10000 9732 5316 3350 5 2825 6456 9952 9987 10000 9994 9892 9992 9969 6437 9977 10000 9934 9905 9271 9131 8933 5072 1120 0 0 0 0 0 0 0 0 0 0 0 0 0 0 0 0 0 0 0 0 0 0 0 0 0 0 0 2 4635 9708 9935 9986 9794 9907 10000 9959 9038 948 1429 7939 9519 9920 9981 3417 5033 6768 5512 6194 1227 1967 1187 48 6569 6459 3744 316 4658 4338 6493 3844 0 0 0 0 0 0
0 0 0 3528 5343 9907 9895 7551 4981 6767 9092 6187 8723 9813 9919 9939 9427 9892 9997 9997 9998 9987 9987 10000 9009 8286 3558 299 0 0 0 0 0 0 0 0 0 0 0 0 0 0 0 0 0 0 91 188 0 0 0 0 0 0 0 15 1420 2530 9729 9992 9996 10000 9684 10000 8746 9334 8082 958 3845 471 5754 9909 9861 5269 7644 8811 2141 6653 6284 2133 4556 1307 8898 6648 5117 5409 9752 8953 6874 3783 709 2651 6844 798 0 0
3223 2735 0 4242 9362 9939 9902 9704 9377 9915 10000 9889 7818 6397 8612 9203 7069 8198 9876 9899 9559 9373 9427 9938 5437 65 0 0 0 0 0 0 0 0 0 0 0 0 0 0 0 0 0 0 0 0 1142 6958 32 722 2033 1948 5591 6031 3854 6893 8552 3381 3663 6436 10000 10000 9832 9992 3135 2512 232 0 8985 3869 1771 5526 5375 5877 4646 1154 2777 5038 10000 9819 5290 5034 9313 6509 5140 8451 9485 9933 9683 5459 7071 101 6442 1432 354 4951
9831 9781 6610 9891 9935 9712 9842 9753 9914 5528 4157 9240 722 0 898 667 0 330 4273 2939 9299 8014 7574 4145 6737 231 0 0 0 0 0 0 0 0 0 0 0 0 0 0 0 0 0 0 0 0 950 9721 4165 299 8075 9964 9987 9987 10000 9951 2556 9383 8058 580 5854 9829 9968 9812 1906 0 0 0 6776 8209 5175 1717 1549 325 2331 451 1610 1580 9594 9519 9264 6966 9701 9604 9840 9951 9852 9912 9873 6368 5215 9075 9190 9473 3980 5915
9836 9842 9689 9892 9732 9641 7918 9352 8279 5634 464 1066 0 0 0 0 0 0 953 9446 9098 7375 9672 8223 4781 139 0 0 0 0 0 0 0 0 0 0 0 0 0 0 0 0 0 0 0 0 814 10000 9938 7492 4315 9963 9926 9934 10000 10000 4371 7998 7251 405 1493 8356 9909 5258 1965 233 5 0 6850 9947 9058 6431 6320 6254 6793 6676 4436 1073 8089 8434 9453 9910 9737 9414 9622 9773 9822 9899 9927 9877 9698 9719 9962 9730 7170 8061
9980 9842 8371 3899 7195 7733 1412 3419 2247 4782 282 0 0 0 0 0 0 0 0 2191 1260 3321 5201 9040 5892 7719 1166 0 0 0 0 0 0 0 0 0 0 0 0 745 1730 2815 7862 3682 5808 6999 5986 6419 2088 39 2906 8474 10000 9667 9862 9954 5144 2767 9611 9777 7895 1545 4802 2062 7087 7416 4365 759 8574 9532 3071 5985 9806 8468 3746 6306 7326 4488 2216 5040 9383 10000 9788 9633 9356 9278 9354 9770 9936 9949 9843 9842 9958 7973 1806 2851
9777 6739 2426 490 2846 745 3196 0 0 0 0 0 0 0 0 0 0 0 0 0 0 0 134 1583 242 3042 7463 2101 59 0 0 0 0 0 304 115 0 1429 5833 9910 9376 7773 5586 1870 9780 9961 4211 2828 1512 5021 9807 9898 9940 9402 9747 10000 4733 8636 9781 9718 9753 7989 8229 9087 6484 7010 0 4735 3869 9859 9623 5781 2459 4909 7111 8767 9204 1050 1898 7614 9398 10000 9939 9822 9640 9656 7747 5809 9834 9641 9765 9687 9771 9136 2271 1845
9876 8492 2679 0 0 0 0 0 0 0 0 0 0 0 0 0 0 0 0 0 0 0 0 0 0 0 34 1572 5866 722 3126 5565 3027 2293 8197 7426 7534 8637 7127 2848 177 0 0 0 2036 6213 2873 6115 9830 9746 9942 9818 9884 9671 9881 9990 9747 9786 9952 9598 4209 3551 7452 5973 6122 4192 3510 1990 6381 9520 6622 801 0 0 1867 6934 8480 6376 260 5020 9920 9991 10000 9921 9566 5047 3857 3954 7590 9062 9677 9549 4918 6596 7515 1151
7889 2847 1806 0 0 0 0 0 0 0 0 0 0 0 0 0 0 0 0 0 0 0 0 0 0 0 496 672 1741 6020 9528 9946 9585 10000 9719 6688 3722 806 0 0 0 0 0 0 3310 9984 2679 7259 9991 10000 9841 9955 9991 9758 9984 9960 9986 9981 9962 9860 8016 7082 6006 2604 7560 81 7684 5747 9609 5161 4550 1877 0 0 0 93 6135 6185 706 3656 7731 7887 9230 9991 9585 6484 7140 8729 3184 9625 5573 1972 1131 8627 5198 6032
5043 247 0 0 385 363 2019 2636 0 0 0 0 0 0 0 0 0 0 0 0 0 0 0 0 1220 2927 7433 6087 7013 9448 10000 10000 7774 973 606 0 0 0 0 0 0 0 0 0 772 7963 3331 5180 9386 10000 9870 9785 9971 10000 10000 10000 9941 9964 8934 8217 3754 2279 5334 6930 9801 1472 2692 9843 9944 6899 5791 5776 0 0 0 0 0 0 0 16 4265 4314 9884 9814 9508 9169 2695 9768 6185 869 1411 1659 0 4364 8541 4674
7914 9153 4292 0 4131 4159 5260 1887 0 0 0 0 0 0 0 0 0 0 0 0 0 0 33 4904 7947 2115 8549 3215 4704 8192 9880 9957 9803 726 0 0 0 0 0 0 0 0 0 0 0 784 361 2472 9720 9820 9740 9971 9939 7951 9870 9052 3780 1433 439 3052 7032 8625 3735 995 6104 6876 8220 9882 7411 6040 5625 8194 359 0 0 0 0 0 23 7093 9044 8672 9940 9589 9435 9785 3647 6609 1204 6237 7572 7139 0 6393 9976 6864
9935 8855 8134 1 0 0 0 0 0 0 0 0 0 0 0 0 0 0 0 0 0 850 6865 9931 3401 0 6956 6376 9944 9989 9978 7237 3233 4 0 0 0 0 0 0 0 0 0 0 530 569 2956 9999 10000 10000 10000 9911 9393 2680 1412 3264 8121 9752 4793 6185 8123 8736 2659 118 0 2084 8825 7801 9503 7653 6859 9501 5472 0 0 0 0 0 2172 10000 9980 9974 9997 9862 9837 9705 2425 0 6215 5835 565 2123 1613 4959 9857 7143
9070 3923 8054 1357 92 0 0 0 0 0 0 0 0 0 0 0 0 0 0 2538 6666 8912 9864 8707 535 5359 9917 8840 10000 9261 957 6104 1 0 0 0 0 0 0 0 0 0 0 1789 9304 8222 7910 10000 10000 9971 9974 9499 2445 4912 818 3476 5123 7690 9858 9602 7074 1478 0 0 0 0 194 1042 3191 4271 3895 1802 318 0 0 0 0 0 4142 9708 9981 9990 10000 10000 9960 5507 230 0 8361 6654 4720 9874 6092 7441 9873 7328
4899 692 918 15 2029 0 0 0 0 0 0 0 0 0 0 228 5723 2798 1985 8699 8083 4755 5693 6504 2971 9779 9387 9523 9590 9970 7997 1094 508 0 0 0 0 133 3356 4900 8512 6397 3649 8825 9886 8396 2866 1921 5076 7445 2665 10 0 0 0 1417 6543 9801 7325 7223 6512 2372 0 0 0 0 0 0 0 0 0 0 0 0 0 0 0 0 1362 7723 9907 9983 9956 9988 9945 8155 432 189 9845 4302 2614 9812 8896 9257 5905 4657
3317 161 1002 1386 472 0 0 0 0 0 0 0 0 0 0 0 3210 10000 6776 5569 7133 5133 3883 9240 8373 4897 6178 6324 7912 4971 8193 3772 0 3880 1198 0 0 3471 6309 4865 10000 9981 9999 9609 9678 9639 7417 99 379 475 0 0 0 0 0 0 5183 9443 1726 2534 8215 7804 1308 0 0 0 0 0 0 0 0 0 0 0 0 0 0 0 0 887 5912 10000 10000 10000 9967 9277 196 980 9983 6849 3251 2698 355 5250 1538 0
1019 19 1274 334 0 0 0 0 0 0 0 0 0 0 0 2451 3365 8865 10000 9845 9995 8519 743 9482 9996 5858 3119 9 673 6849 528 1646 538 8276 3894 3046 8467 9103 9683 9939 9385 9557 9841 8630 8722 9516 7746 7 0 0 0 0 0 0 0 0 836 8438 0 243 8769 681 0 0 0 2 75 0 0 0 0 0 0 0 0 0 0 0 0 0 7712 9866 9934 10000 10000 9117 1902 1552 9272 9888 9844 9146 6768 9703 8540 3187
0 0 0 0 0 0 0 0 0 0 0 0 0 0 3006 9426 222 5398 10000 9876 9972 9662 3890 10000 9242 5145 4837 1665 0 5707 1086 0 1408 6129 2426 9368 9848 6289 7678 8228 7951 4447 3214 8750 8459 5869 8015 727 0 0 0 0 0 0 0 0 0 18 0 3692 3601 0 0 0 0 1917 8775 7327 4602 2298 247 0 0 0 0 0 0 0 0 457 6425 2845 9620 9839 9907 10000 2876 2061 9966 10000 10000 9980 6524 8318 3206 3320
0 0 0 0 0 0 0 0 0 0 0 0 0 4810 9977 9955 2225 312 4803 8507 7170 6467 4074 9523 9877 9980 6575 794 0 3263 1367 0 0 1057 5806 5409 7852 5476 3010 71 1596 2177 1353 1328 46 0 0 748 1148 987 1533 0 0 0 0 0 0 0 0 5971 2292 0 0 555 4225 8096 9702 6092 1845 7172 2782 0 0 0 0 0 0 0 0 13 70 0 1286 3159 6409 9064 7665 9135 9926 10000 10000 9995 5311 4353 1204 2700
0 0 0 0 0 0 0 0 0 0 0 0 4825 9384 10000 9987 9016 3808 9162 6160 1194 3710 6094 7117 7832 4966 7330 7465 2145 0 0 0 0 0 0 0 225 7854 9208 1629 2711 6262 5609 4450 0 0 1707 7383 6661 9669 5119 0 0 0 0 0 0 0 0 3320 7897 5962 128 8555 9816 9581 9720 4633 4809 9934 5569 0 0 0 0 0 0 0 0 0 0 0 0 0 0 607 6493 7292 6351 5439 10000 9988 5764 8490 4372 2992
0 0 0 0 0 0 0 0 0 0 263 5483 7625 6411 10000 9932 6272 137 774 151 0 0 29 1531 977 3324 3125 6881 7605 0 0 0 0 0 172 4017 5432 5649 4220 182 0 781 940 4670 4209 769 5604 7471 8358 6770 620 0 0 0 0 0 0 0 0 392 9171 9157 4631 9028 9471 9399 9666 5301 9347 9817 7271 0 0 0 0 0 0 0 2609 4768 0 0 0 0 0 0 0 0 45 3943 10000 10000 10000 9767 9350 606
0 0 0 0 0 0 0 0 0 0 69 5249 5967 3911 9087 9991 3874 0 0 0 2272 6052 497 0 0 0 0 4067 6542 0 0 0 0 0 107 1463 1 0 0 0 0 0 0 2893 3470 5381 6795 3678 715 326 0 0 0 0 5942 8274 0 0 0 0 6763 9758 9949 9895 9748 9865 9928 6125 9934 9654 9369 7602 4722 0 0 0 0 0 4331 6401 0 0 0 0 0 0 0 0 0 2235 10000 8498 7241 8828 9425 5077
4384 0 0 0 0 0 0 0 0 0 0 2264 543 259 8317 3802 0 0 0 1527 4174 9695 8155 904 0 0 0 66 695 0 0 0 0 0 0 0 0 0 347 614 5467 981 0 202 2607 2278 1690 3540 0 0 0 0 0 1985 9247 9305 212 0 0 0 1206 4768 8799 9472 9703 9803 9503 3594 10000 9227 9102 8986 8257 0 0 0 0 0 108 6713 7209 1716 2639 1564 0 0 0 0 0 0 4324 2955 474 9067 6976 690
3018 0 0 0 0 0 0 0 0 0 0 0 0 0 40 0 0 0 0 7455 7448 9668 9027 1015 0 0 0 0 851 59 0 0 0 529 2090 2980 3468 4978 8937 9004 9867 8215 569 0 0 0 0 0 0 0 0 0 0 1835 6606 1580 0 0 0 0 0 0 1778 7213 3758 5916 6410 4404 10000 10000 9613 9674 9530 3798 0 0 0 0 0 3949 9111 6944 10000 6324 2604 449 0 0 0 0 0 0 0 8454 3251 0
7261 7388 5893 3249 0 0 0 0 127 1569 4093 8828 934 3878 0 0 0 0 2439 6471 4394 8389 9202 1021 1344 0 0 2769 9316 8194 4038 7751 6319 4798 5787 2235 877 1929 2530 1664 9460 9810 4065 0 0 0 0 0 0 0 0 0 0 0 21 0 567 0 0 0 0 0 378 13 1940 3252 3337 9283 9680 9467 9428 9721 8671 3258 0 0 0 0 0 0 4435 3397 9899 9569 7556 3822 0 0 0 0 1819 0 0 7056 2263 0
3139 6206 9816 8189 0 0 26 4860 7376 9743 5935 2972 4026 6091 0 0 0 0 2511 444 5501 9609 9611 9595 6015 0 5118 9399 9256 5100 3327 3965 726 5303 4659 1457 0 0 0 1670 9915 9929 5745 0 0 0 0 0 1009 1274 0 0 0 0 0 0 3730 0 0 3263 8349 8474 9631 7091 7749 9078 9589 9437 9230 9338 9158 9011 1084 0 0 0 0 0 0 0 3209 2738 2886 4541 7605 739 0 0 0 542 9596 924 0 895 2753 2437
699 7379 9651 9072 56 0 0 1347 3268 1994 972 5267 4540 3638 0 0 0 0 0 0 3085 8483 6273 5557 3631 4245 1816 5640 2116 0 0 0 0 4463 7590 1407 0 0 1430 7772 9958 9393 8641 704 1196 370 0 873 9658 5856 563 0 0 0 0 0 6065 4585 5221 9724 9779 9932 9947 9593 9533 9163 9087 9546 9599 9381 5237 6660 7401 1050 0 0 0 0 0 0 0 0 3714 4712 9698 1656 0 0 15 6260 4575 25 0 0 0 0
6583 3579 9913 5212 1298 3488 3856 6859 9092 3691 4115 9151 5082 4506 0 0 0 0 45 6537 4709 5070 7261 7393 9252 9538 5105 1195 3807 2764 0 0 0 123 6607 9487 4657 1409 8152 9788 7329 8472 3315 7628 9304 3619 0 0 5243 6375 8697 624 0 0 0 2731 8752 9857 9720 9667 9925 9974 9959 9094 9475 9459 9313 9270 9361 9391 8129 2641 6164 4282 0 0 0 0 0 0 0 0 7065 5879 3369 192 0 0 0 6076 1880 0 0 0 0 0
6179 7141 8054 2846 9790 6712 10000 9956 8752 8845 8242 9922 8414 856 0 0 0 0 0 5082 1669 0 2911 5516 8642 9964 8787 9718 8805 190 0 0 0 478 8597 9746 6991 6148 9952 8963 1414 1693 1055 8146 9965 2307 0 0 2780 6932 9099 512 0 0 1124 9779 9989 9871 9724 9664 9846 9661 9784 3947 1451 4138 9535 9261 9615 9554 4320 278 8257 4405 0 0 0 0 0 0 0 0 7791 3584 22 0 0 5738 6337 8305 669 0 0 0 0 0
2866 3774 2741 4044 8181 9630 9521 7529 1122 0 0 6256 631 0 0 0 0 0 0 1187 7459 954 0 0 7797 9475 9845 9346 9631 6629 3545 565 2348 4445 9789 9790 9806 9865 6619 805 0 0 4235 3065 9097 1832 0 1911 5278 9633 6211 875 0 0 2925 4770 4360 5074 4478 4385 9768 9662 8816 8718 4792 814 2778 9885 9643 8173 861 416 8341 2807 0 0 0 0 0 0 0 0 1653 6527 0 0 12 5105 8490 5512 0 0 0 0 0 0
5133 9969 10000 9769 7243 3037 9 0 0 0 0 303 18 0 0 0 0 0 0 0 4971 3507 7 549 2436 2956 4348 9356 10000 9925 9850 6294 7950 9978 9799 9869 9715 9228 1943 3799 1447 1847 5884 6034 1059 0 0 548 5143 7838 2634 0 0 0 0 0 0 0 0 0 3447 9400 3791 1708 1182 205 3 3602 3926 572 0 0 4932 1966 0 0 0 0 0 0 0 0 342 2572 0 0 0 3564 9242 3255 0 0 0 0 0 0
6929 9982 9449 4347 189 0 0 0 0 0 0 0 0 0 0 0 0 0 0 0 1994 9382 9752 9832 9435 9918 9776 9866 9874 9918 9981 10000 8778 9761 9069 9461 9080 9627 9690 9984 9840 9693 3071 0 0 4414 2474 0 0 0 0 0 0 0 0 1317 3137 0 0 0 0 1888 3676 317 0 0 0 0 0 0 0 0 1407 62 0 0 0 0 0 0 0 0 0 0 0 0 0 2194 3688 195 0 0 0 0 0 0
7690 9644 3481 0 0 0 0 0 0 0 0 0 0 0 0 0 0 0 0 276 378 5002 6368 6702 9971 10000 10000 9821 9564 9982 9966 10000 9909 9857 9406 9708 6262 9461 9816 9835 9805 9790 9223 5666 4055 9005 925 0 0 0 0 0 0 0 0 4760 7757 2301 0 0 0 0 0 0 0 0 0 0 0 0 0 0 0 0 0 0 0 0 0 0 0 0 0 0 0 0 0 0 0 0 0 0 0 0 0 0
84 2990 294 0 0 0 0 0 0 0 0 0 0 0 0 0 0 0 0 4196 6059 9265 2933 5019 9953 9464 6851 9992 9831 10000 10000 9588 9804 8199 5264 4599 2902 4548 8486 7924 7338 9142 9856 9584 9766 8519 4911 813 0 0 0 0 0 0 0 416 801 0 0 0 0 0 0 0 0 0 0 0 0 0 0 0 0 3615 0 0 0 0 0 0 0 0 0 0 0 0 0 0 0 0 0 0 0 0 0 0
878 0 0 0 0 0 0 0 0 0 0 0 0 0 0 0 0 0 0 0 0 2071 868 2713 7902 5620 6817 10000 9970 9603 9652 9885 7162 1360 570 0 345 370 3907 2668 0 381 3349 1887 802 87 4 0 0 0 0 0 0 0 2612 1174 0 73 3397 398 0 0 0 0 0 0 0 0 0 0 0 2245 6930 5475 0 0 0 0 0 0 0 0 0 0 0 0 0 2628 181 0 0 0 0 0 0 0
4059 0 0 0 0 0 0 0 0 0 0 0 0 0 0 0 0 0 0 0 0 0 0 0 1297 9054 9718 9957 9965 9278 3948 4495 201 0 0 0 0 0 1001 3079 2007 7272 1864 0 0 0 0 0 0 0 0 0 0 0 599 1856 0 0 6964 3260 0 0 0 0 0 0 0 0 0 0 0 600 9175 2545 0 0 0 0 0 0 0 0 0 0 0 0 91 8441 2665 0 0 0 0 0 0 0
0 0 0 0 0 0 0 0 0 0 0 0 0 0 0 0 0 0 0 0 0 0 0 0 416 6309 9743 9615 9909 1958 1698 1768 0 0 0 0 0 0 0 0 3877 837 6 0 0 0 0 0 0 0 0 0 0 0 0 0 0 0 2239 1972 0 0 0 0 0 0 0 0 0 0 0 5742 9576 2515 857 46 0 0 0 0 0 0 0 0 0 0 0 7070 1884 0 0 0 0 0 0 0
502 0 0 0 0 0 0 0 0 0 0 0 0 0 0 0 0 0 0 0 0 0 0 0 0 359 9932 5210 8980 1951 2176 0 0 0 0 0 0 0 0 628 243 0 1207 4067 5361 4600 458 0 0 0 0 0 0 0 0 0 0 0 0 0 0 0 0 0 0 0 0 0 0 81 4042 9775 9660 9984 9730 3331 0 0 0 0 0 0 0 0 0 0 17 5186 3221 0 0 0 0 0 0 0
5119 4737 3802 98 0 0 0 0 0 0 0 0 0 0 0 0 0 0 0 0 0 0 0 0 0 0 7369 4804 3569 8071 5570 0 0 0 0 0 0 0 341 9062 6690 436 2507 6599 3857 4582 594 0 0 0 0 0 0 0 0 0 0 0 0 0 0 0 0 0 0 0 0 0 0 6882 10000 9598 6522 3759 2078 3456 0 0 0 0 0 0 0 0 0 0 0 869 3512 7 0 0 0 0 0 0
10000 6015 1370 0 0 0 0 0 0 0 0 0 0 0 0 0 0 0 0 0 0 0 0 0 0 0 647 5576 2703 1890 3011 0 0 54 344 2974 0 0 1464 2836 8749 6720 2163 1242 0 0 0 321 0 2751 1663 163 0 0 0 0 0 0 0 0 0 0 0 0 0 0 0 0 0 2063 8421 9771 5189 3013 0 0 0 0 0 0 0 3978 823 2062 4330 1065 4459 7655 34 0 0 0 0 0 0 0
7434 9849 2614 0 0 0 0 0 0 0 0 0 0 0 0 0 0 0 0 0 0 0 0 0 0 0 0 2151 7801 6714 7796 575 0 4336 8259 4068 5674 7264 5416 1870 6494 9865 9423 6004 1 377 2663 8185 5971 2920 3232 759 1165 967 0 0 0 0 0 0 0 0 0 0 0 0 0 0 0 0 1372 2922 700 896 0 0 0 0 0 0 0 8732 2948 5812 1897 6485 5240 2109 0 0 0 0 0 0 0 0
