gis_files/fwatero.asc
ncols         625
nrows         694
xllcorner     895000
yllcorner     515000
cellsize      5000
NODATA_value  -9999
[rows 588 to 636 of 694, columns 192 to 287 of 625]
0 0 0 0 0 0 0 509 872 1978 1091 351 839 0 53 2617 1411 30 102 655 94 88 0 75 501 2312 1195 1318 1745 203 474 217 149 374 1237 245 426 327 891 1714 770 4 16 421 246 958 745 54 1229 50 1786 1814 421 497 21 0 508 0 1441 3852 1645 247 0 0 0 0 58 0 0 0 0 0 0 0 0 0 0 0 0 0 0 0 0 0 0 0 0 0 0 0 0 0 0 0 0 0
122 77 0 0 55 707 1150 25 664 1148 433 3902 977 2324 2973 3478 2520 1391 374 154 0 0 0 0 583 1934 1448 2115 1984 1100 245 1544 1514 743 788 497 0 58 1148 1044 24 1493 0 421 415 783 1257 1307 2011 1426 1877 2658 710 2400 927 655 87 0 2442 2366 3302 1650 547 0 0 0 0 0 0 0 0 0 0 0 0 0 0 0 0 0 0 0 0 0 0 0 0 0 0 0 0 0 0 0 0 0
0 0 56 51 400 342 2042 2043 3717 2086 2964 5194 3013 2541 2901 4084 3253 2696 593 40 11 0 0 10 34 1185 784 1445 203 2469 553 817 551 1587 69 6 77 29 267 1805 932 159 201 0 0 137 1174 696 967 662 591 124 690 706 613 1371 0 51 410 2105 2447 2489 689 0 0 0 0 0 0 0 0 0 0 0 0 0 0 0 0 0 0 0 0 0 0 0 0 0 0 0 0 0 0 0 0 0
109 0 187 692 1129 1833 2205 2362 2661 554 1217 2667 2283 433 1924 2026 1826 2432 2412 273 484 649 84 92 396 212 3179 2858 1317 3298 2279 1306 635 419 369 80 0 0 457 127 310 119 0 102 115 450 770 669 75 814 1040 523 156 478 1027 575 0 248 808 1400 423 618 640 0 0 0 454 0 0 0 0 0 0 0 0 0 0 0 0 0 0 0 0 0 0 0 0 0 0 0 0 0 0 0 0 0
1044 726 1070 1924 1296 1820 1078 1698 1973 503 230 179 1374 779 1100 1909 2516 379 580 616 250 533 100 1076 153 302 237 1919 1448 930 1633 628 940 464 381 0 0 0 1577 332 720 728 923 344 113 780 914 129 97 674 2758 847 299 1463 1080 468 4 59 134 217 529 1278 0 0 0 0 0 0 0 0 0 0 0 0 0 0 0 0 0 0 0 0 0 0 0 0 0 0 0 0 0 0 0 0 0 0
1009 1169 2205 2094 2391 928 1633 3155 474 329 707 553 854 544 996 1207 700 797 475 389 133 426 627 148 551 120 464 1014 1929 1346 1912 2767 1359 1757 396 429 527 1224 1755 1070 970 904 277 2456 472 410 728 1371 107 1829 832 1094 1547 521 1496 149 0 55 390 156 794 237 0 0 0 0 0 0 0 310 0 0 0 0 0 0 0 0 0 0 0 0 0 0 0 0 0 0 0 0 0 0 0 0 0 0
1297 1012 971 3536 458 1947 945 61 128 1073 592 1670 1185 485 21 474 872 342 467 373 497 388 746 171 287 240 40 506 149 148 873 3161 4483 2677 765 2569 3076 2301 888 2974 1522 2301 2521 2171 1775 296 681 1030 3283 2451 1015 662 391 1850 3353 559 409 409 765 157 0 0 0 0 0 0 0 0 0 0 0 0 0 0 0 0 0 0 0 0 0 0 0 0 0 0 0 0 0 0 0 0 0 0 0 0
0 0 779 4487 3014 731 211 455 2511 718 850 580 1760 1214 0 1178 2371 2223 942 283 1159 694 1070 359 149 680 213 74 0 0 88 669 3396 3246 1589 4165 6693 3303 4146 3111 1320 1147 2938 3640 1591 1902 77 829 3036 1624 1015 1628 2578 764 2210 2156 516 568 223 84 0 0 0 0 0 0 0 0 0 0 0 0 0 0 0 0 0 0 0 0 0 0 0 0 0 0 0 0 0 0 0 0 0 0 0 0
551 2837 2402 780 1445 0 117 1027 1762 335 409 2424 2215 552 531 1836 586 1105 2377 858 896 817 469 506 416 1470 797 1234 384 1572 1481 1937 59 2499 542 799 1491 1670 3729 3105 1917 2051 2573 3379 838 705 731 1820 1006 1785 103 5 575 2841 305 1086 3080 2174 0 0 0 0 0 0 0 0 0 0 0 0 0 0 0 0 0 0 0 0 0 0 0 0 0 0 0 0 0 0 0 0 0 0 0 0 0 0
66 1449 311 247 218 15 0 450 262 1835 580 1406 1588 783 3039 1656 301 1732 1006 704 627 473 804 1559 1727 1394 1021 685 533 2693 1893 1142 258 429 2057 3071 859 1367 3522 5607 1303 2470 1799 1507 2131 1312 2227 2015 1282 2561 723 79 142 1446 3240 0 300 0 0 0 0 0 0 0 0 0 0 222 0 0 0 0 0 0 0 0 0 0 0 0 0 0 0 0 0 0 0 0 0 0 0 0 0 0 0 0
716 1113 1627 1093 1895 2107 420 2510 2298 1138 874 59 228 1394 1724 2169 1203 899 1002 1878 1468 2578 1328 1128 3009 1582 3051 1085 0 536 137 1076 281 512 1025 916 499 83 133 1678 2776 1157 1095 741 2249 1853 4872 3670 532 909 460 275 125 0 0 0 0 0 0 0 0 0 0 0 0 0 0 3 0 0 0 0 0 0 0 0 0 0 0 0 0 0 0 0 0 0 0 0 0 0 0 0 0 0 0 0
439 289 1298 176 1998 1759 1922 1422 2297 1524 2405 3049 2653 1872 1897 503 1573 2297 1207 2668 1283 654 655 1912 504 684 1446 697 699 1040 2223 2630 1535 2930 3798 4571 1918 2777 75 0 0 557 774 98 317 354 0 690 1070 1617 225 0 0 0 0 0 0 0 0 0 0 0 0 0 0 0 0 0 0 0 0 0 0 0 0 0 0 0 0 0 0 0 0 0 0 0 0 0 0 0 0 0 0 0 0 0
0 627 92 90 30 211 1054 1198 1747 1330 2091 462 1640 130 992 773 645 2814 2465 1131 1327 603 1942 1394 2116 380 366 271 171 1486 174 1988 2888 3295 4407 4296 2378 4720 1032 892 0 0 0 0 0 0 0 69 406 18 90 0 0 0 0 0 0 0 0 0 0 0 0 0 0 0 0 0 0 0 0 0 0 0 0 0 0 0 0 0 0 0 0 0 0 0 0 0 0 0 0 0 0 0 0 0
0 0 0 0 0 0 123 110 883 784 1374 38 380 1138 325 1193 926 1458 2531 2869 1821 1839 2178 1806 3068 1419 196 69 452 2610 2657 3298 2910 2307 3472 4636 5068 3601 1485 2437 879 602 0 0 0 0 0 1165 334 0 207 0 0 0 0 0 0 0 297 153 0 0 0 0 0 0 0 0 0 217 0 0 0 0 0 0 0 0 0 0 0 0 0 0 0 0 0 0 0 0 0 0 0 0 0 0
0 0 0 0 61 276 132 242 93 344 29 117 1290 1636 1698 1626 1288 462 398 1080 1848 1587 1154 1545 1943 2540 1005 1727 1142 1311 3850 2042 1105 3507 3826 3717 2886 3695 2973 2694 1946 1370 299 16 359 28 645 1592 773 620 2021 1909 56 30 74 49 0 14 0 6 54 0 0 0 0 0 0 0 0 0 0 0 0 0 0 0 0 0 0 0 0 0 0 0 0 0 0 0 0 0 0 0 0 0 0 0
0 0 0 0 411 342 59 321 365 0 85 0 148 2267 2233 1746 386 2573 981 853 1485 421 718 2328 1533 1367 1557 2420 739 2230 1638 1466 2346 2293 1796 2112 1682 2407 1927 3556 962 664 864 896 1505 926 3197 999 1400 1470 3675 1331 16 191 0 59 351 956 69 0 0 0 0 0 0 0 0 0 0 0 0 0 0 0 0 0 0 0 0 0 0 0 0 0 0 0 0 0 0 0 0 0 0 0 0 0
0 0 0 0 285 201 301 280 199 411 1067 396 138 1060 1529 2914 1242 1282 793 572 1044 394 158 1269 1658 1722 1489 1553 973 2257 2835 1292 3251 2155 1125 1228 1993 1441 1558 1258 183 531 1972 1302 1884 627 3672 1978 2455 1875 2126 50 0 132 0 0 465 0 0 435 153 0 0 0 0 0 0 360 0 0 0 0 0 0 0 0 0 0 0 0 0 0 0 0 0 0 0 0 0 0 0 0 0 0 0 0
0 0 0 169 280 130 161 337 238 649 1213 73 237 832 2136 201 820 2070 522 654 620 508 1371 2812 1597 899 1126 1864 325 1282 2178 2513 1359 3250 2247 1089 3266 4274 750 1305 1775 1622 1247 1147 1823 193 1801 4064 3581 1622 1252 258 0 793 0 0 0 189 0 92 958 0 0 0 0 0 647 82 0 0 0 0 0 0 0 0 0 0 0 0 0 0 0 0 0 0 0 0 0 0 0 0 0 0 0 0
0 285 54 291 839 419 457 1069 1210 1706 1523 3 320 1626 1144 161 2401 125 538 566 679 1505 409 1185 1123 1159 2144 1217 534 2740 1192 1594 3054 3151 1637 1406 2084 1331 1031 1305 527 1237 0 497 1093 754 2996 1613 2730 375 814 704 884 908 592 156 459 1717 305 659 20 0 0 0 0 0 508 0 0 0 0 0 0 0 0 0 0 0 0 0 0 0 0 0 0 0 0 0 0 0 0 0 0 0 0 0
0 0 455 299 808 518 690 2298 571 807 330 201 169 33 554 408 1017 351 903 539 1668 68 389 531 819 1316 1708 820 342 1553 536 2456 2102 1376 2321 1361 1751 2279 3191 854 546 1227 102 853 2674 1507 1942 569 1496 1110 1524 1801 2938 2386 2279 502 196 0 0 196 676 0 0 0 0 82 0 0 0 0 0 0 0 0 0 0 0 0 0 0 0 0 0 0 0 0 0 0 0 0 0 0 0 0 0 0
0 0 153 99 1083 1351 789 754 607 1951 1706 2426 2153 2045 164 509 154 45 424 6 552 0 189 204 1577 1962 644 1057 1016 914 559 1083 1756 242 1085 1204 707 728 1192 181 521 0 1468 1626 2016 1717 1159 1417 1503 1562 1673 2658 2487 2445 2688 1035 296 78 0 0 0 0 0 0 0 15 0 0 0 0 0 0 0 0 0 0 0 0 0 0 0 0 0 0 0 0 0 0 0 0 0 0 0 0 0 0
0 0 0 49 1251 615 267 78 586 252 1547 3265 3225 3240 2930 1766 509 0 162 754 479 682 518 1259 558 1012 1182 1052 988 1203 453 638 2334 976 606 1026 1223 734 572 1264 1155 750 1409 1702 1073 1200 1192 731 2673 1508 601 1727 3679 776 3249 92 130 0 0 0 464 454 0 0 0 0 0 0 0 129 0 0 0 0 0 0 0 0 0 0 0 0 0 0 0 0 0 0 0 0 0 0 0 0 0 0
19 0 0 78 669 1091 1081 849 275 1153 0 0 1032 2895 835 995 1479 267 1002 282 125 0 54 724 1616 332 335 361 911 0 1300 521 536 1130 336 578 307 406 1205 1928 1628 506 991 218 1845 501 72 454 670 1631 1474 2065 1929 793 460 222 29 153 0 0 33 448 58 179 0 0 0 0 0 0 0 0 0 0 0 0 0 0 0 0 0 0 0 0 0 0 0 0 0 0 0 0 0 0 0 0
573 36 0 617 1203 291 384 169 3 48 852 2540 1232 1040 0 19 89 28 156 1505 3358 0 0 0 2972 2102 383 361 344 1578 1793 1126 721 1188 1012 797 66 494 833 169 1613 1564 1371 724 962 2244 820 753 0 795 1118 1313 1716 247 105 270 0 18 527 0 0 0 0 0 0 0 0 0 0 0 0 0 0 0 0 0 0 0 0 0 0 0 0 0 0 0 0 0 0 0 0 0 0 0 0 0
1292 764 0 253 470 0 447 0 1312 3684 3200 3964 374 41 0 753 0 470 828 1466 986 83 0 137 1488 674 201 134 878 853 600 1040 642 311 1504 470 460 557 955 206 1594 1819 492 1359 2588 2181 2324 1099 273 2435 1697 1577 295 670 90 0 1158 521 109 0 0 0 0 0 0 0 0 0 0 0 0 0 0 0 0 0 0 0 0 0 0 0 0 0 0 0 0 0 0 0 0 0 0 0 0 0
596 55 0 223 331 0 31 63 5268 5887 1576 1952 2183 0 0 198 164 448 2342 267 26 0 1212 3705 4127 232 700 526 350 1397 230 179 829 401 1042 148 11 263 346 1032 547 583 1119 1606 603 208 1468 2327 924 307 1762 2407 873 0 26 0 289 0 0 0 0 0 0 0 0 0 0 0 0 0 0 0 0 0 0 0 0 0 0 0 0 0 0 0 0 0 0 0 0 0 0 0 0 0 0 0
0 0 21 0 114 104 0 968 7881 4955 2375 1108 2641 1125 1402 0 295 1042 2274 1155 2119 410 2012 3762 1428 2279 909 884 1494 336 956 842 720 882 606 866 213 158 53 606 573 432 718 1394 391 908 1931 3305 2791 621 623 2212 2334 87 423 492 0 0 0 0 0 0 0 0 0 0 0 0 0 0 0 0 0 0 0 0 0 0 0 0 0 0 0 0 0 0 0 0 0 0 0 0 0 0 0 0
0 0 48 158 454 376 30 1884 4892 2074 2549 1352 1904 50 0 0 1666 1612 2937 2834 3088 1895 1770 3176 1864 433 561 133 1435 1031 268 1473 741 963 1006 577 970 285 0 134 418 29 102 305 1233 1203 1642 2131 227 198 60 633 1616 588 0 179 0 0 0 0 0 0 0 0 0 0 0 0 0 0 0 0 0 0 0 0 0 0 0 0 0 0 0 0 0 0 0 0 0 0 0 0 0 0 0 0
0 0 261 176 506 445 347 1863 917 1040 726 628 286 225 1345 667 888 2523 0 1247 1895 1379 2180 1464 556 1386 1024 873 2515 434 731 612 774 755 183 557 694 1392 695 204 0 44 0 376 1064 1539 1244 1752 102 292 240 10 368 0 63 48 0 0 0 0 0 0 0 0 0 0 0 0 0 0 0 0 0 0 0 0 0 0 0 0 0 0 0 0 0 0 0 0 0 0 0 0 0 0 0 0
626 82 0 246 74 637 18 592 260 1079 1115 531 425 1772 2623 189 567 245 1607 2171 2713 1895 1931 1290 1320 158 676 729 70 914 1126 187 4202 773 1503 50 0 235 0 0 0 149 134 562 1385 1051 1202 632 686 696 233 0 0 16 6 0 0 0 0 0 0 0 0 0 0 0 0 0 0 0 0 0 0 0 0 0 0 0 0 0 0 0 0 0 0 0 0 0 0 0 0 0 0 0 0 0
55 140 0 139 21 9 98 26 179 731 1567 1055 309 1110 702 735 1227 768 888 44 1646 997 919 241 1055 1508 1054 48 124 828 758 770 695 1167 1406 352 0 51 833 492 0 30 8 36 878 390 862 993 212 497 18 0 0 0 0 0 0 0 0 0 0 0 0 0 0 0 0 0 0 0 0 0 0 0 0 0 0 0 0 0 0 0 0 0 0 0 0 0 0 0 0 0 0 0 0 0
0 0 0 286 0 94 74 246 161 199 773 685 458 950 654 853 1224 1134 1543 1162 2218 660 922 1313 997 370 1150 1113 1210 94 2047 1419 125 299 0 976 1021 236 615 1079 454 1912 1740 912 84 794 1780 413 739 0 0 0 0 0 0 88 0 0 0 0 0 0 0 0 0 0 0 0 0 0 0 0 0 0 0 0 0 0 0 0 0 0 0 0 0 0 0 0 0 0 0 0 0 0 0 0
46 0 0 0 0 38 154 277 215 0 640 531 1252 3155 1504 1843 1558 1031 1567 1322 1642 371 625 1798 975 1574 242 952 2056 2096 319 0 68 146 265 1905 1084 923 1439 2041 2129 1241 207 1818 2810 731 418 130 282 90 0 0 0 0 0 0 0 0 0 0 0 0 0 0 0 0 0 0 0 0 0 0 0 0 0 0 0 0 0 0 0 0 0 0 0 0 0 0 0 0 0 0 0 0 0 0
68 0 0 0 0 0 85 398 781 26 63 183 680 381 2293 745 1671 636 1436 707 1473 1267 1507 2511 1606 743 0 985 3509 3445 793 0 9 1118 593 2508 3657 702 1458 1544 3345 3418 2070 2319 1796 1563 0 980 46 0 0 0 60 0 0 0 0 0 0 0 0 0 0 0 0 0 0 0 0 0 0 0 0 0 0 0 0 0 0 0 0 0 0 0 0 0 0 0 0 0 0 0 0 0 0 0
320 6 0 0 99 0 5 245 728 483 173 103 2523 1562 2725 1183 1681 2321 2086 119 763 1602 34 0 6 483 385 391 1722 1637 597 1266 45 74 113 1239 1816 173 923 3126 3880 477 1853 866 1786 1001 3 0 0 0 0 0 59 0 0 0 0 0 0 0 0 0 0 0 0 0 0 0 0 0 0 0 0 0 0 0 0 0 0 0 0 0 0 0 0 0 0 0 0 0 0 0 0 0 0 0
261 148 0 0 0 0 2134 77 552 342 320 159 2037 5723 394 1582 1062 2856 687 867 1070 868 2643 10 1064 266 0 0 827 562 569 2204 2161 534 75 154 301 123 1290 2959 3675 2835 1382 1434 593 718 41 0 0 375 0 499 119 0 0 0 0 0 0 0 0 0 0 0 0 0 0 0 0 0 0 0 0 0 0 0 0 0 0 0 0 0 0 0 0 0 0 0 0 0 0 0 0 0 0 0
14 209 159 238 28 0 1806 21 138 118 0 0 3500 1466 1224 2117 2494 1441 411 162 716 376 1062 1558 2228 0 1513 537 300 273 1228 1922 3315 1634 211 151 379 763 597 908 1387 1957 2733 1640 245 534 299 4 0 0 66 588 99 0 0 0 0 0 0 0 0 0 0 0 0 0 0 0 0 0 0 0 0 0 0 0 0 0 0 0 0 0 0 0 0 0 0 0 0 0 0 0 0 0 0 0
252 11 135 1430 128 266 49 102 133 0 108 882 3812 5 1954 1325 712 814 389 0 352 378 3643 3175 480 123 937 270 3034 899 849 92 1895 2452 1350 193 671 376 63 552 2938 3943 163 0 0 0 19 68 113 0 1286 0 0 0 0 0 0 0 0 0 0 0 0 0 0 0 0 0 0 0 0 0 0 0 0 0 0 0 0 0 0 0 0 0 0 0 0 0 0 0 0 0 0 0 0 0
0 0 0 302 112 0 0 0 49 159 74 1848 95 689 1455 813 238 877 849 824 790 465 379 558 689 636 469 1084 1549 0 473 297 898 2250 1436 1759 128 899 212 53 0 1081 631 16 154 167 77 241 127 0 208 0 0 0 0 0 0 0 0 0 0 0 0 0 0 0 0 0 0 0 0 0 0 0 0 0 0 0 0 0 0 0 0 0 0 0 0 0 0 0 0 0 0 0 0 0
0 0 147 171 198 0 0 0 297 503 3 869 1100 211 790 843 1612 877 470 55 110 105 232 107 2095 196 930 75 967 798 0 0 2052 1121 1203 1385 440 450 497 164 627 203 0 0 334 0 59 66 0 0 0 0 0 0 0 0 0 0 0 0 0 0 0 0 0 0 0 0 0 0 0 0 0 0 0 0 0 0 0 0 0 0 0 0 0 0 0 0 0 0 0 0 0 0 0 0
0 0 151 299 266 0 39 0 30 561 217 588 0 327 179 1485 805 2124 342 304 904 1495 512 11 435 38 95 454 221 868 2237 519 904 4211 2188 2556 630 879 468 13 221 0 0 364 726 233 9 0 0 0 0 0 0 0 0 0 0 0 0 0 0 0 0 0 0 0 0 0 0 0 0 0 0 0 0 0 0 0 0 0 0 0 0 0 0 0 0 0 0 0 0 0 0 0 0 0
0 0 85 374 132 552 260 164 538 2697 685 542 458 753 144 292 1268 891 751 539 1030 386 734 0 0 334 1300 785 659 208 245 2126 2037 258 140 1371 1362 554 1254 104 286 0 21 1233 464 780 595 0 20 0 0 0 0 0 0 0 0 0 0 0 0 0 0 0 0 0 0 0 0 0 0 0 0 0 0 0 0 0 0 0 0 0 0 0 0 0 0 0 0 0 0 0 0 0 0 0
0 49 1118 78 371 1232 580 1111 3472 4607 118 79 4744 3152 0 263 332 575 1236 633 167 228 413 976 608 578 484 246 332 1249 2047 543 1614 1105 228 0 692 951 415 0 301 60 172 0 832 1296 1353 1128 355 0 0 0 0 0 0 0 0 0 0 0 0 0 0 0 0 0 0 0 0 0 0 0 0 0 0 0 0 0 0 0 0 0 0 0 0 0 0 0 0 0 0 0 0 0 0 0
177 0 38 68 0 750 0 277 444 312 153 0 2015 306 13 983 1453 863 202 1754 2993 1588 4341 2865 13 823 0 0 2832 1789 504 314 768 0 0 213 532 1306 56 0 221 0 0 0 161 1139 1160 733 203 0 0 0 0 0 0 0 0 0 0 0 0 0 0 0 0 0 0 0 0 0 0 0 0 0 0 0 0 0 0 0 0 0 0 0 0 0 0 0 0 0 0 0 0 0 0 0
4 0 0 0 252 19 174 0 588 0 0 0 0 0 0 1062 840 118 1045 1944 1026 1301 424 226 291 4 0 203 2524 1534 251 113 1685 359 4175 2653 972 294 0 0 80 125 0 30 53 335 1433 184 0 0 0 0 0 0 0 0 0 0 0 0 0 0 0 0 0 0 0 0 0 0 0 0 0 0 0 0 0 0 0 0 0 0 0 0 0 0 0 0 0 0 0 0 0 0 0 0
0 0 0 39 378 256 79 0 867 0 0 0 0 0 735 1809 336 289 0 628 931 351 352 879 1246 10 0 286 883 823 942 0 0 0 1755 1140 457 0 9 0 0 0 501 1333 696 0 0 0 0 0 182 0 0 0 0 0 0 0 0 0 0 0 0 0 0 0 0 0 0 0 0 0 0 0 0 0 0 0 0 0 0 0 0 0 0 0 0 0 0 0 0 0 0 0 0 0
0 9 50 730 2584 483 779 358 72 0 0 0 0 282 874 746 19 686 3248 521 523 606 725 398 225 1776 3181 927 330 2514 301 1060 1851 314 0 0 51 309 222 20 0 56 159 2787 1453 132 0 49 232 0 748 388 0 0 0 0 0 0 0 0 0 0 0 0 0 0 0 0 0 0 0 0 0 0 0 0 0 0 0 0 0 0 0 0 0 0 0 0 0 0 0 0 0 0 0 0
0 0 237 152 1947 351 189 0 0 0 0 0 0 1963 2185 2382 115 862 452 162 986 410 711 188 0 421 75 818 420 403 418 2411 137 524 0 527 0 0 217 0 0 0 0 843 3483 884 0 0 0 0 0 0 0 0 0 0 0 0 0 0 0 0 0 0 0 0 0 0 0 0 0 0 0 0 0 0 0 0 0 0 0 0 0 0 0 0 0 0 0 0 0 0 0 0 0 0
0 0 277 246 1573 51 0 0 0 0 0 0 0 2165 207 1 507 262 1862 955 2588 0 0 294 64 0 120 4 1390 0 1310 314 1297 0 0 187 84 0 0 0 0 0 19 21 85 102 0 0 0 0 0 0 0 0 0 0 0 0 0 0 0 0 0 0 0 0 0 0 0 0 0 0 0 0 0 0 0 0 0 0 0 0 0 0 0 0 0 0 0 0 0 0 0 0 0 0
