gis_files/fwatero.asc
ncols         625
nrows         694
xllcorner     895000
yllcorner     515000
cellsize      5000
NODATA_value  -9999
[rows 392 to 440 of 694, columns 288 to 383 of 625]
3455 2070 1562 2262 1182 3406 3697 2766 1586 1052 2240 1509 617 0 11 0 16 132 1276 2041 1356 0 1055 4505 1568 5790 3256 4774 2533 3712 3677 2555 2649 7040 5753 5374 6780 467 502 1234 4535 7583 7811 7876 8693 6623 6712 1449 1843 2001 2565 2485 3685 1939 3805 3685 4860 5847 4227 3446 4801 6149 7175 4104 5354 2641 942 680 3250 3194 1682 3269 3234 4627 4151 6307 7696 4319 4842 7607 6922 6939 7519 4274 5391 7836 3659 4572 5970 1618 438 270 0 0 0 0
5040 4464 2859 1864 1379 1850 3024 1105 531 4256 2525 2704 2656 15 10 304 112 1527 2449 2722 1306 2297 2134 3162 4368 6059 5327 4634 3001 4365 3152 4615 6514 6603 6539 2864 5068 4643 2987 543 6732 7291 7987 6977 8066 7031 3229 3036 3763 2053 4234 3521 3042 3768 2619 5202 3187 3393 3759 3245 2807 5580 6392 4446 2731 355 1855 1214 2715 2228 5741 5273 3806 2486 6819 7766 8308 8475 8411 6249 7445 7028 1638 2110 6766 6954 5395 3465 2264 315 207 163 0 0 0 0
2060 4114 3279 1478 928 3901 1527 1209 2928 3161 2847 3051 4175 1302 2903 2491 1641 2984 1574 2810 119 1177 2122 2356 4349 3029 2825 5325 4479 3071 4150 5626 7454 7613 4093 2149 6189 5868 5162 3584 5866 7684 7801 4339 4668 3966 3392 2975 2763 2268 2888 2707 2403 1468 3450 3897 4811 4977 4708 3411 4773 7048 5459 3793 586 665 1529 2222 3418 3403 3860 5463 3136 4030 7055 6002 6852 2112 4553 1908 3102 695 918 137 1562 3036 5315 3678 130 0 84 271 408 0 0 0
669 3788 3596 3742 3497 2916 2816 2633 3443 2554 3421 4639 2609 3840 3367 7016 4281 4793 2005 2984 709 33 859 2842 3999 4847 3842 4089 3414 2812 4708 5358 7819 6173 1496 2551 2381 4323 5565 6185 7928 7523 8116 5787 4650 2327 1154 3016 2053 2056 1638 3354 1977 1668 2997 2583 4531 6588 5325 5315 4027 6456 2988 1974 2047 2653 2244 6379 6327 5334 4207 5506 4807 4754 6228 2888 4551 2588 1933 272 53 253 326 334 2915 4902 6002 369 0 138 3 184 0 0 0 0
1179 3293 4121 2607 2835 2944 2383 2294 2462 2407 2280 3507 3856 1695 3709 4774 3344 3241 669 1529 4227 2835 2707 4802 4140 4722 3112 2860 1187 813 4441 7580 6918 6285 3214 3520 4449 3276 7057 7900 7535 5576 3125 6183 3547 2883 4823 3343 1888 3545 1500 2262 2666 1645 1228 3048 5482 6411 4863 7546 5132 2254 670 2858 2747 2485 1583 3490 3282 2632 2973 5911 6194 4230 3263 3790 2743 684 359 1337 159 335 352 1836 3877 4862 181 0 0 41 789 0 0 0 0 0
1177 2380 4695 3721 2910 3542 1843 2676 2777 1959 2957 4526 2974 576 2006 2505 3274 2204 1623 2693 5945 4138 2531 2594 2022 1668 1936 3141 2442 828 4246 7190 3610 2179 2805 1404 4641 8004 6489 6958 5824 3682 2804 1500 2060 4996 3174 1803 2760 3195 2812 1686 2446 1572 1093 2742 6106 2767 4743 6978 4998 3307 262 832 3683 2524 2155 474 2003 4945 3925 5592 4403 5827 4275 2873 1331 586 824 2282 366 858 519 1671 1785 433 13 0 0 128 1439 0 0 59 368 0
644 2830 4269 4870 3353 2819 2161 1026 2589 2304 1528 3980 2288 2482 3127 1922 3980 3263 460 3983 2188 1963 2630 3574 5147 6006 4234 3174 1740 556 1791 1499 2989 2322 1557 3744 2109 1459 2185 5644 5788 1056 1767 3764 2701 7139 8087 1710 1514 1602 2556 2681 2871 3274 4374 3655 4177 4108 4131 5230 4245 2751 245 1020 2408 1629 1431 2937 5976 6305 4162 6199 5256 6923 4555 1734 2432 2357 1490 3542 1552 2405 869 268 70 0 0 0 0 0 0 25 1258 1799 344 0
488 878 4181 2855 2889 2339 1813 2244 1350 1164 1131 3522 3506 2555 4214 4221 3441 1269 1828 4429 1576 3098 3675 2538 6029 6774 5272 4163 2209 3002 4210 6362 2639 1486 930 6424 4844 5380 1693 4898 6009 1343 1737 6137 6079 8011 6951 4020 4776 1466 568 3131 1831 3604 5273 4464 4283 1626 4730 2600 2619 455 192 442 4758 4467 2661 3302 4674 6464 2245 4219 4426 6056 5253 4712 2855 1868 3313 7213 1843 221 0 0 0 0 0 0 0 151 2284 1520 250 0 0 0
1320 547 4288 4913 3742 4096 2605 1485 1199 544 1528 2490 808 2301 3559 3552 3639 2577 2028 2534 2927 6755 4856 4003 5834 7800 6643 3185 2485 6864 5404 5322 2074 1624 2079 7189 6671 5942 1527 611 2903 1781 4156 4690 2416 7212 6253 7059 6395 1039 442 4136 3125 3842 2632 2704 3150 1772 2314 2949 2708 3290 743 2967 2589 5353 4669 1489 1596 2565 3295 3042 4170 4028 4542 3146 1883 2249 7622 4306 4663 2299 238 0 0 0 0 696 2452 1252 366 0 0 0 0 0
1568 3478 5918 6180 4689 4313 4003 1681 945 1190 1910 2333 1169 4172 3629 2968 4212 2011 2244 2511 4231 7564 7260 7707 7408 7080 5295 2810 3933 7662 7669 6992 1687 1698 1675 3421 1690 3022 740 1328 960 3594 5218 4710 6169 5687 4975 4617 5904 2465 3100 3722 3295 2430 3860 4599 3539 3879 2886 3475 1724 4875 1745 2668 6129 7856 7099 4210 5496 4118 5699 3968 5125 1622 1104 3468 4594 7553 7987 7245 7949 6720 257 0 0 2740 0 649 168 0 0 0 0 0 0 0
2717 3453 4764 5386 5321 3495 1772 942 866 2122 1507 3041 1850 2143 2131 2184 289 921 1256 1843 1806 2201 2927 1705 2889 4550 3146 1687 2814 7973 7726 8140 1942 2252 1734 2107 1372 2980 1419 2013 2757 4754 7775 3255 3384 692 3505 5531 6912 5272 3754 4200 4698 1655 919 2653 1084 1725 1272 5108 3734 1983 1384 1791 6145 6384 5036 3712 5187 4254 5621 4656 4495 705 852 4913 4294 5838 7210 7766 5667 3068 0 0 0 1259 94 0 0 0 0 0 0 0 0 0
2227 2594 3214 4689 3177 3290 3068 1478 835 1360 1473 4018 14 41 119 191 108 2573 3573 3323 2146 992 2050 2309 1134 1577 3135 986 6337 6902 8170 8371 3571 1920 1069 988 4063 1732 3653 3330 4833 4383 5743 2952 1587 935 3162 8309 7311 5370 3218 3402 4419 2755 1643 4393 2222 1441 2880 4007 3032 1864 1076 3606 3392 2343 1326 4674 2949 2836 2445 2079 2563 4191 4060 4468 2933 4135 6098 5479 5285 1094 0 0 0 15 0 0 0 0 0 0 0 0 0 0
3259 2728 3652 4227 2940 1953 2352 1348 1473 814 2016 2959 606 1636 548 1219 879 4919 4900 5867 4803 1287 3179 3667 3096 4380 5450 2492 4971 8534 8841 8600 3649 1465 1210 2691 4994 4202 4163 5914 4877 3645 6015 3245 923 2272 3230 8430 8241 4281 2574 3647 6449 3674 3524 2809 2677 1582 1209 2970 2169 3186 1781 2072 3793 2742 1123 2619 3354 1730 3059 3176 1120 4600 4685 3064 3177 2125 5592 5240 4897 270 0 0 0 0 0 0 0 0 0 0 0 0 0 0
2077 1147 657 3147 3443 2499 2763 4334 2437 3294 3240 4843 1517 1000 941 909 2131 872 2031 1374 3075 4752 1756 1424 1518 2822 4009 3488 2437 5230 7757 7693 3564 410 1352 4477 7752 4892 7238 4128 4503 3515 5473 5665 2112 1931 3624 8266 7419 3662 2180 1134 3480 2245 3282 3179 1926 1984 3042 3930 3047 3595 2662 2407 5822 1872 4950 1735 822 3714 843 548 1382 1503 3330 2844 4397 3215 3999 2504 5612 2326 1 0 0 0 0 0 0 0 0 0 0 0 0 0
844 765 2154 2726 2610 2426 4796 4009 2920 2321 2490 1055 1342 1234 2558 2333 4000 1218 356 1056 1395 1762 1947 1662 404 682 1811 2524 3021 2565 7373 7644 2442 2035 2198 6391 6487 8466 8509 4400 3777 2669 5139 7666 3721 1332 4974 7824 4595 5995 2718 2255 2842 2418 1455 1507 2543 2424 3551 5340 4280 5117 3078 4172 3529 3687 4102 6429 3795 3453 4535 1446 2095 2407 3723 5454 6759 2510 3605 4043 5332 1203 0 0 0 0 0 0 0 0 0 0 0 0 0 0
360 506 2489 1401 1796 1652 3169 4792 3595 1454 2091 7020 3963 2880 4651 5187 5413 2771 2667 775 1075 1365 1333 1948 1073 610 1429 999 1455 3105 1633 6995 2855 891 3711 7324 7925 8144 8394 8406 6017 2717 3988 8105 7096 3194 3147 4631 4477 3077 1502 2757 2091 4482 2543 1957 2070 2525 3037 3969 4522 2861 2519 4316 7804 3067 4516 3964 2584 4030 2224 2905 2415 3004 6742 7604 6291 6268 5797 5423 758 0 0 0 0 0 0 0 0 0 0 0 0 0 0 0
571 936 1209 1627 1888 2904 2720 3526 2656 3564 2018 7199 3115 4778 4727 4778 6031 6040 3377 2363 1296 814 366 4926 2699 2190 1951 2124 187 488 3408 6227 6801 3846 4072 5864 7997 6632 7524 6910 3852 2861 3161 7276 4590 7509 5871 3843 5484 2939 1199 3455 2529 4296 3381 1104 549 2533 2952 3757 3515 3542 5882 4612 4802 2839 6076 6603 6690 5413 3610 4500 4129 6078 5788 8549 8430 8308 3223 1322 0 0 0 0 0 0 0 0 0 0 0 0 0 0 0 0
700 332 1007 1445 2146 2540 3185 4469 2156 3126 2204 5069 2886 3259 2538 2757 3892 6512 5999 5741 1009 941 924 1274 1754 1455 1272 1533 1361 842 2328 3392 5246 6840 5053 7779 4426 4580 6727 7294 2698 3491 3275 3470 2371 7694 7508 4656 5284 6741 2856 2847 3478 2452 3175 3061 1633 3461 3076 3562 3989 6714 6390 6538 2032 2525 2830 6328 5721 8066 5973 1392 3541 4674 2605 7700 5296 2153 389 0 0 0 0 0 0 0 0 0 0 0 0 0 0 0 0 0
848 240 1233 1421 1964 2070 2407 2105 2100 2602 2472 5703 4674 3179 4522 556 3836 4678 3897 4700 232 897 696 1064 1034 257 1357 2377 2959 1410 233 2605 2980 2870 3737 6313 6762 8965 8698 8338 4651 1948 2063 3785 2948 5083 7358 4109 2646 2972 1844 1581 3838 2387 5090 5509 4530 3307 3754 4171 3596 5122 5610 5898 883 1179 1662 3033 4398 5430 3461 1217 3210 7099 5672 5231 3318 68 0 0 0 0 0 0 0 0 0 0 0 0 0 0 0 0 0 0
1415 544 1293 607 1168 2534 2370 1258 3195 1971 5835 4600 2451 2767 3432 4453 4202 4167 4971 5196 3906 770 74 25 48 164 502 879 2213 2287 770 691 2801 1049 3245 6461 8642 8861 9758 9252 2801 1109 2835 3282 2227 4926 8228 3295 1130 3625 1844 1749 3378 853 2224 6815 3690 3786 4170 3746 2185 3535 5399 6292 3766 1205 1098 2868 5257 4064 3177 2706 4883 5833 5252 1820 344 0 0 0 0 0 0 0 0 0 0 0 0 0 0 0 0 0 0 0
745 184 534 809 1153 2339 2777 2131 1493 4038 5270 5099 2342 3093 4437 4227 5226 5563 5710 5211 4838 871 932 723 1015 169 260 1030 2839 270 211 2577 5854 1918 3381 8338 8576 9576 9862 8191 3337 2440 1391 1335 2265 4816 5825 5286 3027 3354 2558 2785 4520 1947 1875 3816 5340 2567 6665 6115 2186 3043 3432 6318 4092 1850 3812 3214 5369 5152 7555 7262 6791 6414 5761 771 0 0 0 0 0 0 0 0 0 0 0 0 0 0 0 0 0 0 0 0
840 600 827 924 1993 1978 2026 1574 1730 4710 5051 4757 5460 5639 6046 5506 5363 1717 5304 5163 2115 1439 2020 2437 2528 290 118 999 1120 437 965 5358 2662 2179 1750 4738 7700 9364 9072 8371 6261 2959 1502 758 2765 2933 1598 3221 2915 3195 2998 3388 2457 495 1824 5068 4400 3986 8941 8019 3320 4155 2824 5527 3573 1741 5953 4576 3854 5289 4048 3456 842 4673 3430 0 0 0 0 0 0 0 0 0 0 0 0 0 0 0 0 0 0 0 0 0
800 1959 3818 1724 1254 5177 3394 787 365 5766 6217 3488 4443 5483 3368 4757 3182 6158 4441 4436 1258 1295 340 177 3121 3948 4952 4044 5316 1676 2662 1392 1529 2074 4340 6622 8713 8627 9098 8939 6700 3973 4715 2230 2080 6320 3924 3561 3137 3278 2318 4019 3514 812 3136 5539 4631 2222 5048 7214 5728 2959 3816 4811 5211 956 1347 2264 3549 3353 4153 1307 798 792 356 0 0 0 0 0 0 0 0 0 0 0 0 0 0 0 0 0 0 0 0 0
3950 3664 2432 4308 1894 2504 4735 3271 6890 9940 6300 5193 4305 4566 4808 5040 3787 5122 3290 2541 260 159 507 1717 3072 5001 4439 3527 4442 2377 2184 2224 603 2661 7697 5871 7735 9067 8468 7393 3338 5433 4262 4893 2181 4367 5414 3921 2671 2579 4186 2771 3890 2222 3749 2541 1853 2010 2859 5233 3796 3233 4798 4627 2883 1386 2084 1513 3091 3172 4491 342 24 110 0 0 0 0 0 0 0 0 0 0 0 0 0 0 0 0 0 0 0 0 0 0
3778 4188 3303 3669 2629 1348 4592 7756 8741 6892 3862 3398 2494 3471 4975 5346 5598 4760 5275 5526 5344 1609 3378 4745 3504 3658 4398 1803 3319 3584 825 2135 2085 2826 7323 7086 8297 8016 5537 6345 3680 4392 6155 7651 2564 2988 3524 689 3704 4740 3915 1700 4000 2237 3157 1443 2647 5282 4083 4860 3689 3368 2452 5843 3187 1829 2860 2580 48 483 1796 0 257 0 0 0 0 0 0 0 0 0 0 0 0 0 0 0 0 0 0 0 0 0 0 0
3125 4408 4651 4043 4176 2876 5690 5761 9290 8578 5649 2174 1523 3122 4170 5958 6428 5706 7856 4595 3368 2835 5666 5460 3859 5373 2804 1480 2594 2479 166 2227 5322 4205 8221 6630 6562 8401 6715 3921 2317 1298 3120 6626 3447 5760 5310 5635 4540 6562 4156 4349 3703 1369 4007 4423 3240 2614 3664 3638 3704 2844 2753 6740 4281 1788 1846 379 564 1519 2817 739 302 0 0 0 0 0 0 0 0 0 0 0 0 0 0 0 0 0 0 0 0 0 0 0
4759 2415 2343 2302 3811 5220 3655 3344 7338 5536 3221 3782 2810 4221 4249 6819 7515 3690 5137 733 1652 1565 4865 7430 4191 4555 3088 2653 2036 990 621 3356 6809 6331 6843 8795 7952 8540 2883 2422 2117 1253 4027 4886 3757 5253 1987 5082 6311 3506 3733 4941 2366 3204 2410 4804 3768 3762 4688 2815 3189 1846 2314 5942 5966 2001 1966 418 528 0 114 187 0 0 0 0 0 0 0 0 0 0 0 0 0 0 0 0 0 0 0 0 0 0 0 0
3034 4595 3278 3027 2432 3874 3368 2489 2349 3205 133 10 4357 6532 6297 7657 6739 5090 1724 2441 1100 1790 5231 6641 2459 3401 6517 4831 3473 2850 3550 4999 7639 8668 7149 6390 7416 8278 3123 1843 1178 2452 4316 4530 1910 2346 907 761 4261 4091 3342 5771 7218 6049 932 5641 5926 3417 4377 2684 2132 3655 2360 3752 4142 1276 635 350 2067 0 194 0 0 0 0 0 0 0 0 0 0 0 0 0 0 0 0 0 0 0 0 0 0 0 0 0
3024 6695 4866 4000 2662 4330 4847 2982 2193 3608 1927 670 1944 2716 1942 2534 3137 4720 463 1079 2446 4781 5970 7207 1507 1357 3221 4536 1377 1952 3428 7143 8113 5628 6192 7996 7988 7395 2449 3768 3032 2984 3773 6730 5541 3269 972 0 143 3398 6009 3527 6351 8460 5501 2863 6083 3546 5089 5623 2560 5795 622 2492 6557 2342 787 34 2706 827 98 0 0 0 0 0 0 0 0 0 0 0 0 0 0 0 0 0 0 0 0 0 0 0 0 0
1766 5892 5295 3244 4653 4050 4438 6157 3737 4044 3842 5918 3246 2311 1520 549 4575 4935 2740 193 4104 5167 7574 5554 2746 2839 3399 4439 2193 2967 6174 8387 7427 8297 7594 7508 7006 1751 2681 2267 1907 972 2598 5077 3811 2844 1745 0 0 526 6407 3448 5464 3186 1982 689 1227 3339 2446 4522 4927 2316 800 766 1544 2373 588 2430 191 745 0 0 0 0 0 0 0 0 0 0 0 0 0 0 0 0 0 0 0 0 0 0 0 0 0 0
857 5408 4722 2874 5294 3510 4535 3914 2287 1959 3096 1826 2431 4587 1479 1129 962 300 524 299 2214 8468 8959 5749 2678 1770 1996 2638 4429 4476 6613 6115 8438 8130 7954 7444 4998 3056 1507 4275 1030 845 1784 3970 1951 9 349 43 0 775 5100 3147 2658 479 3002 2184 1194 812 1364 961 2234 2890 2289 1394 892 2435 578 776 138 0 0 0 0 0 0 0 0 0 0 0 0 0 0 0 0 0 0 0 0 0 0 0 0 0 0 0
716 4113 4896 4906 4984 4927 2865 2871 2980 2603 1705 1277 1076 640 1683 2283 5687 2896 291 800 4679 6005 8253 7752 2327 1568 1164 1188 5423 3655 3679 4040 4686 6147 6520 5912 5317 787 3472 3872 0 440 3899 2498 419 906 1987 761 119 211 4656 1953 2220 480 4217 1433 3453 1175 1009 3076 1642 1465 0 965 1095 1641 2506 0 0 0 0 0 0 0 0 0 0 0 0 0 0 0 0 0 0 0 0 0 0 0 0 0 0 0 0 0
763 6463 5391 4784 4954 3790 6942 5820 5156 5056 3652 2050 3485 4057 4813 1300 2757 1360 1992 3320 7834 8096 9089 7868 2756 768 183 5789 4643 4641 7686 6540 5424 6527 7930 6830 3664 1963 5227 102 104 1210 517 41 783 1231 120 23 120 92 1569 4305 2822 1458 4575 670 1563 571 1109 2122 1853 186 0 6 691 216 592 315 0 0 0 0 0 0 0 0 0 0 0 0 0 0 0 0 0 0 0 0 0 0 0 0 0 0 0 0
1303 7010 7248 6374 6268 4257 8256 4433 4073 2910 6983 7481 5242 4975 5104 1458 1695 882 3312 4422 4626 5661 8852 7271 4266 2742 3205 7220 5415 4822 6844 8446 5497 6195 7604 4086 7855 5884 1106 4589 1174 0 1470 281 3112 0 0 0 0 103 1739 1855 92 1164 2255 844 1533 132 1888 1554 1202 1227 1292 830 0 0 1374 0 0 0 0 0 0 0 0 0 0 0 0 0 0 0 0 0 0 0 0 0 0 0 0 0 0 0 0 0
1019 6520 7366 6321 5404 5611 8167 7096 8707 3192 5038 6683 6218 3664 2426 3837 3698 5519 4488 5139 5605 5962 6362 7901 5396 2889 6567 6170 6474 5917 7756 6483 7810 6356 5854 7006 6966 3865 1835 4265 1780 1991 3876 7358 2361 0 166 0 0 735 1267 380 0 0 1525 918 4541 0 90 1606 1342 1858 992 360 0 181 0 0 0 0 0 0 0 0 0 0 0 0 0 0 0 0 0 0 0 0 0 0 0 0 0 0 0 0 0 0
559 6538 6554 5790 4897 5206 2484 5557 7917 5182 4209 2932 3761 4650 5339 4507 6099 4752 5745 4464 6412 6785 4369 2824 5596 5795 4888 7036 8264 6475 7741 5425 5158 5517 4776 5148 6643 8795 5026 4994 2076 1554 649 1913 904 0 125 548 0 1140 990 197 1428 0 261 1887 1069 0 354 1291 938 1581 970 0 573 117 0 0 0 0 0 0 0 0 0 0 0 0 0 0 0 0 0 0 0 0 0 0 0 0 0 0 0 0 0 0
3961 6330 5936 6139 3258 2582 1412 1882 7546 7876 3920 2988 4567 4330 5971 6389 4084 4727 7191 6412 6330 6800 4321 2612 6174 8515 4293 4784 7064 7082 8322 6300 5232 2499 4055 4860 8862 4515 6185 6104 2087 1125 139 0 0 0 0 0 0 616 156 132 95 104 0 1054 147 0 0 301 1060 1609 1055 238 109 0 0 0 0 0 0 0 0 0 0 0 0 0 0 0 0 0 0 0 0 0 0 0 0 0 0 0 0 0 0 0
309 3442 5780 4168 3738 5533 2810 4660 5853 4906 6666 4170 4043 2949 8378 8337 7610 6662 8268 7247 7437 7728 4009 3428 5178 2953 4257 3945 6249 6341 6843 6005 7116 4400 1977 3421 7461 8935 7551 4823 1131 2263 4052 554 29 98 3457 401 325 201 147 0 0 0 0 360 907 0 0 247 2339 179 365 34 0 0 0 0 0 0 0 0 0 0 0 0 0 0 0 0 0 0 0 0 0 0 0 0 0 0 0 0 0 0 0 0
3509 2109 4252 5233 4829 2832 2708 4336 5434 3189 4497 4866 2195 5537 6788 7498 7741 8668 8627 8189 8327 4887 5464 7550 4152 2738 4742 3239 1769 4375 4166 5458 7819 4393 3017 7811 6404 3741 3504 1790 1050 3959 3546 517 1449 241 881 157 2140 521 567 0 0 0 986 0 273 0 0 107 1109 401 250 0 0 0 0 0 0 0 0 0 0 0 0 0 0 0 0 0 0 0 0 0 0 0 0 0 0 0 0 0 0 0 0 0
4448 1729 3425 2402 4572 3196 5731 5232 5858 3811 2820 2812 4858 2900 3235 6898 6410 9392 8793 8418 7482 4522 5768 4141 2842 646 6113 4658 1825 5023 4556 7498 8263 6504 4474 3287 3772 4606 4378 2204 3566 8244 3531 132 245 0 470 1207 235 1113 0 0 94 133 112 0 404 452 0 241 0 0 0 0 0 0 0 0 0 0 0 0 0 0 0 0 0 0 0 0 0 0 0 0 0 0 0 0 0 0 0 0 0 0 0 0
3307 3551 2109 7580 2960 4749 6441 5849 4668 2839 1678 4168 8874 7126 2618 4222 5600 8813 8433 7092 5623 4389 5798 3115 2789 4123 6411 2758 3 2781 6394 7074 5597 3601 2020 1749 3377 5777 2804 2693 2908 2376 1991 539 675 598 748 3275 63 137 60 743 482 2751 1208 300 0 3589 1544 0 326 208 0 0 0 0 0 0 0 0 0 0 0 0 0 0 0 0 0 0 0 0 0 0 0 0 0 0 0 0 0 0 0 0 0 0
6091 5257 2076 1224 4290 6040 5158 3014 3609 3843 5902 8139 9416 8820 5960 6514 5317 8027 1850 5083 3177 4206 2667 3516 4335 5147 7222 4664 874 4675 5046 3241 3737 3276 4931 2716 2193 2472 4585 7525 327 3825 2244 842 0 0 273 1786 637 1234 463 465 1011 907 1296 1306 1246 64 1646 1010 358 0 0 0 0 0 0 0 0 0 0 0 0 0 0 0 0 0 0 0 0 0 0 0 0 0 0 0 0 0 0 0 0 0 0 0
7692 1430 1229 736 1739 2524 3945 4834 7781 7886 5795 5299 7656 7760 8762 7686 6529 6736 5862 3550 3289 1010 2097 5887 1678 4433 3384 6010 2686 3105 2706 3645 5595 2387 4193 4811 4352 4121 2331 1135 1503 1158 3186 1851 0 744 162 0 0 1106 947 3297 1224 972 927 197 320 559 394 0 0 0 0 0 0 0 0 0 0 0 0 0 0 0 0 0 0 0 0 0 0 0 0 0 0 0 0 0 0 0 0 0 0 0 0 0
7194 5460 5789 3529 4101 4644 3253 6987 7195 6783 2203 4043 7605 8743 8763 7178 6862 7982 5636 6085 942 1775 4659 4276 1142 3711 3848 6402 1362 2119 6352 5188 6242 5055 4178 3621 4252 275 60 0 0 115 1890 667 825 770 1520 884 1237 346 758 1185 529 2116 613 696 43 0 0 0 0 0 0 0 0 0 0 0 0 0 0 0 0 0 0 0 0 0 0 0 0 0 0 0 0 0 0 0 0 0 0 0 0 0 0 0
5018 4326 5408 5325 3713 5899 6111 5846 3976 4069 4210 7160 8904 7050 6248 6396 7306 5373 1838 3250 1603 5783 6298 4890 1670 7345 7475 8421 3318 4428 4959 4316 2479 4259 4358 5403 4508 266 401 231 88 262 696 64 3 0 2617 3236 1730 4478 1697 1360 1064 253 317 0 0 0 0 0 0 0 0 0 0 0 0 0 0 0 0 0 0 0 0 0 0 0 0 0 0 0 0 0 0 0 0 0 0 0 0 0 0 0 0 0
3890 4695 5309 4650 4888 4786 4824 9069 7544 4279 5700 7089 6908 6990 4907 6047 4289 5179 4784 2105 1286 5523 8028 4625 2460 8049 7540 4724 4605 3238 4987 1993 995 4996 2725 2775 719 360 664 1348 536 395 409 0 0 0 39 2298 87 768 26 1335 385 0 0 0 0 0 0 0 0 0 0 0 0 0 0 0 0 0 0 0 0 0 0 0 0 0 0 0 0 0 0 0 0 0 0 0 0 0 0 0 0 0 0 0
5304 5670 5287 3840 6035 5947 5379 7074 4934 8095 7705 7465 7784 4250 5442 1480 3574 6032 5799 3366 6548 3383 3157 5733 2341 2141 1433 1671 2602 4014 5626 2420 4172 5965 3993 4912 3303 95 1076 3344 976 80 0 0 0 0 0 0 0 0 438 0 0 0 0 0 0 0 0 0 0 0 0 0 0 0 0 0 0 0 0 0 0 0 0 0 0 0 0 0 0 0 0 0 0 0 0 0 0 0 0 0 0 0 0 0
4839 4586 4092 4236 5404 5735 7289 6305 8278 6883 6781 8093 6352 4760 2400 4032 6434 1805 972 1786 2920 2835 2057 1672 667 1697 2111 859 2479 4458 4767 1772 2185 4293 1258 5199 5616 84 3619 1093 0 0 0 294 152 374 28 0 0 0 0 0 0 0 0 0 0 0 0 0 0 0 0 0 0 0 0 0 0 0 0 0 0 0 0 0 0 0 0 0 0 0 0 0 0 0 0 0 0 0 0 0 0 0 0 0
4688 2541 4801 5217 4823 5276 7723 7980 6741 5386 6180 5292 3971 947 4424 3968 3935 18 0 0 541 956 2634 1409 1145 1655 3603 449 2945 3041 4567 1870 1026 4441 2303 1347 3177 207 118 18 0 0 483 661 681 537 0 0 188 0 0 0 0 0 0 0 0 0 0 0 0 0 0 0 0 0 0 0 0 0 0 0 0 0 0 0 0 0 0 0 0 0 0 0 0 0 0 0 0 0 0 0 0 0 0 0
