gis_files/fwatero.asc
ncols         625
nrows         694
xllcorner     895000
yllcorner     515000
cellsize      5000
NODATA_value  -9999
[rows 490 to 538 of 694, columns 96 to 191 of 625]
0 0 0 0 0 0 0 0 0 0 0 0 0 0 0 0 0 0 0 0 0 0 0 0 0 0 0 0 0 0 0 0 857 2144 3487 1647 908 1700 1322 1034 1261 1269 0 226 2052 3828 3022 483 2250 30 319 1060 2968 415 0 0 0 963 700 0 0 0 0 1375 3847 2638 3964 967 1572 933 1263 2674 2710 1174 2020 1767 1651 1502 842 1301 1624 2693 5342 6180 7363 4067 6288 8905 4580 3603 4843 7101 7628 3717 8117 479
0 0 0 0 0 0 0 0 0 0 0 0 0 0 0 0 0 0 0 0 0 0 0 0 0 0 0 0 0 0 0 0 95 753 1445 3467 3663 1831 1527 1020 2334 576 9 428 3802 2620 5928 5728 4979 3280 636 1180 49 207 0 230 785 0 0 218 1140 1576 1829 2357 5637 1154 3145 4058 892 706 473 3285 1720 5181 3999 3378 2095 2441 2371 775 766 242 2051 6059 6509 1909 2831 6862 6248 6840 7693 5726 6429 8277 6977 1708
0 0 0 0 0 0 0 0 0 0 0 0 0 0 0 0 0 0 0 0 0 0 0 0 0 0 0 0 0 0 0 0 0 1044 1701 3213 839 1623 1946 2564 2529 9 240 1346 2776 3742 3965 3692 5205 3867 301 788 1345 14 0 174 670 0 0 681 1005 1739 967 3313 859 480 0 40 179 11 28 1816 3675 4875 3265 3879 3856 4274 3347 975 2036 78 1589 3811 3698 5568 6042 7164 7144 7649 4966 5499 4150 4833 3969 760
0 0 0 0 0 0 0 0 0 0 0 0 0 0 0 0 0 0 0 0 0 0 0 0 0 0 0 0 0 0 0 0 0 346 1404 1179 2220 2965 1653 2796 2084 0 8 198 305 1174 2110 1672 2430 2836 186 597 601 3695 778 656 577 355 0 93 538 2999 2763 4683 1444 426 799 547 730 567 2016 4229 3678 3598 4409 2982 3810 6120 3792 3604 1794 0 3313 5600 6372 5968 5577 5193 4354 7120 4719 5552 5117 2776 4952 867
0 0 0 0 0 0 0 0 0 0 0 0 0 0 0 0 0 0 0 0 0 0 0 0 0 0 0 0 0 0 0 0 0 0 273 341 696 109 1192 719 784 253 286 433 108 0 863 2045 409 533 3078 3604 2012 416 0 848 582 286 124 0 0 3085 4214 2861 856 213 906 479 1933 2352 4644 3288 2432 3430 3032 3780 5049 4296 3914 3782 4384 3502 4462 2654 3540 4873 4818 6485 6704 7328 1803 775 5952 5822 3216 922
0 0 0 0 0 0 0 0 0 0 0 0 0 0 0 0 0 0 0 0 0 0 0 0 0 0 0 0 0 0 0 0 0 0 230 1212 24 396 265 494 1646 1860 812 294 149 54 2328 1426 883 199 5031 6410 1111 140 10 577 721 499 1002 66 276 36 4128 3230 869 2646 769 763 940 1677 2741 1890 3401 4821 4621 4912 4897 2217 4380 5897 6290 5871 5021 4905 2761 4235 4059 6875 7089 7365 5605 1086 1409 3601 916 36
0 0 0 0 0 0 0 0 0 0 0 0 0 0 0 0 0 0 0 0 0 0 0 0 0 0 0 0 0 0 0 0 0 0 142 391 13 365 184 1046 1626 621 817 24 16 1504 2289 2712 2681 144 176 2805 3580 231 73 142 138 335 3313 729 223 134 3717 3097 6204 4071 1465 508 842 1468 2077 3590 5093 4715 6086 5393 3880 4645 6159 7575 5655 5950 1308 4665 4200 3071 5158 6248 6917 6453 7419 3167 1766 467 0 130
0 0 0 0 0 0 0 0 0 0 0 0 0 0 0 0 0 0 0 0 0 0 0 0 0 0 0 0 0 0 0 0 0 0 0 108 523 380 384 82 1389 223 768 743 404 858 1744 3606 1569 1158 2289 1637 1525 0 0 1024 1983 628 3151 3763 0 0 166 1885 5216 6310 2180 134 2869 2671 2979 3105 3152 5075 8378 7081 7460 5815 6801 7856 7125 4991 621 5038 2520 3767 4508 5656 8796 8175 5413 4985 2258 0 0 216
0 0 0 0 0 0 0 0 0 0 0 0 0 0 0 0 0 0 0 0 0 0 0 0 0 0 0 0 0 0 0 0 0 0 0 0 506 948 355 355 337 433 54 337 19 0 262 997 838 6124 3941 1357 759 38 0 0 704 247 682 2712 800 940 473 1475 1764 2081 231 173 2411 3304 2194 171 803 4497 1471 6271 8238 8327 8204 7475 7713 4985 4570 4798 2924 1736 5928 5618 5220 7183 7841 6927 1184 326 0 20
0 0 0 0 0 0 0 0 0 0 0 0 0 0 0 0 0 0 0 0 0 0 0 0 0 0 0 0 0 0 0 0 0 0 0 0 183 472 2589 622 243 477 1795 544 349 0 292 919 1371 1377 1745 664 0 0 218 0 0 53 142 1493 1805 1134 1367 322 1335 2102 281 840 1878 2501 1791 1813 1443 2811 4116 5415 6381 7059 8791 8210 5580 5223 3512 3261 3850 125 6199 3687 4564 4782 8017 8924 6104 3534 245 508
0 0 0 0 0 0 0 0 0 0 0 0 0 0 0 0 0 0 0 0 0 0 0 0 0 0 0 0 0 0 0 0 0 0 0 0 0 0 933 246 460 242 633 615 140 0 72 627 66 199 1287 973 0 0 0 0 0 0 0 583 1138 2317 464 705 557 94 745 2484 1601 4127 2269 4240 1175 445 6544 4009 2901 4025 6820 8491 5389 6641 6823 2635 3527 2267 347 2840 1221 3556 4675 4436 951 1913 5112 1359
0 0 0 0 0 0 0 0 0 0 0 0 0 0 0 0 0 0 0 0 0 0 0 0 0 0 0 0 0 0 0 0 0 0 0 0 0 0 0 211 783 660 558 1369 69 315 690 509 773 5 0 301 388 222 958 583 204 0 0 455 1720 1887 4629 2272 709 373 1929 1347 2075 5019 884 2377 611 2131 6848 7741 1351 1264 5095 8029 3923 5279 5369 3159 2432 3586 903 3340 5438 113 16 736 2465 6937 9738 3343
0 0 0 0 0 0 0 0 0 0 0 0 0 0 0 0 0 0 0 0 0 0 0 0 0 0 0 0 0 0 0 0 0 0 0 0 0 0 102 493 69 478 319 336 5 270 393 928 108 98 0 0 335 484 1336 153 241 0 0 503 1698 354 552 1197 63 39 186 1348 2316 3330 1693 1346 0 778 3505 7538 9394 3016 4121 7055 6796 6311 5958 3776 1055 710 563 1641 56 133 1412 4028 6843 7223 9760 5054
0 0 0 0 0 0 0 0 0 0 0 0 0 0 0 0 0 0 0 0 0 0 0 0 0 0 0 0 0 0 0 0 0 0 0 0 0 0 18 1123 1120 250 646 0 0 0 41 424 226 396 88 368 287 105 842 90 539 122 207 1499 789 474 2868 2114 425 113 815 2516 5154 2071 2878 3249 691 420 4871 5978 9275 3530 5935 1756 1184 1655 1302 3368 1239 0 0 0 36 0 268 2455 1647 3310 2308 2353
0 0 0 0 0 0 0 0 0 0 0 0 0 0 0 0 0 0 0 0 0 0 0 0 0 0 0 0 0 0 0 0 0 0 0 0 0 0 35 1249 1071 172 360 252 0 16 221 600 705 541 133 55 447 53 814 204 0 104 991 478 24 622 706 290 0 29 813 182 548 2100 4543 6382 2082 827 5672 4842 4128 7472 3861 1739 1397 1640 573 411 156 726 373 0 494 2747 3016 248 0 154 1992 290
0 0 0 0 0 0 0 0 0 0 0 0 0 0 0 0 0 0 0 0 0 0 0 0 0 0 0 0 0 0 0 0 0 0 0 0 0 84 923 124 171 144 438 15 0 207 638 230 1177 329 138 0 0 0 0 0 0 181 146 453 494 1332 2005 159 337 489 394 1277 127 554 943 216 2796 1315 2313 2075 5113 2476 5595 475 567 1073 897 151 2432 2112 2841 2397 3502 4464 3206 912 0 0 30 1188
0 0 0 0 0 0 0 0 0 0 0 0 0 0 0 0 0 0 0 0 0 0 0 0 0 0 0 0 0 0 0 0 0 0 0 0 0 0 114 891 94 0 23 0 0 92 251 0 125 151 13 0 0 45 166 174 709 1342 740 112 1009 1015 134 384 1130 781 610 207 365 9 330 886 1242 918 1116 4007 1814 2861 3481 3108 192 4842 4870 2146 1290 320 2257 3831 1559 1060 3121 2461 0 0 0 0
0 0 0 0 0 0 0 0 0 0 0 0 0 0 0 0 0 0 0 0 0 0 0 0 0 0 0 0 0 0 0 0 0 0 0 0 0 0 0 28 236 591 127 0 13 255 242 503 50 183 13 19 148 628 299 1565 1351 1584 75 775 1495 0 538 3419 672 450 564 1588 3973 751 319 1523 2520 2289 655 1318 3276 2179 196 493 90 2565 6352 5226 5578 5485 3090 4033 7016 6005 7898 6143 938 109 0 0
0 0 0 0 0 0 0 0 0 0 0 0 0 0 0 0 0 0 0 0 0 0 0 0 0 0 0 0 0 0 0 0 0 0 0 0 0 0 0 0 2025 1730 78 29 0 238 0 158 79 33 307 19 1431 2306 854 1080 950 1701 281 2042 2275 670 1069 405 2455 807 536 763 1775 840 388 1292 2100 1387 1592 2190 2408 1571 692 4417 1947 135 3688 7419 7166 1665 1547 3151 3401 7889 7548 4811 3935 822 0 0
0 0 0 0 0 0 0 0 0 0 0 0 0 0 0 0 0 0 0 0 0 0 0 0 0 0 0 0 0 0 0 0 0 0 0 0 0 0 0 0 218 1081 1586 823 1242 847 148 0 36 69 548 507 1049 2605 2998 971 112 1237 75 3283 3221 1573 243 1623 1814 380 113 1821 539 459 1303 544 1607 1264 1253 981 924 709 1488 1859 2317 302 425 4142 5447 3058 5075 1399 2116 2773 5420 2066 5186 1364 2457 3960
0 0 0 0 0 0 0 0 0 0 0 0 0 0 0 0 0 0 0 0 0 0 0 0 0 0 0 0 0 0 0 0 0 0 0 0 0 0 0 0 0 707 2861 1956 2921 1098 297 30 94 334 248 695 498 652 2810 669 874 702 457 627 3998 3683 169 432 26 345 151 1039 874 967 128 506 1086 1079 3337 2094 1195 4054 4249 2903 3451 2558 0 3998 3944 2548 3971 325 495 1780 3966 2677 2612 5585 5581 9557
0 0 0 0 0 0 0 0 0 0 0 0 0 0 0 0 0 0 0 0 0 0 0 0 0 0 0 0 0 0 0 0 0 0 0 0 0 0 0 0 0 0 5 723 1123 1332 166 83 401 563 1219 1441 352 273 415 901 4577 1692 839 1522 3066 5345 1828 553 0 1874 140 66 784 518 981 2074 2140 537 2243 1405 1826 2163 5430 7694 6375 5166 3565 3524 5335 3931 3727 4040 6730 3693 3433 2697 6764 5270 8963 8867
0 0 0 0 0 0 0 0 0 0 0 0 0 0 0 0 0 0 0 0 0 0 0 0 0 0 0 0 0 0 0 0 0 0 0 0 0 0 0 0 0 0 8 1666 702 911 51 53 66 647 459 1021 411 1233 1791 2880 3460 3521 1271 1958 4699 3925 923 35 154 681 0 34 0 457 554 546 1948 731 674 1000 3172 2980 3571 8198 4991 6583 7260 5109 5479 2053 1416 2477 5493 4844 5917 3752 6402 6384 7432 5665
0 0 0 0 0 0 0 0 0 0 0 0 0 0 0 0 0 0 0 0 0 0 0 0 0 0 0 0 0 0 0 0 0 0 0 0 0 0 0 0 0 0 0 415 879 1273 415 8 223 1030 527 400 847 2346 3211 1133 904 1150 1661 462 1682 2856 454 761 278 98 147 43 559 616 625 2520 2228 5030 1944 1448 2441 4057 3118 5640 7953 7213 6366 1889 3433 1915 0 3323 5652 5294 5192 7277 5479 8187 5651 4857
0 0 0 0 0 0 0 0 0 0 0 0 0 0 0 0 0 0 0 0 0 0 0 0 0 0 0 0 0 0 0 0 0 0 0 0 0 0 0 0 0 0 0 0 0 3658 1461 886 1029 433 735 94 1228 2696 3626 3408 3238 1744 1366 788 428 1898 344 1004 2392 533 705 3950 587 1387 571 1301 7666 4124 1794 3008 1262 1433 2361 2955 3529 8229 9216 5156 257 414 4 3649 798 6719 7641 7209 2726 3615 5679 5342
0 0 0 0 0 0 0 0 0 0 0 0 0 0 0 0 0 0 0 0 0 0 0 0 0 0 0 0 0 0 0 0 0 0 0 0 0 0 0 0 0 0 0 0 0 172 2239 1231 3067 1855 350 828 3001 2938 4136 3423 4364 2272 1555 524 423 2066 685 149 2989 558 3640 1686 1252 817 926 2358 1424 638 2659 6483 415 5 1873 2551 896 5610 5654 4205 1179 4501 4034 1703 4029 4040 6667 5671 5025 4951 2104 5817
0 0 0 0 0 0 0 0 0 0 0 0 0 0 0 0 0 0 0 0 0 0 0 0 0 0 0 0 0 0 0 0 0 0 0 0 0 0 0 0 0 0 0 0 0 388 1362 2013 1262 365 731 1216 793 2011 4955 4604 5046 561 590 1152 314 113 352 331 534 478 50 61 179 3086 1523 1263 951 780 475 5152 3496 507 472 2080 4671 4737 2164 177 351 1091 6301 3344 378 6312 5943 5279 5457 4239 2919 8283
0 0 0 0 0 0 0 0 0 0 0 0 0 0 0 0 0 0 0 0 0 0 0 0 0 0 0 0 0 0 0 0 0 0 0 0 0 0 0 0 0 0 0 0 0 146 1688 1776 521 577 390 215 459 2165 4330 4023 4919 4197 1029 2296 1430 326 573 956 2982 438 285 197 617 1621 2022 2121 1362 1470 1542 1614 5307 4436 133 2173 1015 3437 4837 54 1448 5256 2204 6320 3283 6882 6335 4648 1996 2830 5546 8965
0 0 0 0 0 0 0 0 0 0 0 0 0 0 0 0 0 0 0 0 0 0 0 0 0 0 0 0 0 0 0 0 0 0 0 0 0 0 0 0 0 0 0 0 0 217 1367 957 1051 1057 706 281 294 1865 3904 3672 3912 4300 3610 1336 992 271 179 1486 1471 1971 803 738 1173 464 2240 645 859 1508 1572 1687 793 33 0 1140 687 2263 5558 2388 1929 3486 2474 4289 1634 2400 6581 4808 1282 5928 8343 8406
0 0 0 0 0 0 0 0 0 0 0 0 0 0 0 0 0 0 0 0 0 0 0 0 0 0 0 0 0 0 0 0 0 0 0 0 0 0 0 0 0 0 0 0 0 0 0 146 1130 882 582 428 448 1599 3249 2811 3478 2416 1716 1159 2297 1650 1406 1445 2060 2171 352 487 404 403 1253 151 833 1500 498 322 135 0 590 0 0 0 3551 3909 820 2515 1460 0 664 2307 2250 3110 4663 6835 4057 7283
0 0 0 0 0 0 0 0 0 0 0 0 0 0 0 0 0 0 0 0 0 0 0 0 0 0 0 0 0 0 0 0 0 0 0 0 0 0 0 0 0 0 0 0 0 0 0 784 1688 1795 189 2302 2307 1108 2697 2470 2994 3578 306 1804 2630 2072 1533 2730 3795 2567 1626 1818 256 271 290 153 283 426 0 0 0 0 0 0 0 0 2011 2686 3879 3256 2490 3445 1584 1747 255 5637 8171 4308 4863 3778
0 0 0 0 0 0 0 0 0 0 0 0 0 0 0 0 0 0 0 0 0 0 0 0 0 0 0 0 0 0 0 0 0 0 0 0 0 0 0 0 0 0 0 0 0 0 0 202 2119 1572 512 488 1445 808 553 967 2673 3471 1412 894 2914 1192 2046 3683 2898 948 824 3167 4161 2495 1598 1394 2602 1621 56 0 0 0 0 0 6 2185 2718 3440 3305 3640 2112 3606 2614 3325 8 3881 5889 7802 7722 6330
0 0 0 0 0 0 0 0 0 0 0 0 0 0 0 0 0 0 0 0 0 0 0 0 0 0 0 0 0 0 0 0 0 0 0 0 0 0 0 0 0 0 0 0 0 0 0 87 2050 2691 1044 413 557 374 687 1907 1862 2106 1687 1954 2173 1672 2451 4388 2944 4261 1800 2239 3335 3108 2028 3521 5914 3876 4906 5355 600 0 0 0 221 2582 2785 3909 6864 2752 2036 3722 2451 654 2441 1878 6275 8825 8379 7712
0 0 0 0 0 0 0 0 0 0 0 0 0 0 0 0 0 0 0 0 0 0 0 0 0 0 0 0 0 0 0 0 0 0 0 0 0 0 0 0 0 0 0 0 0 0 0 0 1247 2737 2319 316 590 355 881 1292 1943 731 1017 1818 2321 1800 1491 1604 3361 2944 1565 1543 1323 1731 3940 3946 2420 4479 3167 4054 3615 0 0 0 514 153 463 1535 7092 5508 2692 1653 4132 1471 5566 2018 1129 5557 5972 5406
0 0 0 0 0 0 0 0 0 0 0 0 0 0 0 0 0 0 0 0 0 0 0 0 0 0 0 0 0 0 0 0 0 0 0 0 0 0 0 0 0 0 0 0 0 0 0 0 40 553 3149 1342 1431 592 64 498 1105 388 2237 662 1342 1613 1877 1678 1677 3205 2242 680 1752 2357 1716 4108 8254 4783 191 3273 6602 1520 0 0 109 59 355 646 5953 5220 749 3899 2960 4378 3258 2096 0 1895 4557 7194
0 0 0 0 0 0 0 0 0 0 0 0 0 0 0 0 0 0 0 0 0 0 0 0 0 0 0 0 0 0 0 0 0 0 0 0 0 0 0 0 0 0 0 0 0 0 0 0 1 1528 2989 2440 677 710 339 129 409 1136 1902 2171 1557 2408 1488 1724 2321 2649 3228 672 2373 3773 2794 4477 1508 572 189 1157 5827 4461 30 35 635 1057 6 1525 2770 8606 8028 4043 2515 2924 1212 2968 0 1231 1471 1721
0 0 0 0 0 0 0 0 0 0 0 0 0 0 0 0 0 0 0 0 0 0 0 0 0 0 0 0 0 0 0 0 0 0 0 0 0 0 0 0 0 0 0 0 0 0 0 0 0 1764 847 513 176 252 519 38 638 503 1686 2958 2614 2442 2757 2775 2914 2641 2134 3022 4242 6929 7914 1769 536 193 600 866 6761 6821 2900 1710 380 368 120 2417 5030 7646 3978 1271 1402 5063 5146 4839 292 3243 2016 475
0 0 0 0 0 0 0 0 0 0 0 0 0 0 0 0 0 0 0 0 0 0 0 0 0 0 0 0 0 0 0 0 0 0 0 0 0 0 0 0 0 0 0 0 0 0 0 0 0 1179 1237 242 413 794 699 429 1086 408 79 2036 2010 2878 3261 2985 1868 3294 1090 1798 3003 2702 4010 3802 598 1663 1000 775 1745 6129 6651 1646 63 0 773 2972 1381 4518 6243 3149 1548 1994 825 2856 1484 2324 3319 952
0 0 0 0 0 0 0 0 0 0 0 0 0 0 0 0 0 0 0 0 0 0 0 0 0 0 0 0 0 0 0 0 0 0 0 0 0 0 0 0 0 0 0 0 0 0 0 0 0 597 2372 844 1004 0 51 669 1478 1177 188 1273 3941 2998 1678 991 3664 2910 932 656 179 1203 4076 2268 1226 5940 5208 848 1670 4148 3980 488 172 992 590 558 1750 1153 7647 2859 849 1460 2047 5419 2684 1507 573 898
0 0 0 0 0 0 0 0 0 0 0 0 0 0 0 0 0 0 0 0 0 0 0 0 0 0 0 0 0 0 0 0 0 0 0 0 0 0 0 0 0 0 0 0 0 0 0 0 0 0 529 760 2781 1024 2289 3176 2757 2530 803 1124 2526 743 494 1134 1675 1755 2856 1355 2196 2376 265 590 2025 3606 5059 1638 1315 2787 3054 1010 2232 3744 1563 516 118 952 5220 3443 1737 2745 4753 3763 4808 300 0 455
0 0 0 0 0 0 0 0 0 0 0 0 0 0 0 0 0 0 0 0 0 0 0 0 0 0 0 0 0 0 0 0 0 0 0 0 0 0 0 0 0 0 0 0 0 0 0 0 0 0 532 4079 1913 1445 2589 3396 3859 1662 871 85 206 218 1111 1583 1589 1545 1459 207 1473 3621 2446 3044 3213 5777 1589 825 1542 745 3118 3289 4077 4417 428 2824 2081 3111 4679 4982 3335 1106 3951 9649 7198 1791 0 256
0 0 0 0 0 0 0 0 0 0 0 0 0 0 0 0 0 0 0 0 0 0 0 0 0 0 0 0 0 0 0 0 0 0 0 0 0 0 0 0 0 0 0 0 0 0 0 0 0 0 0 2387 3231 1963 1798 3191 2178 740 2844 1366 424 803 1101 1045 781 371 1761 127 814 1558 209 2235 2106 1050 125 9 0 2131 718 3793 5625 3855 2768 1917 2610 7723 4358 3359 8549 3713 1244 6962 4742 2481 405 64
0 0 0 0 0 0 0 0 0 0 0 0 0 0 0 0 0 0 0 0 0 0 0 0 0 0 0 0 0 0 0 0 0 0 0 0 0 0 0 0 0 0 0 0 0 0 0 0 0 0 0 287 2254 1439 549 1200 558 1292 2556 1803 1170 478 1707 1399 903 297 718 137 0 29 859 2255 716 267 470 358 181 0 18 0 551 3629 9518 6256 3368 4039 3748 4214 4550 7918 1134 785 1285 3324 4202 1500
0 0 0 0 0 0 0 0 0 0 0 0 0 0 0 0 0 0 0 0 0 0 0 0 0 0 0 0 0 0 0 0 0 0 0 0 0 0 0 0 0 0 0 0 0 0 0 0 0 0 0 0 660 3924 1147 107 0 952 1653 795 1953 1488 1756 1889 730 1005 196 0 0 0 0 1179 428 2669 1021 0 0 477 1062 393 1475 2523 4443 6301 5859 2294 3827 5958 3343 5838 3896 4558 2666 6370 5903 5423
0 0 0 0 0 0 0 0 0 0 0 0 0 0 0 0 0 0 0 0 0 0 0 0 0 0 0 0 0 0 0 0 0 0 0 0 0 0 0 0 0 0 0 0 0 0 0 0 0 0 0 0 980 3920 149 267 1257 830 543 326 1296 1034 1189 960 837 803 1569 0 0 0 0 0 585 342 646 14 358 711 25 129 3711 3488 1473 5090 6040 797 2342 4915 4429 5647 3626 4826 283 7885 6355 4461
0 0 0 0 0 0 0 0 0 0 0 0 0 0 0 0 0 0 0 0 0 0 0 0 0 0 0 0 0 0 0 0 0 0 0 0 0 0 0 0 0 0 0 0 0 0 0 0 0 0 0 0 321 2283 3399 1742 1729 1273 256 177 635 462 1652 1445 1369 2539 2185 406 563 0 0 0 549 1005 521 40 156 940 2067 1155 1478 2711 66 3933 6862 4281 1815 3777 3496 1488 2954 5804 1395 2573 6573 7017
0 0 0 0 0 0 0 0 0 0 0 0 0 0 0 0 0 0 0 0 0 0 0 0 0 0 0 0 0 0 0 0 0 0 0 0 0 0 0 0 0 0 0 0 0 0 0 0 0 0 0 0 1485 5353 4039 4528 4022 3319 2053 993 123 16 197 360 1109 2883 1374 787 743 0 832 0 209 0 0 1105 1158 2173 421 1451 3744 576 345 3243 5913 5896 3393 2809 1030 166 4551 7634 4214 2738 6820 6172
0 0 0 0 0 0 0 0 0 0 0 0 0 0 0 0 0 0 0 0 0 0 0 0 0 0 0 0 0 0 0 0 0 0 0 0 0 0 0 0 0 0 0 0 0 0 0 0 0 0 0 0 1287 1750 3018 5373 4165 4476 3737 2696 0 63 49 216 262 572 748 637 753 33 0 23 0 0 137 1767 881 3743 3904 4809 3368 1514 1638 6180 4924 3935 2940 1747 1249 1568 1041 7662 7134 5554 3864 2628
0 0 0 0 0 0 0 0 0 0 0 0 0 0 0 0 0 0 0 0 0 0 0 0 0 0 0 0 0 0 0 0 0 0 0 0 0 0 0 0 0 0 0 0 0 0 0 0 0 0 0 0 0 0 548 2036 3753 3348 3152 1951 331 0 0 187 0 394 1246 918 0 16 542 378 0 0 0 50 0 3562 7090 9469 6662 6202 4858 4547 580 3478 2964 2633 1379 4689 3117 4305 7117 4843 3061 1889
