gis_files/fwatero.asc
ncols         625
nrows         694
xllcorner     895000
yllcorner     515000
cellsize      5000
NODATA_value  -9999
[rows 294 to 342 of 694, columns 192 to 287 of 625]
297 1527 883 5567 2370 271 181 2076 0 330 140 376 3031 4289 3981 3112 1607 365 741 475 559 1046 0 419 877 28 0 0 516 1169 3372 4082 2294 2298 0 0 230 1966 576 46 0 184 651 3401 852 0 1365 2758 1745 674 1371 1376 956 1180 995 2367 1582 59 834 1356 1078 1318 1844 5487 5245 1717 2896 3038 0 114 0 0 0 0 0 0 0 0 78 109 0 0 54 403 331 68 0 213 370 393 537 824 61 240 35 0
1030 189 60 1091 1571 275 470 1071 133 152 632 360 1389 3769 2198 2153 1729 134 314 354 460 2165 856 482 0 0 390 0 88 123 922 273 1229 1340 153 5 849 358 1162 483 0 97 1164 159 0 0 756 2333 881 2392 351 1223 774 521 755 1326 1273 835 1099 1548 2880 2715 3204 3418 4444 3111 4740 146 0 0 0 0 0 0 0 5 789 265 518 503 225 0 1502 0 54 778 238 1441 482 77 285 216 108 74 162 0
1014 978 196 1208 395 1198 1910 192 2234 2846 317 2183 2494 2819 3039 2854 464 233 556 810 434 4028 1500 613 61 0 118 118 670 513 356 2930 1253 63 208 1912 1027 576 1512 26 0 0 0 0 5 95 2144 2947 1542 1719 1197 1698 2140 864 1194 493 322 754 1512 3960 1887 926 578 3835 4814 2540 1431 0 0 0 0 0 0 1078 1489 1185 558 10 0 109 1731 512 1889 1135 1395 1772 56 2344 792 0 78 74 59 0 0 0
562 2376 2156 1160 0 751 5060 3773 1350 1969 2209 1868 1777 1786 2240 2880 1133 847 1199 2069 335 2985 1095 695 21 30 0 129 1130 3633 1061 521 965 859 1977 2519 1099 1074 1507 995 0 342 0 50 99 2610 2947 3897 1431 4000 1073 3443 2855 2534 1131 2215 2748 1984 2230 1686 657 1690 651 3329 3016 256 3073 662 0 129 168 0 198 137 892 0 0 26 1859 1915 2397 980 225 942 2886 63 1652 2987 2732 0 0 80 0 177 2698 0
1907 963 2841 1091 0 1751 5999 3530 758 564 1010 1519 1272 2090 2701 1838 794 186 381 1663 556 1973 1128 1192 168 1816 3859 3993 2855 183 809 0 1050 1742 1937 2385 1673 241 3325 2269 3388 2415 0 202 1612 3800 2760 2856 4330 764 221 1353 2386 794 2200 4404 3562 4020 2929 3657 3116 3013 2673 7461 8637 5015 6052 1067 109 26 0 275 818 1428 618 0 240 1273 1052 3026 2136 2358 4488 3011 1641 35 3 1281 188 1924 345 0 0 0 64 0
4897 3629 2412 1643 295 1552 4122 2858 1142 335 987 707 1279 3581 3440 2894 596 649 188 421 381 1764 3024 3184 3323 2717 1976 193 211 0 0 0 0 575 221 962 2780 4932 1187 909 3132 2603 1371 0 2555 1236 3339 3344 1845 301 278 2161 3297 2519 4039 3915 3219 3721 3051 4567 1458 3769 7922 9402 7708 187 0 128 430 144 1128 517 25 711 211 209 761 798 5109 5501 6759 4093 7168 4025 2503 420 77 0 115 1090 0 902 0 532 790 1668
7536 8137 2420 2112 0 497 2652 2614 1593 1197 709 1014 1081 3491 2055 2267 539 808 507 10 152 636 4459 2597 1742 2102 1266 0 707 424 0 0 0 0 118 976 2561 4251 2499 5038 4096 3057 5523 1665 2249 2970 3328 3588 667 4413 3077 3619 4571 4907 5340 4380 3840 3537 4225 7455 7450 9779 8120 3364 398 511 1471 1400 184 92 370 644 4 0 133 833 3430 5479 3655 5255 5739 955 4998 3524 873 1777 1449 360 8 0 0 603 1163 638 802 472
7297 5406 1543 2993 127 1637 4919 2989 3136 1914 814 968 330 3413 2114 2326 554 360 539 602 294 0 3357 2441 2416 1538 26 0 158 566 0 326 621 105 504 1239 237 158 484 468 1813 2607 4334 1277 2385 1559 1591 5001 5818 3443 4614 6490 4698 3782 3347 1365 4389 5390 7228 6434 5330 7065 804 0 260 129 475 316 0 0 40 2696 2711 2777 4507 4083 3773 4156 1333 3751 1637 2190 4881 5756 622 432 992 440 120 475 845 1183 240 603 647 2500
4882 3956 1771 440 2713 4890 4781 3841 1298 2425 166 879 1411 3562 2021 2513 359 162 416 820 411 1382 4304 1007 301 140 64 409 35 0 0 329 350 64 1119 1306 0 0 0 2217 587 1450 3236 1248 1550 3 756 3761 3801 4270 3966 4201 1898 1140 2964 2836 3861 2051 6335 2911 947 29 516 245 469 137 123 628 0 186 976 559 716 815 3338 6293 6826 5744 716 2737 5000 4162 2392 1474 278 3956 7406 7160 4365 316 1187 1214 375 405 2623 186
4296 5266 2091 608 2790 4665 7351 3127 2406 373 1760 869 2045 818 2008 2747 0 197 573 314 465 2763 1448 123 77 182 0 686 108 188 163 233 184 122 38 0 307 70 368 371 1686 548 1698 1509 3463 3266 4517 3021 3113 1249 3481 3333 1160 3282 4280 8494 6450 4954 2613 490 26 90 197 0 0 289 0 462 2130 2487 1609 2002 705 1434 798 5025 5583 5592 853 400 3235 6739 2183 1362 3102 3322 1495 909 1956 868 38 1343 2299 0 1145 2269
7370 6139 5359 4783 3520 2614 4947 5968 1808 1588 2987 438 1332 0 2398 3358 1401 53 31 0 233 938 776 0 0 0 845 30 0 356 59 154 89 0 46 479 23 114 0 528 789 189 862 2033 3266 3633 2342 2437 753 2816 4398 2051 1839 3971 6550 9774 4842 0 0 140 346 462 0 426 4 223 0 2449 1997 1282 256 462 2217 943 996 1769 5414 8770 5176 3609 4265 1760 4801 4175 2470 659 182 2344 1739 4655 3075 2208 211 0 918 1834
4181 3255 3826 2952 4462 4691 4349 3255 2589 2028 4284 787 2164 474 2339 3147 421 0 51 780 162 923 776 95 143 61 99 20 287 595 0 92 231 61 0 49 0 70 425 702 3640 1451 1828 1080 1039 1316 2048 3421 2151 6086 3195 3111 4003 5562 8396 4571 104 1458 2184 1361 0 0 0 311 364 256 1700 2343 4811 4498 1670 2490 3358 2176 3928 8613 4296 8387 3589 3377 2996 5526 1641 55 325 1877 2704 2790 497 1223 2074 2094 1607 911 2830 1567
3624 4875 4492 2837 3330 2509 2243 3921 4232 2711 4781 2303 1878 699 2382 3566 1537 632 1543 807 416 1187 760 344 633 100 0 24 97 137 211 50 1 711 370 469 0 123 504 1282 2964 2767 3265 1113 1307 714 2609 2079 696 4175 1456 2977 3634 4851 2012 28 0 1005 78 527 0 0 0 143 740 1445 196 805 1105 748 626 2360 1705 1809 2249 873 3330 6080 825 3218 2107 314 1803 2329 3369 593 74 986 2444 859 1775 2551 1395 119 4018 4752
3970 1184 3891 4454 3704 1810 340 866 3638 2291 4275 2323 2270 776 2084 4049 513 2651 1227 1345 1379 1424 813 1998 474 191 43 194 0 6 0 0 231 1857 1586 255 6 728 3097 2740 928 344 501 1290 1375 2619 2031 1692 1899 4421 2400 354 93 699 186 138 0 0 53 110 0 0 18 1357 1601 2234 912 21 0 785 1312 4432 3892 2314 1969 649 3145 3170 2146 1269 134 547 2529 558 1429 813 1037 536 262 1752 1144 1162 1254 2500 3234 4346
2346 1495 1898 4148 3161 2150 992 694 1708 1657 1124 2805 702 554 2691 3180 1899 4145 2666 2778 645 336 1277 1380 151 0 82 56 97 228 194 666 899 1515 1279 39 8 1020 1696 554 593 1297 204 2114 3673 3988 790 819 396 951 217 696 876 78 179 0 0 123 59 0 0 291 1691 4589 2125 3718 622 137 4088 1776 4653 845 3118 215 1745 3902 2832 1894 122 814 423 2326 946 137 389 575 776 903 928 1159 1502 2990 4809 5578 3004 4068
735 743 2308 4619 3944 3344 0 197 1673 2697 2930 1044 1762 543 1799 2278 4585 4881 3881 770 1382 1435 1433 232 13 612 0 0 1256 286 1740 503 731 1060 924 38 1125 1762 238 187 748 854 1079 1480 2250 218 258 326 2975 1919 921 1627 1716 450 216 0 0 21 0 0 743 3446 2148 3413 4400 2179 3081 1419 5051 457 2194 820 1564 1633 3003 1994 2683 2637 0 962 2132 2422 2269 3468 1454 943 1734 1168 3754 3667 3741 4369 3251 2190 1790 4150
736 661 531 2908 3195 4867 1219 457 1133 2750 4170 884 1244 1727 2513 4239 4597 3264 2100 1131 283 739 1193 576 558 430 756 904 1440 590 4990 2238 941 0 512 118 1162 1396 4084 469 124 1188 1185 1529 1099 3408 1411 976 5168 2356 2003 2314 1022 187 18 0 0 73 506 1222 924 4488 2950 2908 5687 1009 2725 2651 2237 1833 1732 3052 1895 761 418 3353 2799 458 467 1612 1449 4813 1237 1188 4809 2411 1460 2195 3206 2096 3595 3379 2471 4556 804 3621
159 0 711 2736 1438 3077 1229 281 253 554 2366 1268 1178 4128 2864 3574 4769 1002 319 368 595 689 296 127 277 51 1993 349 0 60 1688 2050 1564 514 16 0 627 401 2006 188 312 523 1278 1257 906 4128 1342 2761 1894 5450 2079 1683 2120 89 0 3 19 336 3446 4352 3049 3007 3554 5595 6305 2090 2199 1175 3516 2460 739 1578 1036 548 1496 4372 3126 1050 1700 2299 4981 4659 3162 488 1208 1109 3517 2733 2846 3499 5054 3271 3034 2254 3378 2336
601 418 1059 590 14 1016 628 1967 1681 389 3150 899 830 2528 1804 2730 2055 4039 2450 5243 1655 306 110 0 114 137 361 182 0 363 0 285 426 63 0 72 1189 2561 3901 913 252 1286 1667 3123 6021 3832 884 2627 5434 8017 4930 1084 222 163 0 87 1613 3275 3004 7689 3580 1059 1395 4822 5536 2038 3473 3619 227 951 2151 2549 2587 3082 844 1268 1538 753 1405 2224 3215 1951 4409 59 2289 2989 1766 1695 2273 3675 5152 4611 569 850 1292 2042
296 30 151 85 0 242 0 321 1338 631 1597 754 1574 2055 2258 922 1998 1603 3591 1855 3213 369 3 64 103 120 0 148 129 194 235 1036 1142 968 134 1991 794 1229 1258 233 181 1147 2061 1153 3994 3816 1761 1869 6178 2244 503 266 296 0 0 4987 7153 4135 1554 3718 1781 132 273 1130 4735 7403 8170 5211 1312 1667 3695 3319 3374 635 866 1892 1248 1293 1629 3283 2635 1726 2319 495 1167 621 1637 731 316 918 2036 3705 2613 2199 1515 3139
487 0 484 53 14 128 916 295 487 971 3838 2539 2679 4433 5725 686 2163 4106 94 845 714 521 0 0 0 0 0 0 84 0 337 1154 942 971 206 1907 152 280 2367 173 1000 1680 1078 1096 3540 7237 3155 4240 6114 2008 340 2612 666 0 4506 5386 5930 9098 5006 961 276 0 40 331 3744 6704 8591 8588 7615 2706 850 892 5 325 528 1893 1135 960 1193 1903 1489 541 813 276 1325 3426 968 862 2516 349 2454 4117 3752 3041 5435 7387
0 194 598 714 0 327 54 64 0 1761 4254 2323 1734 3529 2639 2559 3788 3708 1872 1471 810 73 0 0 0 0 73 0 0 0 144 226 416 94 577 593 701 877 679 907 3703 2067 694 1207 3364 4893 1515 2937 7159 127 712 1996 485 2886 7856 6416 7161 8404 1849 1202 1959 2845 5577 5191 7837 3270 1948 2909 6070 410 1059 699 314 1917 618 1365 946 1464 87 0 554 1079 783 2302 2630 1147 1213 1612 982 424 4457 4551 5125 4264 3964 6791
87 0 585 5 129 144 325 128 103 189 554 1103 2284 2393 1062 1794 3098 1828 2209 598 438 194 21 0 0 0 58 0 213 89 142 79 669 0 541 587 189 77 197 1627 1844 1489 848 3253 7169 672 2378 3127 749 1430 2240 204 3033 7761 8338 3902 4701 2610 1879 3992 1740 1740 4234 4239 3419 3901 2776 2830 1258 764 1777 1530 1920 3866 1110 521 627 191 0 280 1485 1604 1966 1210 2158 2184 2268 1295 1777 766 3044 4236 5125 4325 4974 5341
0 0 152 498 124 596 0 0 93 0 363 1167 1144 2854 1810 2174 1958 3554 951 1213 178 3 0 0 0 0 89 0 178 0 0 0 0 349 339 893 416 315 78 1243 623 1182 1232 1229 3506 1500 1707 1076 779 2686 1544 1502 3782 8793 8085 6336 8847 2506 3496 6236 3649 5349 908 1953 4108 1759 449 1212 1014 897 339 916 626 778 167 1044 655 1720 621 1281 1385 768 901 1435 2363 1840 1726 1554 932 581 3226 4098 4038 4370 6938 4939
0 1200 349 306 418 557 14 66 319 193 24 452 25 845 1221 847 2509 976 1045 1559 1428 2654 161 848 51 547 87 0 0 0 0 139 198 499 286 470 164 342 48 483 156 768 1475 5565 4163 1399 2933 866 1941 3315 542 1899 2599 7312 8120 7597 3856 5611 6938 6729 5143 6382 4615 5697 4768 3945 518 2208 503 238 641 529 1522 2020 21 242 2028 1271 1417 605 902 1833 1696 518 1056 2651 1029 3466 834 1313 907 820 1504 6834 4533 2248
670 1445 325 429 1024 351 75 78 0 1488 1719 43 1929 1308 1926 859 3019 2129 252 1341 498 1614 1165 659 88 1405 0 0 0 0 118 322 208 637 192 982 311 438 80 1124 533 1247 3234 4776 5568 1864 2713 2383 2519 5102 4832 3733 5502 7055 8339 6963 2105 5958 6843 5626 3322 4183 5098 4380 2575 2149 453 781 661 0 0 169 529 18 232 1288 2387 1029 320 1034 1111 1495 1412 968 390 568 504 2208 1315 1493 2008 1490 6443 6870 4145 861
0 1012 385 273 92 716 98 25 237 1234 521 0 2363 408 874 2008 336 376 420 315 423 2722 1998 38 14 1687 148 884 0 0 59 552 92 429 691 864 1213 773 385 744 840 1602 2694 4226 5782 1305 1936 1860 3749 2520 1369 2613 8394 5864 7772 3618 6407 8180 7811 6354 1560 8381 3028 5453 3038 123 92 729 361 0 1126 187 0 90 1547 1179 4129 1208 1448 1629 966 1050 477 350 538 302 532 2077 798 1671 3214 5370 1627 5428 681 602
955 784 631 351 0 2836 0 542 2243 506 299 0 1667 3517 1252 1818 132 0 664 1257 1691 1478 1776 235 794 2474 1777 20 0 0 149 731 582 789 468 621 770 790 794 272 603 1632 3201 6873 4907 3536 2146 1928 1749 0 220 5889 7184 7856 7429 7861 6775 8605 7940 1862 5749 8643 7631 5823 109 0 75 228 261 802 1367 0 1282 2784 1554 95 0 1517 317 426 1200 1939 1555 1009 1533 1815 753 421 1860 1424 1111 1569 1143 138 1622 1554
585 1489 825 192 926 1165 0 720 955 361 149 0 2082 4823 1667 1046 54 5 1603 2940 1056 1202 349 503 938 1025 3367 0 14 0 0 325 780 341 503 1056 1565 1845 940 1083 236 576 2637 1653 1634 645 1409 1740 1483 23 56 3739 5754 6175 6627 8196 790 5789 9512 9660 9511 8805 3729 241 0 0 0 0 0 0 66 714 123 1061 692 677 1119 220 467 1665 3657 2870 1007 87 930 680 171 191 591 1025 414 1040 726 596 393 1085
0 242 1854 0 33 493 0 434 1251 987 463 1553 1140 4004 1290 718 0 0 1078 2456 3772 5623 395 1075 1144 2390 3763 1857 1938 1944 781 34 302 408 245 586 237 87 373 731 1167 725 1272 1126 2161 1737 2526 2597 1915 0 0 2052 4328 5252 7915 3613 664 8383 5874 9053 5168 940 0 0 0 0 0 0 0 38 444 475 563 739 1148 460 65 598 3039 3879 2766 1086 475 1184 507 709 888 331 1297 1555 554 942 597 1147 1002 475
839 2025 526 750 404 0 0 438 2183 975 1015 5339 4570 449 140 13 299 0 0 488 862 3382 1246 0 435 1296 2361 2815 1164 1278 2600 216 139 408 922 289 0 0 0 497 904 822 1458 1470 366 631 1994 3378 3727 2531 1227 3011 3733 5764 4848 6259 8964 9358 7324 1273 286 0 0 41 14 0 0 55 61 1096 837 1209 1183 897 488 593 1677 1172 1762 3270 409 241 1195 1049 489 129 257 544 1020 1259 931 899 1409 1042 1793 862
1455 1200 805 760 58 0 43 0 1608 2555 1645 3404 4 0 743 3698 2175 0 607 346 0 25 892 557 526 404 1809 2563 1019 1701 1673 641 620 349 158 991 531 725 1254 434 255 157 807 1337 571 310 2555 1120 2262 2102 2166 2338 2982 1336 2612 3958 8063 3618 1279 75 0 0 0 0 0 0 0 371 14 2100 4536 1592 871 1800 1382 571 1142 1264 1931 1727 951 1956 1046 1695 863 1376 1135 1779 828 689 1207 1093 1512 1239 932 1500
854 2219 640 1603 120 337 0 615 85 2313 4993 2815 156 598 61 2150 2841 41 24 957 240 63 1613 401 867 1361 1651 90 968 1287 2570 2732 1578 521 1075 364 267 97 50 1963 749 429 1288 805 468 429 1353 139 4 15 68 1188 2056 0 1505 951 2610 43 0 792 1035 1119 53 0 1673 2301 575 2815 873 2170 2693 961 2168 1180 618 1020 798 770 1199 1109 1110 608 1259 1332 1342 706 774 992 1001 517 1353 605 1285 1731 1288 2224
1402 3899 997 809 398 218 49 613 329 2791 4724 1540 231 2771 1009 844 6326 369 156 601 877 470 74 391 1579 2222 1552 1614 856 419 389 1529 2131 1933 721 36 63 30 0 341 137 0 120 31 104 0 0 80 0 53 95 516 1840 370 134 24 982 660 563 221 38 1540 2405 3113 2564 1056 1823 1813 2750 1238 797 1750 882 497 735 937 2230 325 401 475 421 88 215 1428 724 1214 1404 4606 1953 2206 948 997 696 361 2096 3519
5038 2314 1168 926 187 2371 1820 1059 344 6081 4989 4165 7020 5438 2063 182 3297 3 0 44 0 0 0 0 748 2395 4257 5050 1484 198 1435 672 442 107 0 0 0 45 0 0 0 39 83 45 290 55 169 133 681 292 474 690 572 511 72 189 0 0 0 0 0 1268 197 941 2551 1624 1320 1683 2062 1967 1612 2401 1678 1602 497 1376 1032 1144 645 1060 324 287 1311 2038 687 886 2375 1941 3234 2372 389 781 739 1779 1153 2637
5062 3023 1217 364 1793 6300 3351 2262 1320 2508 1402 4029 4498 2745 4348 3293 1045 1044 2980 1638 54 0 3032 1160 1745 1523 573 275 2482 1681 238 261 1 0 0 0 28 13 23 331 0 204 132 20 26 46 8 152 0 763 1061 792 627 492 151 83 0 0 0 128 458 1530 2005 1372 2825 2938 2048 2720 2106 1576 591 2523 1025 1175 1212 1057 1766 1143 953 472 672 1332 1879 3428 2588 1642 1645 1067 1209 808 898 1296 1007 534 573 710
3675 2420 1640 247 3112 7969 4298 3231 351 2786 4602 4970 1845 204 87 92 468 3077 3159 2076 0 15 546 256 508 495 1642 1512 754 827 519 0 100 0 8 140 38 396 74 18 113 232 10 119 399 0 0 10 183 33 0 40 137 266 240 487 0 0 74 908 2376 676 1062 3917 2090 3727 1794 3128 3072 1237 1353 2188 2109 1376 957 1083 3177 2074 1295 2186 802 1993 1656 1369 1233 702 537 1178 923 324 844 822 847 1552 1016 774
3382 1091 667 1070 1519 7362 6902 2735 5562 6869 7184 4444 1205 0 0 0 0 1007 1399 2183 294 209 1389 593 1379 908 5 0 0 0 0 0 0 0 123 463 144 0 199 161 475 659 56 0 297 488 84 0 0 0 21 0 0 82 83 231 468 0 220 824 958 1673 1047 2893 2819 3736 1846 3095 223 1493 1297 3791 1208 2634 1652 2201 3149 1599 632 1485 1567 1298 2999 2208 1867 1276 263 228 981 901 1278 1219 1180 1389 1623 1004
3251 1929 1599 376 4003 5690 4359 4535 4729 3266 4291 2807 493 92 0 0 0 0 203 499 799 448 1504 2371 1209 647 325 0 0 0 0 75 230 388 296 84 0 0 0 225 667 355 287 24 0 710 838 316 0 0 0 0 0 0 0 921 1370 1956 645 1967 776 2418 2030 2332 1692 2307 2406 3121 605 2163 950 1767 2032 2678 2234 1572 1971 2030 3547 759 1972 1873 1701 1766 761 1353 582 280 576 1021 1046 1483 1411 1244 1229 1720
4348 5790 1747 0 3156 4630 3971 1596 4448 1301 3460 5115 6845 3266 1044 1 2090 617 632 0 1944 2444 4872 320 618 611 1331 692 133 0 0 408 39 98 1185 843 0 373 1135 445 339 1190 33 0 0 948 206 691 794 1021 0 26 606 712 2510 3525 339 956 976 1406 1399 1650 1372 997 1266 1612 1814 1326 50 0 724 1404 1486 2927 874 2543 1751 2622 2287 832 1262 626 700 937 2035 463 597 754 70 1461 592 1185 1872 1234 620 1111
6133 7797 3680 576 2136 2446 4730 3310 3685 2467 1710 4684 2794 0 1972 804 0 127 2822 265 359 1729 473 1754 903 1131 556 521 556 344 253 1603 123 0 167 503 102 0 1002 0 559 3309 492 102 0 800 862 113 283 193 506 524 2712 1548 546 541 347 1780 928 2918 2334 936 1498 1706 2293 1143 1243 583 63 528 706 1550 859 1444 401 1022 843 1711 1272 936 385 1390 1500 2563 2543 1069 1173 1720 1404 986 1922 996 1133 660 1726 1231
1530 3885 5246 4191 5952 4143 4294 2193 4449 2006 2560 5113 2296 0 0 0 0 0 1111 1123 1355 556 409 1 43 958 592 468 94 0 1218 1893 1016 25 82 137 211 194 2058 0 1152 2737 3838 268 1336 1074 162 281 1902 2342 3767 4853 4254 1986 1739 649 1096 1553 1453 1784 859 1301 2154 2750 2175 2122 861 1426 1736 593 591 907 468 295 324 822 917 1183 942 1359 1918 1882 1144 1719 1751 965 840 240 2328 1804 1160 1811 1162 843 1029 3054
2617 5927 2666 3250 3249 4106 3748 2282 636 0 0 904 1618 0 0 108 1420 182 84 138 435 2176 771 104 211 3 608 8 0 0 31 272 982 1726 355 0 864 532 1962 904 1555 1518 273 548 330 1673 1737 2248 3233 4232 2311 1868 1406 1702 1606 586 1179 788 1027 1908 460 1834 2973 2238 2047 3739 2558 2609 2137 1854 198 968 963 864 756 1716 739 1075 847 1435 1540 2570 2915 2528 1909 695 1224 408 2224 2220 1143 926 2420 473 896 1405
6798 1604 107 805 1938 1464 1049 526 0 0 0 988 4630 0 6 3389 2314 818 3670 1677 731 345 0 0 0 1425 487 389 1208 607 1771 1512 1139 3310 1888 166 1135 1332 156 642 1271 507 1616 1042 374 1083 3403 5916 5247 3245 296 1095 1404 1184 1188 1234 1628 897 862 1863 2022 2109 4553 2943 2383 4067 2787 1471 1162 985 526 543 938 1740 1361 1744 1085 544 1949 1303 2593 878 1170 919 2033 2124 2264 702 532 590 636 1185 3140 704 1040 1655
2467 0 0 1796 1517 0 0 0 0 0 0 149 1083 1528 1404 3733 3049 1017 275 65 0 424 0 0 0 84 266 383 1177 582 789 3440 1653 2738 1433 1915 731 2005 2826 1820 1868 1231 1606 2297 914 1752 4136 3068 2294 3012 1333 881 965 414 2166 1370 593 424 1431 1114 1060 1032 379 1259 1074 922 724 1894 528 953 763 1254 1357 480 1434 3994 2637 578 2308 963 1213 1791 938 223 1395 1454 2422 1411 247 807 858 257 1651 1873 1167 1165
0 0 0 0 0 0 0 0 0 0 0 763 1356 2954 2148 3371 1193 0 108 222 0 1126 0 35 517 1974 1162 1005 411 0 0 822 932 1952 2106 2992 2003 4241 4321 1155 2751 3223 2104 2237 1495 2368 5243 3455 5284 3184 1084 938 1078 474 1663 1816 2459 745 1301 2331 927 1813 573 963 1174 326 0 326 630 942 1611 1987 1622 2169 1552 2017 1483 23 797 2697 1374 1147 792 458 1480 1226 1096 375 986 1751 534 814 1416 1370 1254 1192
2057 4291 1453 2826 0 0 0 0 0 0 100 53 11 1967 1553 11 0 0 396 1086 0 869 493 538 736 292 990 0 0 1483 2706 563 0 1974 3761 1313 172 996 70 68 3990 5438 3874 2219 2481 1332 3393 4944 9468 4994 1120 1347 1409 1114 2460 1539 3233 1599 731 2224 1455 2831 3683 923 368 794 719 671 2017 1729 513 893 1446 641 268 2454 1715 537 400 558 882 1052 825 1310 426 1000 701 591 620 439 177 54 371 1300 1455 2035
2360 2016 1987 191 0 5 2081 1964 981 411 0 0 0 103 1069 0 0 0 73 36 0 1841 2352 1081 1345 2513 3317 202 0 391 100 186 0 142 309 166 0 1060 771 351 3917 3812 4483 2884 2377 2042 2106 5388 2993 1135 1463 1729 677 1131 1079 1628 1288 2284 1370 1282 2201 972 499 411 904 1435 2210 888 854 2213 122 616 578 2401 822 2491 1286 472 1591 2249 1928 1766 1486 2075 404 429 161 1093 103 154 26 51 1041 2398 3054 2773
785 0 0 0 1979 2797 3842 1448 3383 8 0 0 0 0 3230 51 0 0 0 324 2498 1956 2184 5122 3118 2949 3006 0 256 3097 691 0 0 0 1062 1024 1287 699 26 1471 2766 726 1683 2125 2676 1672 2821 3657 778 2161 1730 1569 1128 871 1438 2649 2234 1392 1912 483 1224 903 499 955 521 1597 735 1769 595 1227 346 640 564 503 2005 2312 1701 1142 112 761 503 189 404 1512 1266 862 142 268 33 112 182 82 917 5134 4920 2082
