gis_files/meanticd.asc
ncols         625
nrows         694
xllcorner     895000
yllcorner     515000
cellsize      5000
NODATA_value  -9999
[rows 210 to 239 of 694, columns 134 to 200 of 625]
1.201278 0.466825 0.356725 0.467275 6.304925 13.41012 14.5725 17.97392 17.97392 16.70165 14.9263 6.175525 13.75543 13.75543 13.31835 12.7571 9.932775 2.738425 2.6232 2.6232 2.2758 5.172425 5.172425 3.39415 2.778375 1.7459 1.136975 1.77208 1.77208 1.35775 0.96065 0.924875 1.54725 1.54725 1.045525 1.262475 1.6852 1.6852 0.4225 1.162911 1.162911 0.3301902 0.272375 0.4338 0.4338 0.4524242 2.131492 3.309901 5.092081 5.092081 4.856966 6.139543 6.139543 5.257839 5.249982 4.95981 3.20544 3.20544 2.413075 2.498706 8.119255 8.119255 13.22559 13.99216 13.99216 8.253281 2.401108
0.667825 0.667825 0.58285 2.806125 14.3172 14.3172 17.3995 17.3995 16.10878 11.04838 6.23755 3.719525 13.27112 13.27112 11.74403 11.74403 10.92 10.13972 1.9466 1.023325 1.36285 5.62345 5.62345 3.4463 2.54525 1.156325 2.28801 2.28801 2.286891 2.00935 1.285625 1.8862 1.949375 1.949375 0.69505 0.848025 1.4121 1.4121 0.695025 0.695025 0.47265 0.6439 0.799525 0.799525 0.11 2.303375 2.303375 2.740266 4.336592 4.336592 6.209103 6.209103 6.056107 4.702977 3.289378 1.244363 3.238029 3.238029 3.175701 3.214223 8.359048 11.46168 11.86953 11.86953 12.72642 12.72642 6.425866
0.79945 0.775375 0.775375 7.373625 7.373625 9.6585 19.2016 19.2016 12.45953 8.269625 3.2266 1.82675 11.96755 15.2167 15.2167 14.62553 13.62345 10.46002 1.9271 1.95725 5.513275 11.00535 11.00535 7.4131 3.426425 2.754925 2.780575 2.780575 1.59345 1.977458 2.64255 3.192825 3.192825 1.9244 1.0937 1.0937 0.71515 0.9524 0.9524 0.887925 0.6817297 0.6817297 0.532825 0.532825 0.501725 0.722875 0.9951 2.404899 3.368592 5.493531 6.958754 6.958754 4.334176 3.356477 1.585199 1.180164 1.180164 0.9506545 1.948824 4.377821 7.438779 11.16428 15.08772 15.08772 10.51746 7.425883 8.264958
0.602125 1.231525 1.231525 1.302975 1.302975 10.0097 11.8558 11.8558 0.645025 1.7758 1.7758 3.657625 4.82485 8.151075 13.32683 14.894 14.894 7.5455 4.083525 4.38905 9.688325 9.688325 5.466625 4.381475 3.79245 2.8499 2.8499 2.754924 1.647324 1.43615 2.7209 2.7209 2.445275 1.485825 1.035925 1.035925 0.944225 0.829075 0.829075 1.271475 1.271475 0.95698 0.77415 0.9507 0.977675 0.977675 0.81595 0.9583316 2.628333 8.916644 9.199909 9.199909 3.743778 1.73123 1.870003 3.442352 3.442352 1.219796 0.8693531 1.701971 4.90195 6.9626 12.2059 12.2059 5.037407 1.103691 2.782358
0.666025 1.405 1.405 0.4522 0.819025 1.8896 1.8896 1.18165 0.497425 0.497425 1.010275 2.190625 2.190625 4.42775 10.47052 13.5277 13.5277 2.2502 7.176325 7.176325 6.4465 5.755875 4.16335 4.721425 4.721425 3.09285 2.63595 4.785625 4.785625 2.93915 2.93915 2.481675 1.45045 0.6093233 0.9105 1.279089 1.370775 1.370775 1.229749 1.236636 1.236636 1.162325 0.8232525 1.713535 1.713535 1.160403 0.644475 0.644475 1.501302 5.716214 5.716214 5.046937 3.780792 2.793713 2.860504 2.860504 2.370563 3.467333 3.467333 0.9108284 4.276932 5.473984 6.336334 6.336334 4.813811 1.334566 1.692419
10.35828 1.371025 1.371025 1.0252 1.054525 1.054525 0.3607 0.39085 0.6835345 0.7831 0.7906 1.180225 1.6496 9.26675 12.67375 12.67375 7.859975 1.999575 11.25852 11.25852 6.372525 4.4876 4.4876 3.643175 2.88965 3.2033 3.2033 3.3394 3.3394 2.720875 2.607425 2.607425 1.185375 0.541675 0.5036868 0.7716406 1.347789 1.347789 1.942953 1.942953 1.27286 1.104925 2.04431 2.04431 1.752956 1.752956 0.6738414 1.392751 4.389463 4.389463 4.874179 5.990659 10.57957 11.40389 11.40389 5.181414 2.213259 2.528182 2.528182 2.09823 5.368137 7.618384 7.618384 7.178529 4.070233 1.853358 0.8017276
3.994325 2.3596 2.3596 2.24125 2.357875 2.357875 1.3819 0.3721 0.607675 0.607675 1.033075 1.52435 7.55055 9.399825 9.399825 6.533125 2.3122 2.94115 10.97048 10.97048 8.00785 5.735169 4.1178 3.3975 3.3975 3.374375 3.374375 2.4275 2.722875 2.776875 2.776875 1.853825 1.120025 0.83795 1.47845 1.47845 1.100175 1.100175 1.493957 1.493957 1.338275 2.271577 2.271577 1.424335 1.524899 1.524899 1.353194 3.704134 4.791837 4.791837 2.777462 7.268006 7.949579 8.158608 8.158608 2.197963 1.565478 1.565478 1.493931 2.358511 7.645411 7.645411 2.848801 6.728013 6.728013 6.393486 2.866301
1.371025 1.590175 1.590175 2.2627 2.485975 2.485975 2.31895 1.420075 1.386175 2.0392 2.302075 5.21725 10.22997 10.87813 10.87813 6.69825 3.2275 5.8023 6.694575 6.740875 6.740875 6.094025 2.9357 2.55945 3.203175 3.203175 3.04385 3.74168 3.74168 2.76285 2.58795 1.654725 1.88735 1.88735 1.86375 1.646275 1.1274 0.6485025 1.881875 1.881875 2.385902 4.400755 4.400755 0.6162046 2.912 6.261859 6.261859 2.40087 3.966633 3.966633 5.309703 5.309703 5.030318 5.44537 5.44537 2.901586 2.872594 1.818326 1.362358 6.835076 6.835076 4.53864 2.076171 4.903764 5.652239 5.652239 4.713546
1.640575 1.830925 2.252125 3.9235 5.28235 5.28235 6.50135 6.50135 3.5863 3.5863 6.49355 10.59115 10.59115 7.97155 7.97155 9.53355 9.53355 8.44065 11.22322 14.38945 14.38945 7.5826 1.546975 1.535225 1.82585 1.8569 2.829243 2.829243 2.4246 2.4246 3.78675 4.406375 4.406375 2.386725 1.943975 1.256225 0.8476 0.8476 1.216507 1.216507 1.3287 1.39066 1.574358 1.574358 3.628764 3.628764 2.34257 3.135558 3.135558 1.012039 2.692474 2.692474 2.166304 2.166304 3.9456 3.9456 3.090026 1.631704 5.491454 5.491454 4.98115 3.151048 2.329362 7.698373 7.698373 2.031307 6.059671
3.01435 3.01435 3.67295 6.6778 9.870475 12.61863 12.61863 9.670975 2.411425 1.969675 10.60297 12.17375 12.17375 11.80138 12.3473 14.68083 14.68083 10.7375 8.98225 9.471951 9.471951 5.6682 1.996125 0.787175 0.853975 1.0586 1.249025 1.249025 2.6378 2.6378 4.23505 4.23505 3.144225 2.669575 1.688625 1.58495 1.11135 1.000475 2.924561 2.924561 2.658035 1.656507 1.656507 1.447724 10.41788 10.41788 5.345136 2.333429 2.333429 0.7758982 2.322858 2.322858 2.045328 1.985093 1.985093 1.680539 1.680627 2.833703 2.850925 2.850925 1.468255 2.356288 2.356288 11.02522 11.02522 5.61595 5.027652
2.440675 2.349925 4.36575 10.34705 10.34705 9.7762 3.953225 2.034925 1.1242 1.180675 10.93688 10.93688 11.6806 18.07257 18.07257 15.15715 14.50362 7.425025 9.158257 9.158257 8.407625 7.533475 2.79 2.359775 1.28215 1.395875 1.6701 1.6701 1.8017 2.84915 2.84915 2.608725 1.67795 1.67795 1.353775 1.217225 1.54913 3.376987 3.376987 2.195915 2.195915 1.571325 1.542466 4.802112 4.802112 3.459268 3.369574 3.423962 3.423962 1.052149 2.797874 2.797874 2.226127 2.226127 3.125369 3.125369 3.215995 7.863675 7.863675 4.6249 2.279248 2.627813 2.627813 7.595123 7.595123 3.454527 4.42873
2.009575 0.79705 0.942325 1.102075 2.25655 2.25655 1.65835 1.65835 1.360075 2.234425 8.7509 10.90035 12.91585 13.3033 13.3033 13.95139 13.95139 13.26981 14.56483 14.86258 14.86258 14.29387 4.70185 2.513275 1.77285 1.77285 1.709225 1.86555 3.467754 3.467754 3.46455 1.563425 1.41825 0.9646214 1.469475 1.9498 1.9498 1.903422 2.78558 3.849977 3.849977 2.201447 3.442389 3.442389 0.777899 1.246208 2.724654 2.724654 1.274818 0.9992245 0.9992245 0.9790235 2.602267 3.323025 4.765152 4.765152 8.273459 8.273459 4.055875 4.055875 2.410667 2.410667 1.27576 5.754235 5.754235 4.596478 5.411391
0.673525 0.93595 0.93595 1.40935 1.842406 1.842406 2.12545 2.12545 1.531975 5.392875 13.0097 13.0097 12.6778 14.15693 14.15693 11.20821 15.60184 15.60184 14.77565 17.1009 17.1009 14.82308 3.491975 0.958175 2.229875 2.229875 2.058 2.33475 3.097417 3.097417 1.9645 1.095075 1.16835 1.16835 2.297625 2.297625 1.691432 1.486605 3.241341 3.241341 2.13235 2.877769 2.877769 1.974286 1.384212 1.384212 1.644174 2.093376 2.093376 1.318924 0.6684006 3.554081 3.554081 1.130985 2.633756 2.633756 7.220098 7.220098 6.288517 2.221317 1.910628 1.910628 2.445346 6.32265 6.32265 6.009445 5.701117
0.786475 1.466725 1.466725 1.49545 1.49545 1.471525 1.806175 2.056 6.79435 13.51587 13.51587 11.52962 12.2935 12.2935 15.08149 16.3883 16.3883 16.68948 16.68948 12.4527 16.59788 16.59788 5.793425 0.847975 2.45635 2.45635 2.209225 1.564275 1.4312 0.9706 0.9283749 0.9283749 1.22985 1.22985 2.25864 2.25864 2.16913 3.643481 3.643481 1.653832 1.653832 2.002651 3.18994 3.18994 3.073325 1.687167 1.885571 1.885571 1.783103 1.321354 0.4530141 1.696205 1.696205 2.37008 2.891211 3.16125 4.112924 4.112924 2.270364 0.8797917 0.8797917 2.049792 3.60806 5.565152 6.978503 6.978503 8.477049
0.63205 1.2739 1.89715 2.826525 6.404425 6.404425 3.185126 1.6388 9.380625 12.62782 12.62782 12.95725 14.92447 14.92447 13.48652 16.17645 16.17645 13.80872 18.76797 18.76797 13.90953 12.18801 1.702115 1.139355 1.582575 2.1082 2.1082 1.660325 1.168375 1.00755 0.6653 1.356505 1.587178 1.976575 2.4008 3.06046 3.343469 3.343469 4.146406 4.146406 3.760903 0.8746966 0.8746966 0.8953 1.014606 1.014606 1.503219 1.503219 4.489655 4.489655 2.495319 2.03256 2.059121 2.059121 2.591011 5.418021 5.418021 2.763491 2.763491 2.871504 7.382475 10.28347 10.28347 5.201126 7.394125 7.394125 5.426574
0.739975 0.719725 6.8367 14.39978 14.39978 16.01085 17.75575 17.75575 11.3252 13.55258 13.55258 13.20385 12.57092 11.04912 10.41969 10.41969 9.339549 13.02835 17.2726 17.2726 18.33972 18.33972 3.033545 1.060695 1.1196 1.533325 1.74365 1.74365 1.70705 1.70705 1.255025 1.445307 2.53608 3.33257 3.33257 3.17981 2.001493 2.426134 2.426134 1.248553 2.308133 2.308133 0.9716525 0.9716525 0.9239593 0.5900932 1.037519 2.876448 3.462257 3.462257 2.733785 1.47915 1.364796 2.601429 2.601429 1.6118 1.800252 2.391335 3.255879 3.8404 8.142025 8.142025 4.59706 5.814524 8.273949 9.474494 9.474494
0.756475 0.7216 3.741125 4.20965 4.20965 4.114575 2.317925 8.689625 14.26062 14.26062 12.65973 12.68465 12.68465 10.96938 10.42677 8.894115 12.02272 17.02843 17.65951 18.37198 18.37198 16.11744 2.502385 1.946885 2.75621 2.75621 1.785233 1.349977 0.985825 1.412557 2.44148 2.44148 2.59096 2.662408 2.662408 1.472935 2.237453 2.237453 2.973265 3.243875 3.243875 2.925055 1.221707 1.338323 1.338323 1.322955 2.088245 2.088245 2.936563 2.936563 1.589113 1.957211 2.065402 3.492478 3.492478 3.203392 3.463935 3.463935 4.318503 4.752949 4.752949 3.333475 3.757609 5.891606 7.125155 7.125155 6.152002
0.61495 0.613 0.5884 1.591225 1.591225 4.34325 15.48083 15.48083 14.9683 11.39563 12.36777 12.36777 12.08885 13.34943 13.34943 12.95978 14.0118 17.65717 17.65717 16.52042 16.52042 14.72505 4.70757 1.205283 2.261713 2.261713 1.204203 1.063012 1.208505 1.466775 3.122857 3.122857 1.787255 1.787255 1.940798 2.716583 2.716583 0.3015567 2.774623 2.774623 2.255975 1.255653 0.6624623 1.322988 1.322988 0.8292753 1.687188 2.211675 2.211675 4.086833 4.086833 3.616108 1.975244 5.087908 5.087908 8.421651 8.421651 6.1889 5.206623 4.271172 6.530425 6.530425 3.717102 6.623176 6.623176 6.535068 4.41245
0.9866 0.637525 0.85495 1.43515 7.856025 20.14433 20.14433 18.96035 13.21933 13.21933 10.4125 14.1089 14.1089 14.1229 16.42205 16.50775 17.65252 17.65252 13.19285 13.15826 14.4483 14.4483 1.349665 2.33804 2.33804 2.061875 1.04273 1.04273 0.81258 1.69225 2.169575 2.720664 2.720664 1.990195 3.024255 3.024255 0.3825459 3.091187 3.095125 3.095125 1.578875 0.3834475 1.470875 2.600462 2.600462 1.748819 2.945272 2.945272 2.65807 3.666525 3.666525 0.623316 0.623316 3.543026 3.543026 2.97225 2.97225 2.739718 3.4 5.133896 10.09478 10.09478 6.573587 8.241471 8.241471 7.661594 7.091525
17.1311 16.0385 14.9644 11.25345 16.55073 20.1369 20.57435 20.57435 13.89835 11.06297 12.2102 12.2102 16.3371 16.3371 15.45095 15.45095 16.56775 16.56775 11.53716 15.16058 15.16058 10.30708 3.072465 3.138653 3.138653 1.659855 1.13625 1.13625 1.467303 1.48385 2.639733 2.639733 1.707812 3.847925 3.847925 3.574969 2.57258 2.57258 2.213603 2.213603 0.536455 0.6700025 2.18295 2.18295 1.326928 0.5192814 0.4135465 1.063333 3.472387 3.472387 3.14798 3.14798 1.876007 1.87184 1.87184 3.064158 3.064158 2.39243 4.3375 10.14961 11.27663 11.27663 8.454427 9.738451 10.7266 10.7266 5.684775
20.89159 18.88643 16.38333 16.17645 17.7017 17.7017 17.3057 16.62482 16.62482 8.024475 7.38605 11.39305 13.03 14.3576 16.49893 16.49893 16.4489 16.4489 13.9009 9.325485 8.275945 5.69838 2.895665 2.476108 2.383043 0.9170675 0.89522 2.123605 2.123605 3.2774 4.46115 4.46115 2.337139 3.80826 5.235583 5.235583 1.013677 0.628025 0.628025 0.566275 0.939975 0.939975 1.117028 1.117028 0.874775 0.5796734 1.1326 1.1326 6.299957 7.74938 7.74938 2.534922 1.650638 1.874548 4.475475 5.376156 7.419138 7.419138 6.099499 6.099499 13.02515 13.947 13.947 13.66166 11.43941 9.624024 5.50745
19.48098 19.48098 17.11295 18.1592 19.23715 19.23715 17.449 13.12725 15.2018 15.2018 11.0727 9.513875 11.36245 11.36245 12.90368 12.90368 13.44946 13.44946 11.64356 11.64356 9.214983 4.911228 2.610288 2.606045 2.359995 1.088323 1.088323 0.8591275 2.3078 2.7959 6.245945 6.245945 4.357142 3.253821 3.253821 1.948023 2.2977 2.2977 2.274627 1.289455 2.733321 2.733321 2.55266 0.70355 1.047958 1.739263 1.739263 1.117846 5.796811 6.208929 6.208929 3.102934 6.329596 16.221 16.221 10.58955 7.622807 6.809175 6.423995 7.72485 15.6251 15.6251 14.03014 7.290906 7.161692 8.95255 8.95255
19.99948 19.99948 15.8876 17.19357 18.98288 18.98288 7.0088 6.341925 15.2602 16.1776 16.1776 13.94348 14.03188 14.03188 11.53885 10.39077 8.445937 7.88201 12.90207 12.90207 9.718671 3.061263 2.49456 1.164917 0.68116 0.68116 0.42213 1.05145 5.0448 5.0448 3.30963 2.254807 2.589244 2.92387 2.92387 1.660975 1.793612 2.965482 2.965482 2.38209 1.863788 1.863788 1.638277 1.638277 3.58905 3.58905 3.039243 1.316878 0.9703675 2.414688 2.414688 3.087705 3.087705 4.595563 12.41901 12.41901 8.577187 7.416065 7.763952 12.3833 13.97868 13.97868 6.670585 6.955896 6.955896 5.825082 4.639125
22.3926 22.3926 19.5827 17.41708 8.964075 1.7649 1.40635 5.6965 15.8293 15.8293 15.955 15.955 9.882125 4.87315 6.04975 6.04975 5.11846 8.253182 14.42509 14.42509 2.189218 1.005386 0.89975 0.89886 1.387483 3.722988 3.722988 0.9115815 4.157465 4.157465 3.42129 3.42129 3.208655 2.704088 1.487927 3.617905 3.617905 2.84701 3.030065 3.030065 0.5683417 5.194967 5.194967 4.091935 3.45945 3.45945 3.211965 2.083875 2.083875 1.887897 1.887897 4.401835 4.401835 6.415139 8.244949 8.249791 11.64113 12.06918 13.11453 14.7927 14.7927 9.202369 7.721511 6.67622 4.462984 6.002571 6.002571
12.64663 12.64663 7.502967 1.57243 1.879 2.580475 2.580475 2.574175 7.810927 16.03698 16.03698 12.435 8.195075 3.171025 2.962317 2.719975 2.349005 11.33912 12.04428 12.04428 3.040118 2.499197 2.499197 0.5523425 2.058058 2.3085 2.3085 2.021825 4.631147 4.631147 4.866083 4.866083 2.50956 1.525352 1.552652 3.368132 6.392765 6.392765 4.819205 2.696667 3.20197 5.271358 5.271358 1.89819 1.335382 2.906398 2.906398 1.730623 1.320251 1.730305 2.600753 2.600753 8.398299 8.398299 7.354974 8.684683 9.510156 9.510156 8.75491 9.024239 9.024239 8.411473 8.571689 8.571689 6.763245 6.258861 5.353189
0.7615748 0.7615748 1.544545 1.544545 1.527025 2.088325 2.683675 2.683675 1.070575 8.857075 13.466 13.466 9.244576 3.0088 2.671788 2.671788 1.64258 9.843158 11.23697 11.23697 3.103978 3.103978 1.833643 0.890375 0.52858 1.167865 1.167865 0.7832755 2.15789 4.116622 4.116622 3.318105 2.59709 1.948647 2.46097 2.46097 2.30063 2.30063 1.30695 4.257493 4.257493 5.294978 5.294978 4.424603 2.332275 1.664536 1.891609 1.891609 1.758418 2.556063 3.063051 3.063051 2.912713 5.1677 10.91263 10.91263 7.993595 7.993595 7.56441 7.56441 5.732997 5.732997 7.634405 7.634405 5.483424 4.284317 2.160742
1.420398 1.420398 2.5603 2.5603 3.0292 3.0292 1.9213 1.737025 1.40425 13.51418 14.07528 14.07528 7.314658 3.505371 5.002286 5.002286 1.031399 5.021405 9.394547 9.394547 4.544538 2.306585 3.819398 3.819398 1.51312 0.45079 0.8332775 1.134063 3.105515 3.105515 5.156278 5.156278 3.653428 1.25108 1.144936 2.641703 3.477473 3.477473 2.288595 2.288595 1.516007 2.392984 2.392984 1.349714 1.349714 2.356348 2.718472 2.718472 2.933709 2.933709 2.483556 7.184508 8.404214 8.404214 8.853168 8.853168 6.756343 4.218079 4.258302 5.61886 5.674206 5.674206 9.313793 9.313793 6.193929 3.886917 4.402175
1.432225 1.926475 1.926475 2.6683 2.6683 2.515 1.737475 1.51405 4.452675 20.1495 20.1495 13.74498 13.74498 7.636126 7.636126 3.056674 1.301118 1.791485 13.50749 13.50749 5.99253 3.455188 3.7373 3.7373 1.827597 1.228733 2.84153 2.84153 2.056437 1.94303 5.087703 5.087703 2.778877 1.272552 1.887907 2.545295 2.545295 4.57176 8.820004 8.820004 8.26973 7.866945 7.866945 0.7281049 0.6406516 1.45348 1.837278 3.275128 3.528149 3.528149 2.033869 3.04899 9.264294 10.53388 10.53388 7.23463 7.23463 7.7465 7.7465 7.030431 7.3316 7.3316 4.761188 6.681173 8.118401 8.118401 6.133243
2.036322 2.036322 2.198875 2.33305 2.33305 1.642675 0.93925 1.0687 11.0546 18.44491 18.44491 13.23385 7.376353 1.66255 0.569425 1.336705 1.336705 1.786665 6.978075 6.978075 5.334788 5.493553 5.493553 4.630638 2.109403 4.573335 4.573335 1.59703 2.388745 4.694304 4.694304 3.907163 3.907163 3.855835 4.012298 4.012298 2.014905 4.021662 6.451498 6.451498 6.798608 6.798608 2.23886 0.535825 2.91615 6.159549 6.159549 2.458275 3.529341 3.529341 2.553725 2.553725 7.820669 7.820669 7.108683 7.373976 7.373976 5.591257 7.958189 7.958189 6.443651 7.096156 7.096156 5.8413 5.915905 5.915905 8.790755
1.472828 2.674675 2.782025 2.97325 2.97325 1.5124 1.119775 4.084725 19.26948 19.98993 19.98993 15.60657 6.517083 7.86816 7.86816 4.660605 4.660605 6.106605 6.677993 6.677993 5.988353 5.988353 3.561865 2.992795 1.085325 5.072673 6.083623 7.161136 7.161136 3.834806 3.987253 3.987253 3.53416 3.98405 4.001715 4.001715 3.172802 5.90359 6.720257 6.720257 5.170995 6.445065 6.445065 2.84391 7.50875 7.50875 4.034687 3.432618 4.715434 5.924639 5.924639 5.5225 4.664848 4.664848 2.771362 5.001559 5.8225 6.04795 6.119364 7.384925 7.876489 7.876489 9.99875 9.99875 6.577402 8.447772 8.447772
