gis_files/meantocd.asc
ncols         625
nrows         694
xllcorner     895000
yllcorner     515000
cellsize      5000
NODATA_value  -9999
[rows 180 to 209 of 694, columns 544 to 611 of 625]
15.50679 14.67162 16.93361 16.93361 16.78788 12.77195 11.90769 11.90769 11.75539 11.74 12.40005 16.52591 17.18637 17.18637 8.07747 8.737071 14.13504 14.27252 14.27252 19.93283 19.93283 20.61755 20.61755 14.9032 12.07041 10.76073 16.98588 16.98588 13.92175 18.51834 18.51834 14.1546 13.02153 13.02153 14.6695 14.6695 15.66708 15.66708 11.93705 11.93705 -9999 -9999 -9999 -9999 -9999 -9999 -9999 -9999 -9999 -9999 -9999 -9999 -9999 -9999 -9999 -9999 -9999 -9999 -9999 -9999 -9999 -9999 -9999 -9999 -9999 -9999 -9999 -9999
16.08075 16.08075 15.94827 14.69308 12.30395 11.71936 11.74972 11.74972 11.74 11.74 12.76341 12.76341 17.74446 18.03616 18.03616 12.26287 17.30424 18.1173 18.1173 17.43048 17.43048 17.37755 20.2787 20.2787 16.17213 12.59793 11.59705 11.59705 11.62492 20.21435 20.21435 3.734648 16.63372 16.63372 14.93198 15.40408 17.33633 17.33633 14.38692 10.58135 10.58135 -9999 -9999 -9999 -9999 -9999 -9999 -9999 -9999 -9999 -9999 -9999 -9999 -9999 -9999 -9999 -9999 -9999 -9999 -9999 -9999 -9999 -9999 -9999 -9999 -9999 -9999 -9999
15.68148 13.39742 15.46758 15.46758 12.75025 11.74 11.74 11.74067 12.4807 12.4807 12.30655 11.72327 13.82758 17.56402 17.5974 17.5974 14.85886 18.58481 18.58481 15.32095 15.32095 17.88498 17.88498 18.00313 18.00313 12.74642 11.39415 10.65826 17.84728 18.08538 18.08538 15.19406 16.63414 16.63414 17.59698 17.59698 9.731582 13.95377 14.29028 14.29028 9.17645 -9999 -9999 -9999 -9999 -9999 -9999 -9999 -9999 -9999 -9999 -9999 -9999 -9999 -9999 -9999 -9999 -9999 -9999 -9999 -9999 -9999 -9999 -9999 -9999 -9999 -9999 -9999
16.63255 14.47062 12.058 11.74 11.74 11.69074 11.6962 11.72238 11.76182 15.21705 15.21705 14.5602 11.93912 12.02638 13.79635 17.53229 17.53229 19.62953 19.62953 14.7034 13.12206 15.57125 15.57125 17.80735 18.43591 18.43591 12.003 14.62123 17.38779 19.192 19.192 18.36287 18.36287 19.39892 19.39892 18.31898 17.22339 16.24842 12.15966 4.074375 -9999 -9999 -9999 -9999 -9999 -9999 -9999 -9999 -9999 -9999 -9999 -9999 -9999 -9999 -9999 -9999 -9999 -9999 -9999 -9999 -9999 -9999 -9999 -9999 -9999 -9999 -9999 -9999
16.94349 16.7489 14.43503 12.40445 12.40445 11.74 11.72698 11.72698 11.74 12.97812 17.59393 17.59393 17.13671 16.88801 15.31973 14.29163 17.2851 17.2851 17.16054 17.16054 16.86748 12.3121 14.00582 15.73723 18.2364 18.2364 11.61955 16.40815 16.40815 13.5318 13.5318 11.64176 12.32608 16.74072 16.74072 16.49701 17.25971 17.25971 0.005072464 -9999 -9999 -9999 -9999 -9999 -9999 -9999 -9999 -9999 -9999 -9999 -9999 -9999 -9999 -9999 -9999 -9999 -9999 -9999 -9999 -9999 -9999 -9999 -9999 -9999 -9999 -9999 -9999 -9999
16.8723 15.46692 13.21443 13.21443 12.37495 11.74 11.74 11.73105 11.70867 11.7409 13.18151 15.16141 15.16141 18.02974 18.02974 18.28453 18.28453 15.98954 15.98954 19.01596 19.01596 18.03288 12.87757 12.25043 16.45711 16.45711 11.91737 11.57613 11.58418 11.74 13.64456 15.25129 15.25129 16.4545 17.43311 17.43311 16.35588 16.35588 -9999 -9999 -9999 -9999 -9999 -9999 -9999 -9999 -9999 -9999 -9999 -9999 -9999 -9999 -9999 -9999 -9999 -9999 -9999 -9999 -9999 -9999 -9999 -9999 -9999 -9999 -9999 -9999 -9999 -9999
16.16597 16.16597 11.7619 12.0991 12.0991 11.74 11.74 11.74 11.74 11.71274 11.74 12.771 13.48732 13.48732 14.1918 14.1918 16.87636 16.87636 14.46902 13.67344 13.67344 16.50464 16.50464 13.7031 11.7313 11.74 11.74 11.71463 13.49305 13.49305 17.03031 17.03031 17.67904 17.67904 16.26357 18.33305 18.33305 12.57585 -9999 -9999 -9999 -9999 -9999 -9999 -9999 -9999 -9999 -9999 -9999 -9999 -9999 -9999 -9999 -9999 -9999 -9999 -9999 -9999 -9999 -9999 -9999 -9999 -9999 -9999 -9999 -9999 -9999 -9999
16.53288 16.53288 13.3384 11.74 11.74788 11.74788 11.74 11.74 11.74 12.32372 12.32372 11.74 12.22127 13.9153 13.9153 12.06549 16.58703 16.58703 16.49563 12.62013 11.7019 12.55842 12.55842 11.84609 11.71972 11.74 11.74 13.06089 18.00153 18.00153 17.2437 17.2437 11.59096 11.59096 9.417915 10.36012 10.36012 -9999 -9999 -9999 -9999 -9999 -9999 -9999 -9999 -9999 -9999 -9999 -9999 -9999 -9999 -9999 -9999 -9999 -9999 -9999 -9999 -9999 -9999 -9999 -9999 -9999 -9999 -9999 -9999 -9999 -9999 -9999
15.06721 15.06721 11.74 11.74 11.74607 11.74607 11.74 11.74 11.74 11.74 12.67431 12.67431 11.6844 11.75562 11.75562 11.77572 15.40758 15.40758 17.32876 17.32876 13.02962 11.79081 11.74 11.71978 11.71978 11.66214 11.61619 11.72412 15.15234 15.15234 14.35306 14.35306 12.79043 14.34923 14.36257 14.36257 5.251288 -9999 -9999 -9999 14.25531 14.25531 4.8532 6.54 6.54 -9999 -9999 -9999 -9999 -9999 -9999 -9999 -9999 -9999 -9999 -9999 -9999 -9999 -9999 -9999 -9999 -9999 -9999 -9999 -9999 -9999 -9999 -9999
15.66556 15.66556 11.74 11.71978 11.9596 11.9596 11.80277 12.20165 12.20165 11.7454 11.74 11.63888 11.69483 11.69483 11.69955 12.0874 13.76567 14.84892 14.84892 13.84432 13.56865 13.55533 11.86667 11.74 11.74 11.74 11.69598 11.9705 13.48822 14.68282 14.68282 15.54058 15.54058 13.59673 16.26402 16.68649 -9999 -9999 14.83493 14.83493 10.49609 14.07872 14.07872 17.01897 17.01897 0.4834 7.123827 16.03196 -9999 -9999 8.70279 8.70279 8.445415 -9999 -9999 -9999 -9999 -9999 -9999 -9999 -9999 -9999 -9999 -9999 -9999 -9999 -9999 -9999
14.88285 11.9851 11.74 11.74 12.748 12.96518 12.96518 11.7418 11.74067 11.74 11.74 12.43866 12.43866 11.75077 11.65329 11.71978 14.0334 14.0334 12.49078 11.72045 11.73462 11.7639 11.7639 11.74 11.74 11.74 11.74 11.72955 11.73671 11.74 11.74 16.17317 16.17317 13.67184 14.99414 14.99414 9.584091 0.4990909 13.01906 15.32518 15.32518 13.44128 12.30419 17.51419 17.51419 15.98136 12.46739 16.26336 16.26336 11.30129 12.75506 15.87016 15.87016 13.21628 0.5015 0 -9999 -9999 -9999 -9999 -9999 -9999 -9999 -9999 -9999 -9999 -9999 -9999
11.74135 11.74135 11.74 11.74 11.74135 11.74135 11.71768 11.74 11.74 11.74 11.74 11.74 11.70038 11.74 11.9139 11.9139 11.7764 11.81145 11.81145 11.7582 11.74 11.7331 11.7331 11.70897 11.70027 11.70027 11.72229 11.74 11.74 12.30722 14.39223 14.39223 13.42921 13.07881 13.80559 13.80559 14.57296 14.57296 13.17792 13.74085 13.74085 12.3126 14.66754 14.66754 18.56328 18.56328 14.74586 14.74586 16.25546 16.25546 11.18926 18.88623 18.88623 15.94564 15.94564 3.684634 0.1705882 -9999 -9999 -9999 -9999 -9999 -9999 -9999 -9999 -9999 -9999 -9999
14.47398 14.47398 11.7454 11.74 11.74 11.74 11.7534 11.7534 11.65416 11.74 11.864 11.864 11.86872 11.86872 11.78188 11.78188 11.74 11.74 11.7759 11.7759 11.71243 11.74 11.76235 11.76235 11.6763 11.69145 11.69145 11.70874 11.7311 11.74 11.74 11.66744 11.72432 13.81404 14.38426 14.38426 15.4074 15.4074 13.33272 13.33272 11.78495 11.78937 16.16552 16.85921 16.85921 14.28227 10.74103 9.743929 16.22251 16.22251 12.96821 18.28669 18.28669 12.82039 8.416915 8.416915 6.091875 -9999 -9999 -9999 -9999 -9999 -9999 -9999 -9999 -9999 -9999 -9999
16.88568 15.66378 11.74 11.74 11.67933 11.74 11.74 11.71978 11.71978 11.68065 11.59842 11.6894 11.69955 11.74 11.74 11.8485 11.8485 11.90627 11.95489 11.95489 11.54191 11.7408 11.7408 11.70259 11.59548 11.67363 11.68126 11.74 11.74 11.6822 11.68348 11.68427 11.74 15.30788 15.30788 14.60442 14.18683 14.18683 11.90221 11.90221 11.7331 14.0151 14.0151 13.91846 12.26232 16.48466 16.48466 9.086464 5.043067 12.8093 12.8093 11.815 14.15593 15.80172 15.80172 13.20333 6.369286 -9999 -9999 -9999 -9999 -9999 -9999 -9999 -9999 -9999 -9999 -9999
16.3345 12.748 11.74 11.74 11.61865 11.81145 12.5974 13.70487 13.70487 11.74 11.63695 11.96645 11.96645 11.74 12.03922 12.03922 11.74 12.3765 12.3765 11.74942 11.74942 11.7435 12.7607 12.7607 11.0292 11.40846 11.68048 11.7262 11.7262 11.8563 11.8563 11.56495 12.93657 12.93657 12.92558 12.34567 12.34567 13.66037 13.66037 12.61918 11.7175 13.122 13.122 12.57155 15.81158 15.81158 15.06913 5.654808 11.69251 11.69251 11.5904 12.47147 20.36694 20.36694 12.51118 12.51118 7.762632 -9999 -9999 -9999 -9999 -9999 -9999 -9999 -9999 -9999 -9999 -9999
14.25035 11.74022 11.77572 11.77572 11.69063 13.96307 15.41967 15.41967 13.95495 12.09725 11.65817 11.74 11.74 11.74 11.73527 11.70701 11.74 11.74 11.7413 11.7413 11.85253 11.85253 12.90934 12.90934 12.63551 10.2471 11.85047 11.85047 11.77509 11.96224 11.96224 11.84096 11.5019 11.74 11.85341 12.72036 12.72036 14.76885 14.76885 14.14812 11.76716 11.64297 11.6218 11.53543 13.21155 15.3226 15.3226 12.82694 13.45328 13.45328 11.70547 17.93173 17.93173 15.55122 8.069167 8.069167 0.05945946 -9999 -9999 -9999 -9999 -9999 -9999 -9999 -9999 -9999 -9999 -9999
12.03177 11.74 11.7555 11.7555 11.68328 14.3122 14.3122 12.7403 14.84449 14.84449 11.90457 11.7139 11.74 11.74 11.74 11.6901 11.71978 11.71978 11.5881 11.58705 11.4542 11.36026 11.77432 12.65664 12.65664 8.1228 11.61287 11.61287 11.4714 11.67819 11.67819 11.66068 11.74 11.74 11.72338 11.67678 11.67678 15.43615 15.43615 11.76023 11.76023 11.56692 11.60532 11.72022 14.764 14.764 13.09935 12.64579 13.74477 13.74477 14.07265 18.10374 18.10374 8.437222 1.1005 1.1005 0.2814667 0.2814667 -9999 -9999 -9999 -9999 -9999 -9999 -9999 -9999 -9999 -9999
15.03705 11.74158 11.82695 11.82695 11.92805 14.70241 15.04862 15.04862 14.14949 14.14949 12.06233 11.67325 11.74 11.74 11.71967 11.50231 11.70348 11.70348 11.54972 12.31624 12.31624 10.92787 11.9623 12.09542 12.09542 8.938839 11.6659 12.35503 12.35503 11.85681 11.66268 11.6859 11.6859 11.58643 11.70915 11.70915 11.69064 11.75521 11.75521 11.68409 11.68409 11.67985 11.60286 11.6722 14.49207 14.49207 14.89746 14.89746 12.4279 12.4279 13.07399 17.52552 17.52552 4.347206 6.592728 6.592728 0.3376389 -9999 -9999 -9999 -9999 -9999 -9999 -9999 -9999 -9999 -9999 -9999
12.47643 11.89143 11.74 12.09725 13.52625 14.09785 14.36168 14.36168 12.91893 12.34732 11.84717 11.85524 11.85524 11.65104 11.74 11.74 11.8884 11.8884 12.08117 12.20637 12.3235 13.10752 13.10752 12.05755 10.90346 8.427497 8.546619 8.546619 9.215153 11.55194 11.82457 11.82457 11.77096 11.77096 11.62652 11.68603 11.73837 11.78132 11.78132 11.73098 11.73098 11.7088 11.7088 11.707 11.58965 11.19957 11.84885 14.39238 14.39238 12.57082 12.73983 16.88007 16.88007 13.6217 13.6217 7.225528 0 0 -9999 -9999 -9999 -9999 -9999 -9999 -9999 -9999 -9999 -9999
11.8829 12.10802 12.6129 12.6129 12.95465 14.91953 15.34822 15.34822 13.56197 12.09725 12.1687 12.1687 11.8829 11.74 11.74 11.73314 11.73314 11.48539 11.65469 11.65469 10.97428 13.36194 13.61968 13.61968 9.156589 12.86197 12.86197 8.602469 8.1154 11.15493 12.9968 12.9968 12.30225 11.36362 10.96983 11.98435 11.98435 11.81145 11.81145 11.74 11.77627 11.77627 11.87542 11.87542 11.6407 11.23798 11.23798 12.71144 12.71144 11.66982 12.83352 18.55978 18.55978 14.99267 9.016798 -9999 0 -9999 -9999 -9999 -9999 -9999 -9999 -9999 -9999 -9999 -9999 -9999
11.91995 11.93545 12.09725 12.09725 12.38305 15.4554 16.027 16.027 15.27678 12.49022 11.74 11.74 11.74 11.74 11.74923 11.74923 11.48485 10.00568 12.50371 12.50371 11.98524 12.78604 13.70149 13.70149 9.017659 12.13689 12.13689 13.11751 13.32484 13.32484 12.46307 11.93788 11.28321 9.890651 9.363475 12.16512 12.16512 11.81407 11.71579 11.74 11.74 11.74 11.77052 11.77695 13.34657 13.34657 13.33282 11.3911 11.4523 11.45401 11.91542 14.2662 14.2662 13.84082 3.852935 -9999 -9999 -9999 -9999 -9999 -9999 -9999 -9999 -9999 -9999 -9999 -9999 -9999
11.80643 12.10035 12.69985 12.69985 13.09755 13.13328 13.13328 13.84777 13.84777 12.09725 11.7262 11.7262 11.7193 11.72606 11.80346 11.80346 9.436015 8.7066 12.64687 12.64687 13.81508 15.66072 15.66072 11.95494 10.502 23.90592 23.90592 21.80881 17.21919 20.69622 20.69622 9.449377 9.449377 9.373491 11.05442 11.05442 9.487347 9.891832 11.7206 11.7206 11.7261 11.7261 11.77581 13.11539 13.9752 13.9752 12.61793 12.34822 14.96593 15.00474 15.00474 11.70502 11.44687 -9999 -9999 -9999 -9999 -9999 -9999 -9999 -9999 -9999 -9999 -9999 -9999 -9999 -9999 -9999
11.88579 12.5298 12.5298 12.1704 11.7193 12.22112 12.22112 11.7262 11.74 11.74 11.66937 11.74 11.74 11.74419 11.74419 11.27204 10.40374 7.63077 9.702178 12.60035 13.03172 14.439 18.02442 18.02442 15.88803 16.12284 21.04751 21.04751 20.35125 14.85021 10.89274 9.025093 10.05817 11.12849 11.34627 11.34627 11.95066 13.41351 13.41351 11.80547 11.75554 11.84027 12.60421 12.60421 13.5226 13.5226 13.00483 14.65524 14.65524 15.03709 15.03709 12.21912 10.21573 -9999 -9999 -9999 -9999 -9999 -9999 -9999 -9999 -9999 -9999 -9999 -9999 -9999 -9999 -9999
12.00508 12.00508 11.90552 11.84717 11.7331 11.89915 11.89915 11.76882 11.7331 11.7331 11.4863 11.6986 11.6986 11.74 11.74 11.71197 11.46062 10.0118 10.38779 12.06775 12.06775 14.64621 15.30998 15.30998 16.78997 17.35388 18.24186 18.24186 15.51509 12.28092 10.71093 12.14834 13.26202 13.26202 9.634159 10.24155 12.8751 12.8751 11.87442 11.87442 11.76549 11.90095 11.90095 11.86265 14.9592 14.9592 13.00243 14.4629 14.4629 19.71869 19.71869 15.73857 -9999 -9999 -9999 -9999 -9999 -9999 -9999 -9999 -9999 -9999 -9999 -9999 -9999 -9999 -9999 -9999
11.79779 11.76394 11.74 11.74 11.74 11.74 11.7262 11.39865 11.53085 11.53085 11.64611 11.64611 11.6587 11.73068 11.73068 13.74319 13.74319 15.42421 15.42421 9.069214 8.519172 10.64865 10.64865 8.787239 9.933352 12.57912 12.57912 8.85957 9.054792 11.511 12.81182 12.81182 12.17706 12.17706 10.85137 10.46157 14.22713 15.63228 15.63228 11.87502 11.74 11.74 11.74 11.7417 13.49057 13.49057 12.64167 12.64167 11.20093 3.606774 8.052096 -9999 -9999 -9999 -9999 -9999 -9999 -9999 -9999 -9999 -9999 -9999 -9999 -9999 -9999 -9999 -9999 -9999
11.74 11.79122 11.79122 11.74 11.7262 11.74 11.74 11.62635 11.7262 11.7262 11.74 11.74 12.10594 17.456 17.456 15.17289 15.17289 14.3214 6.783815 6.783815 7.314383 7.314383 7.159189 13.57465 13.57465 13.37236 9.696938 8.995391 8.995391 9.665881 11.48127 11.48127 9.76302 9.509689 11.60503 12.86291 13.43287 13.43287 12.40432 11.82853 11.71476 11.72606 11.76072 11.76072 12.43986 15.58 15.58 17.39756 17.39756 16.07288 -9999 -9999 -9999 -9999 -9999 -9999 -9999 -9999 -9999 -9999 -9999 -9999 -9999 -9999 -9999 -9999 -9999 -9999
11.74 11.74 11.7193 11.7193 11.7331 11.7331 11.74 11.74 11.74 11.74 12.49201 13.15713 14.66878 17.74636 17.74636 17.29906 17.29906 5.959077 5.341449 4.499352 11.92713 11.92713 16.19486 16.65538 16.65538 17.13362 17.43563 17.43563 11.15278 8.62809 11.70323 11.70323 10.58058 9.866654 10.20059 11.24846 13.13927 13.13927 12.72819 11.88826 11.75944 11.72616 11.70429 11.73048 12.14062 12.14062 12.01367 10.02871 12.64819 12.64819 -9999 -9999 -9999 -9999 -9999 -9999 -9999 -9999 -9999 -9999 -9999 -9999 -9999 -9999 -9999 -9999 -9999 -9999
11.74 11.69767 11.68805 11.71762 11.71762 11.71728 11.69697 11.7193 11.73143 14.13054 15.64253 15.64253 17.06709 17.06709 16.52726 16.11218 9.866297 4.635691 5.479467 12.90512 12.95365 13.19895 21.77361 21.77361 19.72967 17.90854 16.00305 16.00305 12.71576 8.969178 9.70511 10.73294 10.91204 11.82516 12.86757 12.86757 12.7699 12.7699 12.61751 11.94582 11.68774 11.65312 11.67303 11.67303 11.65922 11.68827 11.7486 11.7486 12.09399 12.09399 -9999 -9999 -9999 -9999 -9999 -9999 -9999 -9999 -9999 -9999 -9999 -9999 -9999 -9999 -9999 -9999 -9999 -9999
11.64423 11.67465 11.74 11.74 11.70387 11.65557 11.71521 11.84482 14.18124 18.41382 18.41382 19.82234 19.82234 17.48132 10.66077 7.886261 6.881424 10.89967 13.5514 13.5514 15.32136 22.57891 22.57891 22.56315 22.16096 19.73821 19.73821 16.84422 15.39113 12.57761 7.89534 8.97854 9.71067 11.83317 12.47713 12.96197 13.49672 13.49672 13.00409 12.41564 11.57903 11.5991 11.5991 11.74 11.74 11.7008 11.74 11.74 11.72869 11.72869 10.13099 -9999 -9999 -9999 -9999 -9999 -9999 -9999 -9999 -9999 -9999 -9999 -9999 -9999 -9999 -9999 -9999 -9999
11.7055 11.7331 11.7331 11.7313 11.7055 12.51509 13.96353 14.93666 14.93666 15.90377 15.90377 14.21402 12.96293 7.023899 5.607819 4.29726 11.92778 13.24175 13.24175 14.3385 21.94622 21.94622 22.00014 22.00014 22.1546 22.1546 18.09472 20.88113 20.88113 15.10989 9.638743 9.125696 7.25021 8.064782 9.730235 13.2541 14.76215 14.76215 11.0508 11.28624 11.56838 11.56838 11.63632 11.64035 11.73303 11.74 11.74 11.74 0 0 -9999 -9999 -9999 -9999 -9999 -9999 -9999 -9999 -9999 -9999 -9999 -9999 -9999 -9999 -9999 -9999 -9999 -9999
