gis_files/meanticd.asc
ncols         625
nrows         694
xllcorner     895000
yllcorner     515000
cellsize      5000
NODATA_value  -9999
[rows 360 to 389 of 694, columns 67 to 133 of 625]
16.29 16.29 11.05031 3.926642 3.926642 2.077995 1.840328 4.963859 6.290887 10.34481 10.34481 8.486152 5.405308 7.660625 7.660625 5.092575 3.034937 3.05005 3.05005 2.201196 2.0861 2.256624 2.256624 2.203342 1.792137 2.161949 2.161949 2.24359 2.24359 1.98731 2.242643 2.352545 2.352545 2.552025 2.552025 1.835013 1.251382 -9999 -9999 -9999 -9999 -9999 -9999 -9999 -9999 6.773809 6.773809 4.933774 1.325642 2.017809 2.017809 2.015933 2.540598 2.540598 3.033618 4.8175 4.8175 1.401013 1.305893 1.142425 0.9691883 1.062157 1.062157 0.7046616 0.9396275 1.417353 1.787753
8.050508 7.948098 7.520551 5.42015 2.827154 2.522214 2.420875 3.810308 9.540225 9.540225 8.561625 4.834275 8.651106 8.651106 5.0318 5.0318 3.834225 3.614925 3.285939 2.867704 2.867704 1.877487 1.877487 1.8336 1.656005 3.021003 4.012762 4.012762 3.292319 3.292319 2.264593 2.506558 3.08541 3.08541 2.486453 2.486453 1.260929 -9999 -9999 -9999 -9999 -9999 -9999 -9999 6.312143 6.312143 2.923899 1.298237 2.222758 2.222758 2.493887 2.493887 3.318832 3.487197 5.563782 5.563782 2.128684 1.251443 1.251443 1.107228 1.107228 0.5679298 0.7274534 0.9014211 0.9327487 0.9327487 1.111333
12.09942 11.47907 11.47907 4.531864 11.8586 11.8586 8.082933 3.825556 2.259182 3.028241 3.028241 5.320188 5.320188 5.0359 4.8574 4.8574 3.786925 3.786925 4.262925 4.262925 3.883442 7.65863 7.65863 6.04324 3.062508 4.109669 4.109669 9.062457 10.8633 10.8633 3.070227 2.265781 2.55048 2.55048 2.285151 2.285151 -9999 -9999 -9999 -9999 -9999 -9999 -9999 -9999 4.510769 7.728857 7.728857 4.008522 1.57384 2.397608 2.754975 3.965438 6.58681 7.421905 7.421905 2.10051 1.340405 1.451679 1.451679 0.997757 0.6731244 0.1894015 0.2875675 0.2875675 0.8015814 0.8015814 0.9394949
15.17693 10.07474 8.678041 10.4853 10.4853 9.330889 4.576475 2.438825 0.78965 0.9274227 0.9274227 0.6983161 3.878394 4.185072 4.185072 5.054762 5.054762 4.021125 4.31805 4.31805 5.013383 5.657444 5.657444 5.5471 5.5471 8.195943 11.28946 11.28946 6.776005 6.776005 2.268462 2.337264 2.337264 2.1426 2.1426 0.8954297 -9999 -9999 -9999 -9999 -9999 -9999 -9999 6.55 6.55 4.093267 3.401446 3.401446 4.029799 4.029799 2.864987 4.131011 6.405339 6.405339 3.629959 1.916439 1.288614 1.288614 0.561869 0.258542 0.0991725 0.088865 0.093135 0.2033342 0.6069475 0.740425 0.9622275
8.536861 6.916183 7.405256 7.405256 7.340101 5.14673 8.076158 8.076158 1.622338 1.622338 0.9087887 0.5842105 1.164145 2.821733 4.641349 5.351671 5.351671 3.679023 2.788311 3.607595 3.607595 2.749677 2.749677 6.915958 7.39165 10.60141 10.60141 3.69416 2.858417 3.544937 3.544937 2.671234 2.20699 2.20699 1.800297 -9999 -9999 -9999 -9999 -9999 -9999 -9999 -9999 6.55 6.55 2.847824 2.847824 2.936941 4.975625 4.975625 2.326822 3.96163 3.96163 2.971972 1.894035 0.9716332 0.629397 0.5212525 0.3127461 0.1739433 0.1416364 0.040575 0.4804575 0.4804575 1.529345 1.529345 1.20343
10.2719 14.87543 14.87543 11.66841 8.21595 3.673561 13.01859 13.01859 3.189313 0.3956463 0.9063275 0.9063275 0.8793427 1.23655 1.23655 1.800401 2.801685 2.813708 3.690965 3.690965 3.189094 2.707263 2.707263 4.044386 4.044386 3.4271 4.7716 4.7716 4.013634 4.426725 4.426725 2.617879 2.223639 1.056231 -9999 -9999 -9999 -9999 -9999 -9999 -9999 -9999 -9999 3.680563 3.680563 2.755496 2.931885 3.126564 3.126564 2.366475 1.250658 1.103593 1.21769 1.519053 1.519053 0.4777071 0.6567758 0.6567758 0.3198368 0.1839048 0.1050649 0.061305 0.05213889 0.0352335 1.133197 1.133197 0.9856405
13.90198 13.97187 14.80221 14.80221 15.04634 15.55709 15.55709 11.50504 3.573288 2.544043 2.968504 2.968504 0.07090703 0.2329695 0.65135 0.864025 2.587837 2.587837 2.504462 3.106249 3.106249 3.214205 5.306146 5.306146 5.061738 5.332702 5.395163 5.395163 3.740961 3.740961 2.731579 1.938005 1.646369 -9999 -9999 -9999 -9999 -9999 -9999 -9999 -9999 -9999 -9999 4.699592 4.699592 1.993515 1.500278 1.936291 1.936291 0.9530797 1.174331 1.174331 1.599615 1.599615 0.8094336 0.8094336 0.6371717 0.384591 0.2028535 0.1566667 0.09278894 0.09870153 0.09870153 0.06020403 0.3289015 1.729231 5.441111
6.27025 10.94885 14.51468 14.67496 15.63837 15.63837 15.01622 14.19908 14.4819 14.4819 11.12263 4.237587 2.638003 2.638003 1.017485 4.148163 4.148163 2.679583 3.187172 3.187172 2.849298 2.849298 3.278198 3.65064 5.930626 5.930626 2.289823 2.461725 2.461725 3.194952 3.194952 3.282582 3.282582 -9999 -9999 -9999 -9999 -9999 -9999 -9999 -9999 -9999 -9999 4.624444 4.624444 2.668873 1.770438 1.296158 1.687967 1.689913 1.689913 1.495374 0.5220155 0.2053447 0.4705847 0.7885535 0.7885535 0.1706284 0.3813469 0.3813469 0.1246667 0.2423333 0.5863912 0.5863912 1.678673 1.678673 5.075876
9.265925 11.87461 14.4494 15.12218 15.96452 15.96452 15.22345 13.77418 15.59791 15.59791 10.59322 10.59322 2.230164 0.2245475 1.216471 3.567266 3.567266 2.982667 3.683407 3.683407 3.636375 3.636375 2.986575 3.989448 3.989448 3.052228 2.07835 2.07835 1.970618 1.970618 1.91215 1.217174 1.151901 -9999 -9999 -9999 -9999 -9999 -9999 -9999 -9999 -9999 -9999 -9999 2.513846 2.559971 2.559971 4.499546 4.499546 1.921544 0.6583149 0.3440849 0.1918045 0.1785316 0.2249357 0.3236667 0.3236667 0.1549487 0.1030203 0.1612846 0.3899231 0.3899231 0.3861725 0.4224074 1.351667 1.351667 8.753403
10.15541 11.68845 11.68845 11.12008 15.1796 15.84235 15.84235 15.72148 15.72148 15.72046 15.2731 14.9481 6.466756 2.011738 2.011738 2.202607 2.350994 3.54103 4.032314 4.032314 3.659649 3.535642 3.282904 3.090675 2.723166 2.312 1.780253 1.634874 1.491163 1.670972 1.670972 -9999 -9999 -9999 -9999 -9999 -9999 -9999 -9999 -9999 -9999 -9999 -9999 -9999 5.779 5.779 2.387336 4.407777 4.407777 3.177479 0.2964602 0.2964602 0.2149622 0.2281061 0.2281061 0.1548855 0.1435176 0.126425 0.127803 0.127803 0.109225 0.12665 0.1642424 0.2256154 0.5017073 0.5017073 3.21969
7.868353 8.659103 10.36112 10.36112 12.62417 14.83249 14.90652 16.00613 16.15612 16.15612 15.72065 14.28076 10.53576 10.53576 5.530427 3.17109 3.17109 3.600334 3.968538 3.968538 3.762969 3.8352 4.199675 4.199675 3.360977 2.265291 2.615137 2.615137 0.4152564 -9999 -9999 -9999 -9999 -9999 -9999 -9999 -9999 -9999 -9999 -9999 -9999 -9999 -9999 -9999 9.28 9.28 1.873434 6.688495 6.688495 1.949966 0.3249198 0.3249198 0.210855 0.2593444 0.2593444 0.14509 0.1580688 0.1580688 0.13395 0.1331501 0.1460859 0.2044241 0.2044241 0.1776166 0.1891298 0.4433425 0.8474135
8.32338 9.197071 9.442973 10.60176 10.93298 10.93298 11.82211 16.24935 16.24935 14.02957 13.23288 13.23288 10.39595 4.510861 3.886742 3.397418 3.397418 4.234625 4.234625 3.90875 4.155422 4.155422 3.273791 3.163319 2.285975 2.285975 1.144049 -9999 -9999 -9999 -9999 -9999 -9999 -9999 -9999 -9999 -9999 -9999 -9999 -9999 -9999 -9999 -9999 -9999 -9999 0.01461538 0.2991935 2.615924 2.615924 0.8847537 0.4222604 0.2534921 0.1558486 0.1463573 0.1458186 0.1458186 0.1690703 0.1690703 0.1269308 0.1175634 0.1584925 0.2435 0.2435 0.1380653 0.1380653 0.0931275 0.2346752
3.082697 8.784534 8.784534 13.42855 13.42855 8.31716 6.742001 8.673054 8.673054 7.26198 7.26198 8.664982 8.664982 6.292626 6.292626 4.582251 4.582251 4.61345 4.769215 4.769215 4.378891 3.315185 0.9343421 0.4964865 -9999 -9999 -9999 -9999 -9999 -9999 -9999 -9999 -9999 -9999 -9999 -9999 -9999 -9999 -9999 -9999 -9999 -9999 -9999 -9999 -9999 1.99025 1.99025 1.310868 1.761173 1.761173 0.1796132 0.1506582 0.1506582 0.1457035 0.1426598 0.1356812 0.1975255 0.1975255 0.1502051 0.1523115 0.1608354 0.1608354 0.1243823 0.1411518 0.1411518 0.06813198 0.07418274
4.758702 4.758702 7.614013 14.41739 15.12944 15.12944 13.07573 8.450212 6.366152 8.461031 10.55995 10.55995 10.22195 10.54983 10.54983 6.738625 4.765491 4.987844 4.987844 4.40935 3.139946 0.4410084 -9999 -9999 -9999 -9999 -9999 -9999 -9999 -9999 -9999 -9999 -9999 -9999 -9999 -9999 -9999 -9999 -9999 -9999 -9999 -9999 -9999 -9999 -9999 0.2288889 0.2680392 1.52755 1.632674 1.632674 0.8901351 0.4379948 0.1595337 0.1304222 0.1334694 0.1334694 0.1402308 0.1402308 0.1308629 0.136525 2.902997 3.511783 3.511783 0.2342437 0.0773419 0.4928833 0.8359061
4.677451 4.432644 6.969939 11.86255 14.26267 14.26267 13.3071 10.9542 10.9542 4.155302 6.694592 8.1301 8.1301 3.433192 3.013427 4.539323 4.605524 4.605524 3.124665 3.124665 -9999 -9999 -9999 -9999 -9999 -9999 -9999 -9999 -9999 -9999 -9999 -9999 -9999 -9999 -9999 -9999 -9999 -9999 -9999 -9999 -9999 -9999 -9999 -9999 -9999 -9999 -9999 1.642022 1.642022 0.2173408 0.2895555 0.2895555 0.1561069 0.1284557 0.06 0.1304615 0.1304615 0.1287436 0.1379337 1.680051 2.618541 2.618541 0.06609923 0.05270677 0.0324125 0.01850256 0.0941595
3.790918 3.857372 3.928983 11.25176 12.33606 12.49051 12.49051 3.298815 4.53791 4.53791 2.934504 4.9232 5.891505 5.891505 3.140882 2.784913 1.86251 1.103402 -9999 -9999 -9999 -9999 -9999 -9999 -9999 -9999 -9999 -9999 -9999 -9999 -9999 -9999 -9999 -9999 -9999 -9999 -9999 -9999 -9999 -9999 -9999 -9999 -9999 -9999 -9999 -9999 0.07122449 2.888207 2.888207 0.7101566 0.7101566 0.0895052 0.1001061 0.1001061 0.07205804 0.09206349 0.1146875 0.1324147 0.176525 0.748225 4.745958 4.745958 1.828365 0.4133669 0.1273152 0.1982904 0.1982904
-9999 0.5859375 0.5859375 1.265714 4.032281 7.048223 7.048223 3.361045 9.14657 10.02385 10.02385 7.741646 3.057025 1.632962 1.04057 -9999 -9999 -9999 -9999 -9999 -9999 -9999 -9999 -9999 -9999 -9999 -9999 -9999 -9999 -9999 -9999 -9999 -9999 -9999 -9999 -9999 -9999 -9999 -9999 -9999 -9999 -9999 -9999 -9999 -9999 -9999 -9999 0.8835353 3.191779 3.191779 0.8652911 0.07445946 0.0575827 0.05120822 0.05632911 0.09290726 0.09290726 0.07415143 0.1374235 0.1374235 1.20803 1.20803 1.90529 1.90529 0.434285 1.01971 1.01971
-9999 -9999 -9999 1.833333 1.833333 1.677193 1.677193 1.751856 2.755348 2.755348 5.078619 5.078619 0.4784746 -9999 -9999 -9999 -9999 -9999 -9999 -9999 -9999 -9999 -9999 -9999 -9999 -9999 -9999 -9999 -9999 -9999 -9999 -9999 -9999 -9999 -9999 -9999 -9999 -9999 -9999 -9999 -9999 -9999 -9999 -9999 -9999 -9999 -9999 -9999 2.929816 2.929816 1.091286 0.2829073 0.2712145 0.201 0.201 0.1499744 0.1234026 0.1079365 0.1179487 0.3461292 4.722719 4.722719 1.301864 0.9719923 0.05932233 0.3557909 0.6596979
-9999 -9999 -9999 -9999 -9999 -9999 0.02 -9999 1.228333 6.736 -9999 -9999 -9999 -9999 -9999 -9999 -9999 -9999 -9999 -9999 -9999 -9999 -9999 -9999 -9999 -9999 -9999 -9999 -9999 -9999 -9999 -9999 -9999 -9999 -9999 -9999 -9999 -9999 -9999 -9999 -9999 -9999 -9999 -9999 -9999 -9999 -9999 0.01 0.08791666 0.673254 0.8447879 0.8447879 0.7600266 0.1215486 0.134787 0.134787 0.10345 0.10345 0.1027704 0.1027704 0.9611914 0.9611914 0.7995244 0.7995244 0.07377202 0.05410178 0.7559446
-9999 -9999 -9999 -9999 -9999 -9999 -9999 -9999 -9999 -9999 -9999 -9999 -9999 -9999 -9999 -9999 -9999 -9999 -9999 -9999 -9999 -9999 -9999 -9999 -9999 -9999 -9999 -9999 -9999 -9999 -9999 -9999 -9999 -9999 -9999 -9999 -9999 -9999 -9999 -9999 -9999 -9999 -9999 -9999 -9999 -9999 -9999 0.3197297 0.3197297 0.8182572 0.8182572 0.08349741 0.03201571 0.06193798 0.06723057 0.06723057 0.103629 0.103629 0.07819035 0.07819035 0.05738384 0.05738384 0.4953392 1.274486 1.913181 1.913181 0.2408156
-9999 -9999 -9999 -9999 -9999 -9999 -9999 -9999 -9999 -9999 -9999 -9999 -9999 -9999 -9999 -9999 -9999 -9999 -9999 -9999 -9999 -9999 -9999 -9999 -9999 -9999 -9999 -9999 -9999 -9999 -9999 -9999 -9999 -9999 -9999 -9999 -9999 -9999 -9999 -9999 -9999 -9999 -9999 -9999 -9999 -9999 -9999 -9999 0.198342 1.222231 1.222231 0.07043291 0.0253924 0.06777179 0.06777179 0.07486215 0.07486215 0.05426098 0.050865 0.0447594 0.0297 0.03552525 0.03552525 0.3875677 0.3875677 0.2145383 0.4794625
-9999 -9999 -9999 -9999 -9999 -9999 -9999 -9999 -9999 -9999 -9999 -9999 -9999 -9999 -9999 -9999 -9999 -9999 -9999 -9999 -9999 -9999 -9999 -9999 -9999 -9999 -9999 -9999 -9999 -9999 -9999 -9999 -9999 -9999 -9999 -9999 -9999 -9999 -9999 -9999 -9999 -9999 -9999 -9999 -9999 -9999 -9999 -9999 0.5764655 1.234436 1.234436 0.5385224 0.04333333 0.1098241 0.1098241 0.089525 0.0612197 0.05359137 0.04212 0.03433924 0.03140806 0.02468 0.01844221 0.01844221 0.09164541 0.8955135 1.49641
-9999 -9999 -9999 -9999 -9999 -9999 -9999 -9999 -9999 -9999 -9999 -9999 -9999 -9999 -9999 -9999 -9999 -9999 -9999 -9999 -9999 -9999 -9999 -9999 -9999 -9999 -9999 -9999 -9999 -9999 -9999 -9999 -9999 -9999 -9999 -9999 -9999 -9999 -9999 -9999 -9999 -9999 -9999 -9999 -9999 -9999 -9999 -9999 1.267573 1.521377 1.521377 1.164761 0.06911168 0.06275773 0.06575916 0.08013089 0.08013089 0.06375128 0.04570256 0.02082161 0.03061 0.0395175 0.0395175 0.027275 0.027275 0.1939391 2.908874
-9999 -9999 -9999 -9999 -9999 -9999 -9999 -9999 -9999 -9999 -9999 -9999 -9999 -9999 -9999 -9999 -9999 -9999 -9999 -9999 -9999 -9999 -9999 -9999 -9999 -9999 -9999 -9999 -9999 -9999 -9999 -9999 -9999 -9999 -9999 -9999 -9999 -9999 -9999 -9999 -9999 -9999 -9999 -9999 -9999 -9999 -9999 -9999 1.470337 1.470337 1.370615 1.140343 0.2039713 0.05468193 0.06265664 0.07298969 0.08789594 0.08789594 0.05740409 0.05038961 0.05038961 0.04520513 0.030155 0.04833835 0.1331168 2.167985 4.727962
-9999 -9999 -9999 -9999 -9999 -9999 -9999 -9999 -9999 -9999 -9999 -9999 -9999 -9999 -9999 -9999 -9999 -9999 -9999 -9999 -9999 -9999 -9999 -9999 -9999 -9999 -9999 -9999 -9999 -9999 -9999 -9999 -9999 -9999 -9999 -9999 -9999 -9999 -9999 -9999 -9999 -9999 -9999 -9999 -9999 -9999 -9999 0.744375 1.434299 1.683467 1.683467 0.6511612 0.3889199 1.478027 1.478027 1.093863 0.05495641 0.2551108 0.3079141 0.3079141 0.2922839 0.0605625 0.0605625 0.03899 0.6067795 1.062942 2.001056
-9999 -9999 -9999 -9999 -9999 -9999 -9999 -9999 -9999 -9999 -9999 -9999 -9999 -9999 -9999 -9999 -9999 -9999 -9999 -9999 -9999 -9999 -9999 -9999 -9999 -9999 -9999 -9999 -9999 -9999 -9999 -9999 -9999 -9999 -9999 -9999 -9999 -9999 -9999 -9999 -9999 -9999 -9999 -9999 -9999 -9999 -9999 0.4174348 1.173595 1.178811 1.178811 0.2747848 0.198787 1.496504 1.496504 0.5011234 0.03587532 0.2720025 0.3688175 0.3688175 0.06153886 0.09086181 0.09086181 0.07601504 1.850333 3.955645 3.955645
-9999 -9999 -9999 -9999 -9999 -9999 -9999 -9999 -9999 -9999 -9999 -9999 -9999 -9999 -9999 -9999 -9999 -9999 -9999 -9999 -9999 -9999 -9999 -9999 -9999 -9999 -9999 -9999 -9999 -9999 -9999 -9999 -9999 -9999 -9999 -9999 -9999 -9999 -9999 -9999 -9999 -9999 -9999 -9999 -9999 -9999 -9999 1.149595 1.149595 0.5555454 0.3674687 0.1188889 0.1188889 0.1273618 0.1273618 0.1205345 0.03837028 0.21089 0.2801692 0.2801692 0.2524211 1.422955 1.422955 1.079985 2.524568 2.524568 2.737754
-9999 -9999 -9999 -9999 -9999 -9999 -9999 -9999 -9999 -9999 -9999 -9999 -9999 -9999 -9999 -9999 -9999 -9999 -9999 -9999 -9999 -9999 -9999 -9999 -9999 -9999 -9999 -9999 -9999 -9999 -9999 -9999 -9999 -9999 -9999 -9999 -9999 -9999 -9999 -9999 -9999 -9999 -9999 -9999 -9999 -9999 1.216474 1.419363 1.419363 1.209152 0.2995509 0.1615544 0.2200301 0.2200301 0.08105823 0.04703518 0.02607474 0.03814987 0.03814987 0.03476768 0.2301679 1.184205 1.584275 2.223408 2.773227 2.773227 4.946968
-9999 -9999 -9999 -9999 -9999 -9999 -9999 -9999 -9999 -9999 -9999 -9999 -9999 -9999 -9999 -9999 -9999 -9999 -9999 -9999 -9999 -9999 -9999 -9999 -9999 -9999 -9999 -9999 -9999 -9999 -9999 -9999 -9999 -9999 -9999 -9999 -9999 -9999 -9999 -9999 -9999 -9999 -9999 -9999 -9999 1.494583 1.494583 1.241727 1.400794 1.400794 0.7643324 0.2155555 0.2100025 0.2100025 0.05790863 1.329632 1.992256 1.992256 1.735484 1.735484 0.8319169 0.0875875 1.358638 2.772008 2.933238 3.184601 3.184601
-9999 -9999 -9999 -9999 -9999 -9999 -9999 -9999 -9999 -9999 -9999 -9999 -9999 -9999 -9999 -9999 -9999 -9999 -9999 -9999 -9999 -9999 -9999 -9999 -9999 -9999 -9999 -9999 -9999 -9999 -9999 -9999 -9999 -9999 -9999 -9999 -9999 -9999 -9999 -9999 -9999 -9999 -9999 -9999 -9999 1.697404 1.697404 0.8896491 0.5756857 0.4174677 0.3653872 0.6850202 0.6850202 0.3458975 0.04481888 0.598787 2.212365 2.212365 3.061361 3.061361 1.881784 0.1440475 0.962164 2.473265 3.449392 3.82296 3.82296
