gis_files/meantocd.asc
ncols         625
nrows         694
xllcorner     895000
yllcorner     515000
cellsize      5000
NODATA_value  -9999
[rows 300 to 329 of 694, columns 204 to 271 of 625]
7.416588 8.769026 10.24704 10.24704 8.461228 6.117168 6.117168 5.648225 5.17955 5.35425 7.090425 7.4486 7.4486 5.417425 6.30235 7.21695 7.21695 5.609175 4.761492 5.33042 7.107218 7.669499 7.8115 7.8115 10.38118 10.38118 10.22296 10.22296 10.80076 12.0196 12.0196 8.711221 8.568883 8.568883 8.37692 8.47904 8.542775 8.559849 8.559849 9.346576 9.346576 11.07905 13.21293 13.21293 13.03755 13.09643 13.09643 11.89809 10.91863 11.03 11.03 8.07355 6.524025 7.12765 7.12765 6.600935 6.874706 7.156878 7.156878 6.40975 7.642456 7.642456 7.18223 7.1359 10.73118 10.85515 10.89188 10.89188
6.86335 8.20255 9.714251 9.714251 8.303875 5.66604 6.073375 6.073375 4.640727 4.237002 6.777068 6.8015 6.8015 6.133025 6.133025 6.720925 6.720925 4.44955 4.678545 7.132356 7.43589 7.648325 7.694461 7.694461 6.471325 6.518496 6.981175 6.984825 10.32765 11.25224 11.37497 11.37497 12.50609 12.50609 11.61788 11.17828 10.5681 10.5681 10.43008 7.490898 7.402625 7.402625 7.69101 7.69101 9.531055 13.06474 13.06474 12.9547 10.98912 10.67004 8.185876 6.772121 6.772121 7.139824 7.231111 7.231111 7.556499 7.556499 7.292275 8.505321 8.891305 10.09074 10.09074 10.3076 10.48625 11.03 11.04505 11.09058
6.231044 8.212726 9.469151 9.469151 9.221525 5.203325 5.68705 5.68705 4.746125 5.593359 7.399571 7.399571 7.100025 4.670527 5.871818 5.871818 4.7039 5.29198 5.857419 6.69865 6.92015 7.55475 7.55475 7.023457 5.969182 6.756575 6.756575 6.617369 7.86994 7.86994 9.216812 9.843582 10.05209 11.02233 11.02233 10.4207 10.62693 10.62693 8.37314 7.72376 8.344365 8.344365 8.501905 8.501905 10.68113 12.97297 12.97297 12.73828 9.34074 8.4874 6.77485 5.857506 6.974662 7.55665 7.643949 7.643949 7.49397 7.49397 9.039775 11.39384 11.39384 11.98234 11.98234 11.96488 11.59548 11.04946 13.28438 13.28438
6.263995 7.071375 8.231917 8.900476 8.900476 5.511508 5.511508 5.37655 5.356241 6.82584 6.82584 6.314475 6.1916 6.1916 5.747425 4.525679 4.525679 5.864075 5.864075 7.8011 7.85087 7.85087 7.396303 7.034493 5.481697 6.7207 6.7207 5.7052 6.749455 6.749455 8.109925 8.36445 10.3141 10.79098 10.79098 10.70818 9.788116 9.788116 8.786335 5.923035 5.02852 7.91215 12.59413 12.59413 11.53412 12.96881 12.96881 9.41259 6.4636 6.83176 6.83176 7.398945 7.8467 7.8467 7.432613 7.273435 8.753824 11.64998 11.97974 11.98003 11.98003 11.36875 11.36875 11.29893 10.52468 10.40663 12.10836 12.97819
6.530886 7.220525 9.44205 9.505225 9.505225 5.774075 5.2981 5.2981 4.94665 7.461038 7.461038 6.722857 6.722857 4.987425 4.900802 4.900802 4.675188 5.258851 6.688769 7.465312 7.90995 7.90995 6.798822 6.443275 4.399372 6.592814 6.9527 7.029375 7.029375 6.23945 7.601095 8.774325 11.2594 11.2594 10.71236 9.788575 6.73148 6.890585 6.890585 9.43608 10.80383 10.80383 11.95628 11.95628 11.85066 9.602519 7.944243 7.344175 6.937829 5.692842 7.00065 7.00065 7.358359 7.358359 7.901272 10.59187 11.64692 11.74983 11.74983 11.56585 10.8628 9.875971 9.004226 9.453825 9.453825 10.6078 11.47674 12.86975
6.612197 6.940225 9.131003 10.26171 10.26171 7.45208 5.6878 5.898623 5.898623 7.892371 7.892371 6.918475 6.918475 5.062175 5.1856 5.1856 4.161775 5.10877 6.557727 7.414519 7.811342 7.811342 6.15475 4.103158 4.9813 7.1134 7.239348 8.32775 9.15758 9.15758 8.161406 10.86141 10.97692 10.97692 7.844866 6.834737 6.56609 6.56609 9.532075 10.48885 11.45453 11.45453 11.68679 11.68679 8.329445 7.36565 7.36565 6.71821 5.979975 7.44455 7.661425 7.749275 7.749275 7.826845 11.27047 11.44436 11.51676 11.81778 11.86897 12.01842 12.01842 8.700786 6.509175 4.734525 5.911 10.8627 11.3188 11.3188
6.8137 7.57865 9.188641 10.49913 10.49913 9.447926 5.85397 8.753833 8.753833 8.062488 8.062488 7.647667 6.535266 7.521625 7.7131 7.7131 6.510725 7.440292 7.440292 7.360902 7.360902 6.599549 6.252831 6.231436 7.503066 7.503066 7.951135 10.15148 10.15148 9.771476 10.32556 10.32556 9.374901 8.2847 7.026275 5.91085 6.97935 9.398465 9.588675 10.56137 10.56137 8.86837 8.33545 7.250425 7.368525 7.368525 7.12887 7.12887 6.603275 7.79815 7.79815 7.312625 7.374065 11.27572 11.27572 11.24974 11.76036 11.98669 12.03598 12.03598 9.545465 7.403365 5.8789 5.8789 8.377975 11.08433 11.08433 9.119028
7.076751 7.082725 8.946131 10.71403 10.71403 10.09678 8.37574 8.99565 8.99565 8.839476 8.839476 7.943875 6.846872 6.846872 7.045138 7.67875 7.89775 7.89775 7.797852 7.660451 7.483475 7.483475 5.72967 5.72967 7.7933 8.051893 10.2455 10.38004 10.38004 8.64007 8.64007 10.09938 10.09938 8.389851 6.518147 6.573275 6.638425 6.946591 10.08634 10.08634 9.757855 7.96035 7.26885 7.553618 7.553618 7.466667 7.17385 7.17385 7.697895 7.697895 7.407825 7.407825 8.354511 11.03055 11.03055 10.74682 10.24655 10.15697 9.045965 6.69949 6.26965 5.782904 6.305325 7.151525 8.641365 10.75009 10.75009 8.447153
7.321365 7.321365 9.135152 9.42185 9.889425 9.889425 8.467026 8.467026 8.2249 8.536301 8.536301 7.731 7.4391 7.594 7.8283 7.8283 7.869923 7.869923 7.836127 7.782275 7.691985 7.400804 6.902005 6.902005 7.8773 8.932711 8.932711 8.892415 7.746435 8.1536 8.1536 8.137348 9.342912 9.342912 7.857969 7.589325 6.992875 6.981425 8.072275 8.072275 6.822825 7.114825 7.494025 7.545151 7.545151 6.41505 7.8379 7.8379 7.619574 7.236975 8.443358 10.60149 10.60149 11.48738 11.48738 10.80539 8.438991 7.221111 7.221111 6.323815 6.323815 7.462127 7.462127 6.983805 7.43802 8.091393 8.091393 6.736633
7.435575 7.44625 7.911975 8.5471 10.6181 10.6181 10.0008 8.908 8.082251 8.082251 7.4927 7.872475 7.872475 7.377193 7.73395 7.743523 7.743523 7.624837 7.624837 7.710225 8.123925 8.123925 6.857728 7.029925 8.133326 9.637151 9.637151 7.574775 7.733939 7.733939 8.49263 9.152596 9.152596 8.55922 7.49 7.44285 7.063575 6.249297 6.584875 6.584875 4.258975 6.66705 7.39985 7.39985 7.27995 7.615875 7.744236 7.744236 7.458317 9.161607 11.04597 11.04597 9.878343 8.893985 10.64618 10.64618 7.539975 7.2295 7.2295 7.05298 7.96996 9.677461 9.677461 7.957469 7.957469 8.089675 8.7665 8.7665
6.979325 7.041525 8.178825 8.329901 10.59978 10.59978 8.829625 8.829625 8.3676 8.223008 7.477075 7.23535 7.39595 7.39595 7.726511 7.726511 7.057584 7.465725 7.465725 7.882025 7.882025 7.330026 6.997625 7.7082 9.080495 9.080495 9.03623 7.67272 7.67272 8.065315 8.59234 8.59234 7.714738 7.164608 7.11475 7.1338 7.1338 6.236975 6.236975 5.364175 4.8852 7.5168 7.5168 7.61594 7.61594 7.549575 7.336516 7.6418 7.6418 10.61585 11.54704 11.54704 10.88226 10.88226 10.08714 10.08714 9.738775 8.681256 9.416658 10.19749 10.19749 9.95088 8.317798 8.3197 8.3197 7.993342 7.247183 7.8001
7.140953 7.128334 8.63585 9.321276 10.13955 10.13955 8.12565 7.06765 7.221869 7.55305 7.55305 7.409725 7.409725 7.12605 7.12605 6.862895 6.407201 7.970376 7.970376 6.1546 6.353365 6.353365 7.501775 7.666975 8.978621 8.978621 9.679985 9.679985 7.675325 7.715275 7.976338 7.976338 7.154381 6.480125 7.07015 7.07015 6.565553 6.073058 4.46355 5.7144 6.24675 7.108075 7.5921 7.80115 7.80115 7.325265 6.753517 8.138227 8.138227 8.229375 8.245776 10.28799 11.06437 11.06437 11.14976 11.14976 11.12092 9.2191 10.95521 10.95521 11.02404 11.02404 8.702085 7.58098 7.58098 5.984706 6.998173 6.998173
6.884975 6.717964 7.272475 8.485663 8.485663 7.133925 7.254375 7.6057 7.6057 6.08375 6.3589 7.7857 7.7857 7.58305 7.524988 7.524988 7.418177 7.962035 7.962035 7.387311 7.219038 6.64882 7.0232 8.5858 9.34156 9.49722 9.49722 7.84009 7.5888 7.5888 8.294171 8.795265 8.795265 6.7603 6.7603 6.4764 5.19415 2.859225 4.085225 7.395275 7.395275 6.774675 6.152807 7.802925 7.802925 7.789058 7.931621 10.65817 10.65817 7.331786 7.331786 6.808222 10.54233 10.54233 11.97626 11.97626 9.361202 7.528325 10.08182 11.03075 11.03785 11.03785 9.867335 7.232638 7.232638 6.181725 5.647325 5.559025
7.268943 6.709527 6.411884 7.70545 7.70545 7.22695 7.2728 7.33635 7.33635 6.941825 7.574975 7.574975 7.674056 7.674056 7.637362 7.507298 7.541692 7.541692 7.510854 7.809497 7.809497 6.067046 7.123225 9.070431 9.070431 8.304205 8.753315 8.753315 7.3301 7.97758 8.49509 8.49509 7.144176 6.209575 6.2502 6.2502 4.909175 3.67985 5.621475 7.694925 7.694925 5.61355 7.0808 9.2601 10.65452 10.65452 8.969042 7.425 7.128375 6.828308 6.512814 7.551307 11.42027 11.42027 11.40633 11.40633 10.27801 7.546975 7.833554 8.372187 9.074016 9.074016 7.982662 6.964917 6.87815 6.88001 6.88001 4.645949
7.738622 7.096606 6.480075 8.490175 8.490175 7.1606 6.791649 6.791649 5.985473 7.043108 7.744025 7.92265 7.92265 7.92265 7.9364 7.936432 7.936432 7.8533 7.8533 7.246675 8.508469 8.508469 7.72905 9.200271 9.200271 8.258315 10.22831 10.22831 7.95955 9.243089 9.243089 9.175011 6.724 6.019331 6.0266 6.0266 4.6073 5.92965 7.149225 7.149225 5.640375 7.577875 9.817801 10.8558 10.8558 10.90695 10.90695 8.960401 7.658065 7.658065 5.639508 8.468889 10.96204 10.96204 10.72446 10.95542 10.95542 9.924457 7.477859 7.560544 7.560544 7.360467 8.230295 8.230295 7.1507 8.044425 8.044425 6.95294
8.858364 7.625596 7.3904 7.3904 7.1704 6.429875 6.36947 6.280452 4.589186 7.41775 7.50265 7.871523 7.8853 7.8853 7.880484 7.824085 8.095 8.095 8.085413 8.603497 8.603497 8.505415 9.12315 9.12315 7.651635 8.781791 10.11717 10.11717 9.73608 9.73608 8.70298 6.906175 6.906175 6.421625 6.5611 6.5611 3.611225 7.641525 7.641525 7.040927 7.298475 8.54895 11.0563 11.28533 11.28533 10.93875 10.93875 8.269751 8.269751 7.72985 6.190659 10.6599 11.23155 11.23155 10.23186 9.736 10.40867 10.40867 8.116817 7.871485 7.888351 7.888351 7.599895 7.457255 6.854735 7.259613 11.31051 12.56616
8.881975 8.881975 8.4876 7.490375 6.09895 5.521625 7.442482 7.442482 7.300479 7.41025 7.8011 7.8011 7.711 7.752191 7.752191 8.103503 8.405475 8.405475 8.0485 9.488595 9.488595 7.620171 9.736686 9.736686 7.38639 7.23383 7.23383 7.21814 9.075565 9.075565 6.78005 6.026275 6.026275 6.846625 6.846625 4.971125 7.057475 7.057475 6.85745 7.386175 8.547619 10.72608 11.11946 11.11946 10.25178 9.849726 9.040742 7.968875 7.968875 7.700075 9.156717 9.6169 11.06644 11.06644 8.89425 9.199901 9.305153 9.305153 8.210958 7.93427 7.93427 7.832916 7.485389 7.485389 9.754601 12.25434 12.25434 11.82883
7.594644 6.908295 6.908295 6.174625 4.779699 5.453308 5.484945 7.33764 7.33764 7.845575 7.910725 7.910725 7.71589 7.735404 7.735404 8.228115 8.33385 8.33385 8.502206 10.40728 10.40728 9.166246 8.249866 7.78983 7.78983 6.984715 6.379595 5.08883 5.542115 5.668075 6.40474 6.40474 6.3635 6.918475 6.918475 7.31335 7.31335 7.308275 6.60355 7.934825 8.19868 10.88755 10.89222 10.89222 10.8556 10.8556 8.086266 9.682301 9.682301 11.25468 11.25468 8.764259 10.98929 10.98929 8.52536 8.064415 8.48541 8.48541 8.12676 8.703574 8.703574 7.811659 7.76786 8.81918 10.91058 11.82731 11.82731 11.6202
7.260075 6.435125 5.1287 5.1287 5.258561 5.258561 5.89466 9.004138 9.068525 9.068525 8.46455 7.96995 7.8354 7.576011 7.813496 7.92585 7.92585 7.629096 8.34132 9.994975 9.994975 9.898681 9.2199 7.982538 7.982538 6.543935 5.84717 5.998965 5.998965 6.203869 6.203869 5.73125 6.537725 7.52842 8.2727 8.2727 7.4014 6.118675 7.085975 7.769725 10.5139 10.94381 10.94381 11.01853 11.01853 8.9252 9.413051 10.74357 10.74357 11.24549 11.24549 11.41348 12.4195 12.4195 11.93371 8.442275 8.442275 7.442772 7.442772 7.562165 8.18305 9.933306 9.933306 7.115709 9.88597 9.88597 10.56281 13.20549
7.1866 6.349849 5.698475 5.656575 6.064217 7.0872 7.950968 8.576339 8.576339 8.374226 8.379398 8.379398 7.822294 7.822294 7.786925 7.96 7.96 7.947172 9.7108 9.7108 8.526211 6.84624 6.84624 6.620095 5.976025 5.65145 5.15279 5.943605 5.961825 5.961825 5.743215 6.42228 7.47018 8.296656 8.296656 7.16645 5.5565 6.26895 6.26895 8.915445 11.19589 11.19589 10.84923 10.93217 10.93217 9.381053 10.89765 10.89765 10.16711 11.04917 11.04917 12.32443 12.32443 11.86767 9.184546 8.627041 8.986857 8.986857 7.048915 6.87369 6.688633 7.042839 7.042839 6.694633 6.257733 7.104776 9.712383 12.32753
7.5807 6.732273 6.732273 6.684886 6.363189 7.384311 9.43741 9.43741 7.92407 9.76215 9.8527 9.8527 7.950475 7.817694 7.197506 6.76495 7.9132 7.9132 9.810286 9.949791 9.949791 6.815245 6.815245 6.5281 6.395445 6.395445 5.38852 7.687505 7.687505 6.16388 6.240977 8.73345 9.78839 9.78839 7.73695 5.8693 5.563049 7.63 7.63 8.356925 11.031 11.031 10.66552 10.57849 9.947725 10.9867 10.9867 10.92958 10.11838 10.98405 10.98405 11.44856 11.44856 8.762847 6.870163 8.571925 8.571925 7.040253 6.95604 7.27284 7.27284 7.434085 8.312448 8.312448 6.766407 8.115231 10.48801 11.17886
7.686176 7.686176 6.676111 6.5214 6.635502 7.4521 7.4771 9.248301 9.54635 10.76091 10.76091 9.610451 7.778292 7.579388 7.057975 7.0543 7.868866 7.868866 8.501815 9.729245 9.729245 7.326065 7.191965 6.76481 7.387145 8.0296 9.93484 10.8643 10.8643 9.46697 8.31419 10.03215 10.03215 8.838295 4.57907 5.8558 7.003825 7.645575 7.645575 10.2784 10.92743 11.00485 11.00485 10.4854 10.3251 10.67152 10.67152 10.35425 9.11596 11.04975 11.04975 11.53241 11.53241 7.097052 6.558392 7.224005 7.224005 6.527544 6.527544 7.442225 8.667815 8.784565 10.1163 10.1163 6.517825 7.76074 11.26708 11.26708
7.247125 7.130475 6.859446 7.560716 7.717798 7.717798 7.141175 10.65147 11.39107 11.39107 11.24575 8.723684 8.536975 7.91005 7.892825 7.892825 7.9132 7.9132 7.486341 9.765133 9.765133 7.547125 9.588571 10.25199 10.64301 10.64301 9.957331 10.02149 10.72171 10.72171 9.906116 9.906116 10.04061 10.04061 6.24069 5.97135 5.97135 7.29405 7.29405 9.798375 11.14204 11.31886 11.31886 11.03196 10.58028 9.908689 11.01918 11.01918 11.03 11.03 10.49457 10.2713 8.432735 7.272456 7.272456 7.26795 6.2437 6.849824 7.658176 9.537867 10.5282 10.58801 10.58801 6.88933 8.438041 8.669835 10.77957 11.56763
7.399725 7.399725 7.06475 6.971506 6.674054 6.682943 6.718328 9.092958 10.89408 11.14818 11.14818 9.162525 8.20635 8.156418 9.996406 9.996406 8.06695 8.06695 7.494495 9.12039 10.30366 10.48143 10.48143 10.33778 9.64768 7.790375 8.458459 8.619286 10.34951 10.34951 9.940906 9.060925 9.64132 9.64132 8.216975 6.043075 6.41683 7.101625 7.101625 9.651256 10.91838 10.98607 11.11569 11.11569 8.480175 10.37373 10.75882 10.99538 10.99538 10.44573 9.096889 7.710025 7.63228 7.55408 7.55408 7.405151 6.511125 6.928125 8.199216 10.11125 10.90195 10.90195 10.77815 9.89616 10.10159 10.15623 10.15623 9.25869
6.893112 7.114875 7.114875 7.4444 7.4444 6.660408 6.33547 8.35695 8.35695 8.417258 8.804962 9.5467 9.5467 7.942995 10.77613 10.77613 9.871125 10.05121 10.05121 9.97935 10.77295 10.77295 10.64417 9.068365 7.620475 7.396025 6.866125 6.9638 8.090405 8.090405 7.287425 9.262751 9.753245 9.874886 9.874886 9.544571 10.02717 10.02717 8.58915 10.82103 11.16848 11.23841 11.23841 11.02309 10.66565 10.98208 10.98208 10.73813 8.451023 7.803908 7.770779 7.770779 7.639196 7.354685 7.508769 7.508769 6.515407 6.826664 8.117057 8.117057 13.77481 13.77481 13.63828 11.14779 8.057057 8.265415 8.265415 8.443845
7.132473 7.300575 7.300575 7.162575 7.131855 6.961448 6.9178 8.488725 8.488725 7.53385 7.721 9.445551 9.994722 9.994722 8.922417 9.806885 9.806885 8.923245 9.284876 9.284876 10.7821 10.7821 9.947195 7.850075 6.474475 6.281175 6.6475 6.6475 5.73935 8.120871 10.7655 10.84839 10.84839 9.32989 10.01329 10.01329 10.26459 10.26459 9.436806 10.40184 11.25628 11.25628 11.00327 11.02049 11.02049 10.81873 9.906878 7.892925 7.773166 7.773166 7.766125 7.719125 7.137825 7.05685 7.05685 6.605542 6.338934 8.337898 9.649412 13.53333 19.02801 19.02801 18.23271 15.66405 9.68078 15.47729 15.47729 9.976875
7.1957 7.492125 7.492125 6.935546 7.983737 7.983737 7.7696 7.7696 7.3646 7.215075 9.652384 10.71621 10.71621 10.45491 10.26997 9.873834 7.822026 9.032197 9.952446 9.952446 10.66247 10.66247 9.283325 8.4959 6.42555 6.113593 6.113593 7.3616 10.30406 10.75533 10.75533 10.57803 9.565391 7.400275 7.32515 7.006625 7.38665 7.38665 7.249575 10.18022 11.1307 11.30493 11.30493 11.10758 11.02766 9.522412 6.938421 7.603802 7.784919 7.784919 7.366718 7.26201 6.761925 6.264523 6.17433 6.662024 6.662024 8.284887 10.40483 12.29265 12.29265 12.02068 9.26972 9.16147 19.82703 19.82703 14.34534 14.17828
6.3111 7.0113 8.033751 9.896536 9.896536 8.8708 7.712582 7.712582 7.686407 8.935414 9.033456 9.033456 9.49619 9.49619 9.768901 9.768901 7.664562 7.770104 8.254815 10.26967 10.33975 10.33975 9.89223 8.4936 5.07985 5.759699 5.759699 6.3772 7.327544 7.327544 7.473575 7.473575 7.292161 7.437325 7.492075 7.492075 7.48825 7.48825 5.393475 8.980895 10.06778 10.48796 10.48796 9.551051 9.551051 7.859649 7.489946 7.748721 7.9179 7.9179 7.441344 7.441344 7.504519 7.554016 7.554016 7.609051 7.609051 6.983608 6.893864 8.01003 8.01003 8.060949 9.7194 16.3721 20.28013 20.28013 7.83659 6.597028
7.858975 7.858975 7.344246 10.79955 10.79955 10.53781 7.00885 6.8805 5.695602 5.537519 7.435725 7.435725 8.517415 10.38063 10.38332 10.38332 9.405621 7.101092 8.857383 9.929146 9.929146 8.18559 7.94422 7.9132 7.6393 5.493834 5.754175 6.293101 7.241525 7.37155 7.4188 7.4188 7.11504 7.11504 6.877116 6.936693 6.936693 6.529223 7.817755 8.352533 8.352533 7.816144 7.816144 7.7888 7.817125 7.912256 7.912256 7.765614 7.882725 7.882725 7.789715 8.356375 8.866961 8.866961 7.90918 8.321031 8.321031 7.335019 10.53695 11.23801 11.23801 8.910862 13.51287 18.03343 19.86947 19.86947 9.703555 13.51037
7.842775 9.093835 10.06429 11.07223 11.07223 10.82463 9.847149 7.739631 5.33545 5.009625 6.914489 8.593589 10.11863 10.6714 10.92741 11.36692 11.36692 9.291359 8.695362 7.833815 7.833815 7.915169 7.915169 7.8853 7.854725 7.2559 6.621102 6.621102 6.84373 7.113128 7.380186 7.442293 7.442293 7.427325 7.42945 7.42945 7.5051 7.533413 7.970243 7.970243 7.406237 7.589275 7.589275 7.753625 7.8716 7.8716 7.7446 7.763525 7.978849 9.36425 9.36425 9.334045 8.290675 8.576725 8.576725 8.461699 7.230751 12.61984 13.25749 13.25749 10.82209 12.73147 12.73147 14.86627 14.86627 11.16067 10.1671 13.14643
