gis_files/meanticd.asc
ncols         625
nrows         694
xllcorner     895000
yllcorner     515000
cellsize      5000
NODATA_value  -9999
[rows 270 to 299 of 694, columns 134 to 200 of 625]
1.179425 1.8434 2.74659 5.213612 5.213612 1.450669 0.0425788 0.04382445 0.09152815 0.2285196 0.2285196 0.2529843 0.4504641 0.4504641 0.5837839 0.5837839 0.3115544 0.4697954 0.4697954 0.3904762 0.526817 0.5462406 0.5462406 0.664975 0.9576574 3.258368 5.11584 5.11584 3.687318 1.803782 0.9686 2.280206 2.280206 3.837179 5.318972 5.318972 7.853219 12.291 12.291 8.671921 4.570406 4.570406 4.449321 4.338363 3.17634 3.17634 3.895776 4.514884 5.72805 5.72805 3.52685 3.092481 3.438753 3.483254 5.78689 7.268646 7.268646 6.637366 11.33135 11.33135 5.935975 5.011308 3.426187 14.19705 14.19705 1.54075 1.54075
4.068175 4.068175 3.544261 6.195769 6.195769 0.1180453 0.1490212 0.1939674 0.1939674 0.2099239 0.2099239 0.16925 0.2998232 0.2998232 0.2123426 0.3269925 0.335243 0.4659335 0.4659335 0.4812339 0.4812339 0.675375 0.675375 0.3176692 1.368056 3.982984 3.982984 3.204394 2.973 2.973 1.522702 2.660914 2.660914 9.66467 10.16669 16.75342 16.75342 15.26456 5.906884 5.906884 4.843684 3.530957 3.520888 4.547755 4.547755 6.747275 6.747275 6.123703 6.123703 5.073935 4.359359 4.973702 4.973702 4.430475 9.46587 10.92251 10.92251 5.655787 7.8898 7.8898 7.591 7.591 7.565275 7.40015 7.40015 2.593 1.4499
2.4078 2.4078 5.910077 5.910077 3.870059 0.296447 0.1213587 0.1822727 0.2747506 0.2937186 0.2937186 0.5832071 0.5832071 0.6890126 0.6890126 0.5319396 0.2912661 0.3103856 0.3103856 0.2620454 0.7447815 1.127747 1.127747 1.713946 1.757872 1.757872 3.203149 3.203149 1.722136 1.722136 2.462603 2.642682 7.644462 8.53079 15.54745 15.54745 13.56777 6.682265 6.564894 6.564894 5.828517 4.537857 5.44015 6.98365 6.98365 5.79745 5.79745 4.280638 3.636473 4.145064 4.145064 4.613061 4.613061 8.189847 9.182454 9.182454 7.806168 5.639544 6.356125 6.356125 8.16485 13.95422 13.95422 13.40239 13.40239 1.672688 1.264975
3.628872 3.988147 4.258063 4.258063 1.484105 0.9334862 0.06383721 0.1025705 0.2178329 0.813924 1.399141 1.399141 0.3334336 0.3056456 0.3056456 0.3164872 0.3164872 0.436087 0.436087 0.3482279 1.292427 1.292427 0.8558398 2.629974 2.629974 1.824523 1.666323 3.218021 3.283979 3.283979 2.61008 2.863455 6.104293 15.56885 15.70072 15.70072 8.9339 5.601576 6.913394 6.913394 5.3606 6.090277 6.090277 5.088401 6.082217 6.082217 5.957218 8.75677 8.75677 8.263815 5.117059 6.723708 6.723708 4.650235 5.076195 6.29347 7.362137 7.362137 7.369775 7.602925 7.602925 8.73675 8.73675 14.32211 14.32211 2.09525 1.719275
3.24044 5.821171 5.821171 3.560325 2.494212 1.089004 0.0503003 0.04262295 0.1275584 0.3320213 1.048687 1.048687 0.4443478 0.4422449 0.4422449 0.3866925 0.3696649 0.2018299 1.053333 1.254486 1.710505 1.710505 1.023429 2.034036 3.219224 3.288544 3.288544 2.748098 3.480266 3.480266 2.942274 7.064742 7.856676 15.24238 15.24238 9.609667 7.006441 7.006441 5.381501 7.202137 7.202137 7.23724 14.07543 14.07543 10.18721 6.363114 7.0662 7.249679 7.249679 8.267189 8.267189 5.592577 4.276988 3.8571 10.43918 11.9377 11.9377 10.6141 7.819597 8.60905 8.60905 6.47395 5.190025 4.674762 1.447904 1.43025 1.43025
2.8162 5.226401 5.226401 1.848452 0.9534906 0.1333427 0.1333427 0.1005357 0.364171 1.477203 1.477203 0.1618797 0.7719321 0.7719321 0.8194318 0.8194318 0.6320812 0.6320812 1.551511 2.249086 2.438783 2.438783 2.165216 5.104787 7.060241 7.060241 6.52211 4.439593 4.439593 3.835304 3.835304 15.31155 15.31155 4.601724 6.126584 8.220125 11.13915 11.13915 7.483775 6.63135 11.34702 20.234 20.234 13.66788 9.156842 8.618231 6.35139 6.35139 4.954589 5.359385 5.359385 5.603969 6.446684 7.415588 8.896589 9.955452 10.40913 10.40913 7.645445 7.66775 7.66775 6.356325 1.647045 1.780825 1.780825 3.0723 8.673625
3.912448 3.912448 2.617807 1.412593 0.3137294 0.28168 0.1961721 0.1392373 0.1392373 1.097735 1.097735 0.2505794 0.6670781 0.6670781 0.6897436 0.7862468 0.7862468 0.5573869 0.6154444 1.04994 7.482619 7.482619 6.075936 5.987234 4.989894 7.025013 7.025013 6.871384 3.067719 4.112569 10.59089 18.5563 18.5563 16.01243 11.19274 7.397375 10.25502 14.4401 14.4401 12.4448 10.33916 6.682228 5.657235 5.362093 4.468627 4.146148 4.030129 4.206477 4.856508 4.856508 4.662396 10.04148 10.27818 10.27818 9.102546 11.16066 11.16066 11.02945 11.02945 9.448028 5.65401 4.68155 1.25785 0.898525 1.959975 12.76383 12.76383
2.82343 2.202537 1.176181 0.2968734 0.1205882 0.2301837 0.2301837 0.508708 0.7949874 0.8647959 0.8647959 0.4549618 0.1608794 0.3394359 0.344131 0.344131 0.2404557 0.2404557 1.027591 6.661053 6.661053 5.497353 5.497353 7.428144 7.428144 7.176338 7.078338 6.454206 6.454206 7.718728 12.36021 12.36021 10.5655 2.260657 2.910787 4.286717 10.4934 13.08496 13.08496 5.541675 4.649539 3.622638 4.942359 4.942359 3.924105 3.256605 3.048654 4.024562 4.024562 4.512268 5.708724 10.8193 14.27019 14.27019 9.347411 13.23488 13.23488 11.45584 10.64565 7.518125 7.518125 3.13799 1.160377 1.515125 4.080225 10.36518 10.36518
5.333308 0.6551807 0.2918449 0.1446154 0.123937 0.1780251 0.3735567 0.6369674 0.6787374 0.8453535 1.331875 1.331875 0.3381074 0.3381074 0.1939295 0.1839353 0.3942971 0.469401 2.215301 2.215301 3.047044 4.310888 6.148643 6.753033 7.66069 7.766794 7.766794 6.894097 6.894097 10.76772 10.76772 6.813947 2.292166 2.905633 3.301496 3.301496 9.160229 9.160229 3.3876 3.601148 3.601148 3.771862 3.771862 2.943506 2.731887 2.722571 3.276032 4.933081 4.933081 5.520255 5.692625 13.38452 13.38452 12.51871 7.055533 12.52417 12.77822 12.77822 9.97803 8.585959 8.585959 4.937745 6.758927 6.758927 3.7271 3.769424 3.769424
1.430156 0.346264 0.1219885 0.1444647 0.1444647 0.1136842 0.6908073 0.6908073 0.6984718 0.6984718 0.2649873 0.3654408 0.4678406 0.4678406 0.3019949 0.4030585 0.5247108 3.057775 3.202326 3.202326 7.339772 7.817864 7.861653 7.861653 7.287417 7.415025 7.966449 8.139816 8.139816 7.679394 4.995134 4.118916 4.118916 3.945863 4.0395 4.0395 2.132653 3.009875 3.009875 3.401153 4.761418 4.761418 4.656913 3.404496 2.518865 2.86594 2.86594 3.546011 6.461883 11.06158 11.06158 7.564042 8.218753 9.65963 14.10907 14.10907 12.47207 9.026542 7.130533 11.10146 11.10146 19.25398 26.95143 26.95143 23.73352 13.11037 12.63841
4.761609 4.761609 0.65792 0.4637047 0.2838258 0.4810666 0.5047792 0.6286902 0.6286902 0.4115522 0.5348607 0.5348607 0.41677 0.41677 0.36375 0.3075949 0.511325 0.8615578 2.6459 5.606547 5.606547 7.025744 7.510865 7.510865 8.451947 11.46606 11.46606 9.543721 6.143766 5.588928 5.588928 4.722721 4.722721 4.113852 2.547596 2.845732 3.400302 3.400302 2.814625 2.6423 2.894005 2.894005 2.54788 4.623346 4.86787 4.86787 4.410077 6.120981 9.06752 9.06752 7.396821 7.396821 10.26265 15.35666 15.52319 15.52319 12.98955 7.963089 7.963089 11.42099 13.28127 14.6048 24.02678 24.02678 22.5612 20.10297 18.22436
2.13 2.13 0.4929513 1.392647 1.392647 1.123661 0.2882663 0.2882663 0.3920052 0.4788064 0.4788064 0.3792784 0.3943666 0.3943666 0.3039394 0.3320551 0.3657468 0.5132042 0.8346907 4.472689 9.592143 9.592143 7.742306 8.189123 11.2259 11.2259 8.616487 8.616487 4.792736 4.940429 4.940429 3.720687 3.720687 1.388338 1.818448 3.257425 3.257425 2.497 2.123133 2.306675 2.358647 2.372015 3.552027 10.4609 10.4609 6.560564 4.83257 4.83257 4.774575 4.774575 5.360813 6.179331 12.28237 14.02415 14.02415 9.207569 7.707708 9.054119 9.054119 11.22731 11.22731 10.72609 24.79556 24.79556 19.69507 16.89747 16.89747
1.26276 0.9166319 0.0860929 0.4292694 0.6186107 0.6186107 0.2488471 0.2334 0.7841709 0.7841709 0.4645596 0.4645596 0.3014394 0.6101842 0.6101842 0.4875253 0.2966076 0.6488976 2.740154 6.187959 8.263783 10.30034 10.30034 13.08424 13.08424 10.45337 11.00181 13.80395 13.80395 4.31805 4.31805 2.326615 1.057315 1.215452 2.016919 2.428797 2.96801 2.96801 2.625443 2.625443 2.499875 3.401233 3.401233 4.084257 4.79991 4.79991 5.039563 5.039563 4.834372 6.124835 6.386611 9.268286 17.89665 17.89665 14.48363 7.330775 7.20718 8.441322 13.02277 13.02277 7.933279 9.943376 24.49265 24.49265 20.60275 14.21411 14.21411
0.3748378 0.1383784 0.1383784 0.210446 0.4761111 0.5648843 0.8585233 0.8585233 0.8291184 0.8291184 0.5931795 0.5544081 0.5544081 0.5112271 0.5112271 0.3569036 0.2107125 4.158912 4.201243 9.496873 9.496873 11.14287 13.01816 13.01816 10.61216 15.38106 15.45389 17.51907 17.51907 7.622368 4.233778 2.4378 2.138478 2.138478 2.133791 2.880611 2.969547 4.767766 4.767766 5.174775 5.174775 3.523402 2.917804 3.636256 3.81925 7.79245 7.79245 4.688175 4.428325 4.106272 4.224177 6.464155 15.65398 15.65398 8.973241 6.137582 7.683813 7.683813 10.92918 10.92918 12.37256 12.37256 15.07025 18.17545 18.17545 4.150325 6.600856
1.223114 0.1255389 0.1741444 0.178401 0.4652393 0.4652393 0.2342159 0.2049871 0.2049871 0.3657716 0.3657716 0.393972 0.6994504 2.065158 2.065158 0.4132308 0.746919 4.704639 7.761096 7.761096 10.95578 10.95578 8.012031 8.447859 11.59722 13.02864 13.02864 12.34142 12.34142 5.735075 4.506919 1.71876 1.485088 1.924861 3.973481 4.837236 4.837236 4.131425 6.72495 12.29664 12.29664 7.019766 2.948675 7.318705 12.59046 19.01645 19.01645 12.04255 4.3882 5.385714 6.746997 14.78026 14.78026 11.61869 12.76697 12.76697 9.868346 8.945374 11.3434 12.22757 12.22757 17.84552 18.73845 18.73845 9.360623 4.683825 4.520852
0.9758046 0.9758046 0.4293005 0.4293005 0.2891815 0.2891815 0.3277834 0.3277834 0.3060519 0.4313542 1.200545 1.200545 0.9614417 1.183838 1.183838 2.210734 4.162857 4.162857 10.53533 10.53533 10.47597 7.350505 4.180757 5.782712 8.741281 8.741281 7.925125 7.925125 6.0295 6.0295 4.7017 6.252 6.252 5.51745 5.793675 5.793675 5.280652 5.63573 6.109817 6.313838 11.58683 11.80738 11.80738 11.11798 20.64503 20.64503 21.58935 21.58935 9.153825 5.334472 7.243551 9.086867 9.086867 6.820502 10.00448 11.12484 11.73782 11.73782 10.52907 11.34914 11.34914 9.9071 16.72753 16.72753 11.18982 9.0892 4.67825
1.267878 0.560551 0.1801626 0.1801626 0.2389812 0.2389812 0.20435 0.2025 0.1955 1.247959 2.255212 2.255212 1.517209 0.9644629 1.254447 2.34 10.58843 10.58843 13.17312 13.17312 11.95273 11.95273 5.975014 5.975014 5.19508 6.599805 6.599805 7.155239 7.231904 7.231904 1.981688 4.557675 4.961525 4.961525 4.607375 9.210075 9.210075 8.125881 8.924032 15.28554 15.28554 11.64669 15.40106 24.2858 24.2858 22.71015 25.37383 25.37383 19.63715 5.165438 7.958898 10.78183 10.78183 10.09735 9.819625 10.1388 11.12142 11.12142 8.728392 9.078506 9.078506 10.37196 14.12 14.12 11.46668 6.424775 5.776642
0.5303581 0.5303581 0.09056023 0.1808421 0.1917259 0.1917259 0.2148492 0.2393 0.3951802 0.507724 2.178197 2.178197 0.8170683 0.3512814 0.8140602 3.83404 10.21482 12.79445 12.79445 11.71494 11.59462 11.59462 4.918702 5.086822 5.086822 4.92352 4.92352 6.344394 6.344394 4.4797 4.726316 4.726316 4.56035 3.942775 3.85376 8.752425 15.42135 15.42135 14.00085 20.92913 20.92913 17.89543 12.7455 12.7455 12.07298 12.07298 12.72567 23.8327 23.8327 12.20728 14.37822 14.37822 11.21936 11.21936 10.36749 10.36749 8.383164 8.067584 8.525175 8.525175 7.578226 7.578226 8.599139 11.13367 11.13367 4.089529 3.623825
0.7941108 0.7941108 0.1077062 0.1476 0.1476 0.278425 0.278425 0.234411 0.234411 0.2103509 0.3234011 0.3498971 0.3498971 0.907225 3.894325 5.145674 9.19975 9.603267 9.603267 14.24283 14.24283 13.36212 7.328442 4.969622 4.969622 6.904929 6.904929 1.1049 7.6796 11.34255 11.34255 3.13915 2.371925 4.8646 11.8653 19.32598 19.32598 18.99008 14.34083 25.71021 25.71021 21.39282 6.96345 14.8774 15.2927 15.2927 10.79645 21.40163 21.94411 21.94411 9.9339 9.9339 11.40389 11.40389 10.02667 9.411529 8.179872 11.12613 11.12613 8.759273 7.241353 7.601516 9.430184 14.68503 14.68503 7.683536 4.526587
1.718404 1.718404 0.2404255 0.6810076 0.6810076 0.15735 0.162575 0.162575 0.213925 0.2511196 0.2773048 0.3433838 1.131775 1.362575 1.861525 5.107139 7.835897 7.835897 4.110754 13.42145 15.82785 15.82785 8.284214 5.48449 5.870117 5.870117 5.199311 3.341575 20.02398 20.02398 12.23427 9.65309 9.65309 12.34838 13.44452 13.44452 13.33638 11.02269 11.13 26.5936 26.5936 26.0353 10.95627 4.84475 11.43067 14.86782 14.86782 12.33573 25.88028 25.88028 18.44 8.162429 10.49039 10.80968 15.1893 15.1893 6.991306 11.6455 11.6455 7.932256 7.932256 7.272166 10.27525 10.27525 8.236281 6.356075 6.356075
4.412593 3.65247 0.4701037 0.2072682 0.2072682 0.1250877 0.1419549 0.26175 0.4475321 0.4475321 0.4800259 0.4800259 0.6905513 1.309749 1.309749 1.539023 4.554253 4.554253 4.602185 12.58371 13.73606 13.73606 11.28831 5.716835 9.226224 9.226224 5.982521 3.361249 4.500225 4.944925 4.944925 11.21038 11.21038 12.22661 13.8565 13.8565 20.27694 25.15034 25.50009 25.50009 27.02952 27.02952 16.67563 4.8396 4.8396 5.958575 7.238866 9.66835 20.03376 25.81367 25.81367 12.3913 12.3913 11.1662 13.7726 13.7726 6.486075 12.07157 12.07157 9.467675 10.57785 10.57785 10.37972 10.37972 9.512609 8.715558 10.39687
2.296448 5.114422 5.114422 0.19995 0.4215288 0.4215288 0.221599 0.2567677 0.2914357 0.2914357 0.352037 0.4015617 0.4015617 0.32215 0.805827 2.133858 3.940995 5.463617 7.402605 10.99319 10.99319 13.02407 13.02407 6.81703 12.2921 12.2921 6.580329 8.679925 9.290553 9.290553 7.2747 7.2747 3.839975 8.73815 13.86167 17.8281 17.8281 18.10824 18.10824 23.17118 23.17118 13.97622 4.9557 4.9557 3.900425 3.900425 5.45565 18.2225 18.2225 16.37597 19.70742 19.70742 10.96358 11.91383 12.9119 12.9119 10.13465 10.13465 8.452871 8.452871 9.696325 11.98225 11.98225 11.26305 11.26305 11.66208 11.66208
1.074509 1.600698 2.73352 2.73352 0.4833418 0.4833418 0.3405249 0.3405249 0.2959398 0.4557909 0.4557909 0.5188972 0.5188972 0.3258942 1.427087 2.561279 3.655387 4.371123 7.692208 10.02668 12.69347 12.69347 10.99065 7.696304 4.60105 3.249291 2.770485 9.595489 9.595489 9.381633 11.78459 11.78459 1.8967 1.811025 1.1895 2.385925 3.19295 3.19295 9.295194 9.295194 8.59542 8.428468 8.428468 5.440125 4.832175 5.030456 5.030456 9.1378 10.38601 10.38601 9.878257 13.46972 13.46972 13.4927 13.4927 12.82597 11.05755 8.91255 9.37605 9.37605 11.62278 11.62278 11.50335 12.29857 12.29857 14.70272 14.70272
4.817605 0.6242966 1.689572 1.689572 0.3069248 0.2144388 0.2102362 0.2815325 0.5718898 0.5718898 0.5180352 0.4962133 0.4262725 0.4262725 0.639467 3.675471 3.675471 6.430942 6.796296 10.83109 10.93031 10.93031 9.927995 6.325211 5.160975 6.51515 6.51515 7.2216 7.2216 6.202406 4.32135 5.94975 5.94975 3.7522 0.678225 4.95405 4.95405 1.855032 5.618 5.618 5.35079 4.751606 4.751606 3.194525 3.194525 2.575308 2.575308 5.964175 6.923434 10.8614 10.8614 6.912842 5.889347 13.78673 13.78673 13.07813 11.87673 8.4461 10.43699 10.43699 12.13863 12.13863 11.84521 13.4363 13.4363 12.32692 11.04233
4.88859 0.6226359 0.847036 1.525071 1.525071 0.7613418 0.2224495 1.756859 1.756859 0.3050633 0.4488541 0.4488541 0.5259278 0.5793059 1.341439 6.947357 6.947357 4.044256 5.889978 7.969116 9.131227 9.131227 8.511166 8.512115 8.512115 7.502262 8.2352 8.2352 5.31785 2.016825 1.550505 1.10955 2.291575 2.291575 2.450275 4.237762 4.563701 11.97196 13.0475 13.0475 11.20878 4.680811 1.692071 1.692071 2.155113 3.524075 4.8277 7.836156 9.645125 11.07509 11.07509 8.791342 8.036752 11.91561 13.19032 13.19032 12.65938 9.678047 10.32775 12.4807 12.4807 7.352825 8.401649 8.408425 8.408425 9.2944 10.3133
2.290256 1.274962 0.9995775 4.99537 5.390106 5.390106 3.001575 5.596475 5.596475 3.177268 0.3425255 0.5091842 0.8128682 0.8128682 1.011075 4.054275 4.054275 3.91794 3.776209 5.921893 7.302134 7.302134 4.249945 4.391078 4.391078 4.227745 4.227745 4.118367 1.3701 3.617694 3.617694 2.973475 3.60485 4.062625 4.062625 4.664669 6.687455 10.78801 10.78801 13.0409 13.0409 8.256951 4.18179 4.356375 4.356375 4.737875 6.5277 9.105052 9.105052 9.290055 9.933342 9.933342 8.528047 8.840163 13.42479 13.42479 12.13306 12.13306 11.88217 9.091775 9.091775 9.788237 9.788237 8.799006 8.96935 9.45564 9.935025
7.078734 7.078734 6.566264 6.275106 6.275106 5.724942 5.6085 5.579696 5.621548 5.621548 5.483454 4.061178 0.7520153 1.360596 3.456678 3.456678 0.837475 0.5799743 2.5399 5.550379 5.550379 3.345197 1.574611 1.111159 1.14745 1.14745 1.417769 1.714598 1.77615 3.356366 5.203025 5.203025 5.026525 6.387337 6.387337 5.486231 12.49403 12.49403 9.548636 12.39262 12.39262 8.192905 3.927975 3.054322 5.166491 5.166491 4.535365 6.381538 6.381538 8.651089 10.22 10.55018 10.55018 10.10844 10.10844 10.81325 11.00012 11.00012 9.178462 8.649205 6.511975 8.331899 8.331899 7.682175 7.682175 7.064725 7.064725
4.294472 4.294472 3.100583 4.823174 5.392725 5.392725 4.77185 4.77185 6.096287 9.807356 10.82108 10.82108 2.741929 0.8054135 0.8054135 0.6616541 0.5900257 1.698883 4.487584 5.145668 5.145668 5.092775 1.770276 1.657859 1.657859 1.369723 1.59865 1.93945 1.97235 1.97235 2.612581 2.612581 3.589141 6.207244 6.207244 7.798969 11.89439 14.47936 14.47936 14.63197 14.63197 6.61383 7.6747 7.6747 4.797318 4.55435 6.673838 8.191405 8.191405 9.077074 10.80622 10.80622 13.0207 13.0207 7.003584 6.396775 8.872119 8.872119 7.05535 6.0437 6.0437 4.828557 3.933925 7.188375 7.188375 5.9539 9.088346
3.568804 4.289264 4.289264 5.086327 5.086327 4.711852 4.111069 5.658561 5.658561 13.20695 17.0577 17.0577 9.051275 0.953593 0.54065 0.6890211 0.6890211 2.727786 3.852519 3.852519 3.848471 3.137857 2.783595 1.917725 1.917725 1.584935 2.139499 2.60782 4.228392 4.228392 2.760551 3.4826 3.4826 2.617405 3.094139 12.096 12.096 15.78971 15.78971 12.35775 12.35775 6.362105 6.241325 5.709825 3.721649 6.214424 6.694268 7.520375 7.907474 9.47199 9.47199 13.57277 13.57277 10.44975 10.44975 9.683675 4.778775 8.165825 8.165825 5.897114 8.277626 8.277626 5.657824 5.96235 6.07098 9.3689 10.78142
2.424029 3.014898 4.637969 6.566271 6.566271 4.585826 1.896291 2.451985 5.314648 15.23146 17.06932 17.06932 13.56461 4.402875 0.4561209 0.5753788 7.726804 7.726804 9.14266 9.14266 9.815503 9.815503 3.624386 1.943201 2.273936 2.273936 1.484131 2.17805 3.517594 3.517594 5.22825 5.22825 4.073899 4.24292 4.24292 2.077895 9.150769 9.6201 9.6201 12.18109 12.18109 9.029625 6.205057 4.470504 5.311654 5.944327 5.944327 8.3261 8.3261 10.01902 10.01902 12.9401 12.9401 8.710299 9.073649 9.073649 7.12175 7.8819 7.8819 3.758367 5.282519 7.50984 7.50984 6.37805 8.53593 10.83138 12.4673
