gis_files/meantocd.asc
ncols         625
nrows         694
xllcorner     895000
yllcorner     515000
cellsize      5000
NODATA_value  -9999
[rows 210 to 239 of 694, columns 68 to 135 of 625]
-9999 -9999 -9999 -9999 -9999 -9999 -9999 -9999 -9999 -9999 -9999 -9999 -9999 -9999 -9999 -9999 -9999 -9999 -9999 -9999 -9999 -9999 -9999 -9999 -9999 -9999 -9999 -9999 -9999 -9999 -9999 -9999 -9999 -9999 -9999 -9999 3.553168 4.540207 4.540207 5.0778 5.0778 4.243275 5.117125 5.78395 5.78395 5.477638 3.860557 3.726121 3.888321 3.888321 3.857512 3.299816 4.778957 4.778957 4.873125 4.873125 3.96795 3.390975 3.107275 3.687225 3.75625 3.75625 3.515625 3.515625 3.3868 3.288922 3.356675 3.356675
-9999 -9999 -9999 -9999 -9999 -9999 -9999 -9999 -9999 -9999 -9999 -9999 -9999 -9999 -9999 -9999 -9999 -9999 -9999 -9999 -9999 -9999 -9999 -9999 -9999 -9999 -9999 -9999 -9999 -9999 -9999 -9999 -9999 -9999 0 3.52907 5.56835 5.56835 5.433283 4.929975 4.852352 4.494142 4.826101 5.724275 5.724275 4.2419 3.629444 3.629444 4.20505 4.526445 4.526445 4.165155 5.177372 5.177372 4.5117 3.980825 3.906575 3.112675 3.34645 3.863375 3.863375 3.5693 3.5693 3.644122 3.644122 3.629325 3.629325 3.1199
-9999 -9999 -9999 -9999 -9999 -9999 -9999 -9999 -9999 -9999 -9999 -9999 -9999 -9999 -9999 -9999 -9999 -9999 -9999 -9999 -9999 -9999 -9999 -9999 -9999 -9999 -9999 -9999 -9999 -9999 -9999 -9999 -9999 -9999 3.279512 5.4806 5.4806 5.350077 5.471544 5.471544 4.284835 3.91065 5.227092 5.806345 5.806345 4.4105 3.809875 3.753056 3.953979 5.325857 5.325857 5.371414 5.371414 5.163529 4.374925 4.374925 4.25745 4.25745 3.969223 4.084625 4.343164 4.343164 3.90053 3.780699 3.622375 3.435325 3.451375 3.451375
-9999 -9999 -9999 -9999 -9999 -9999 -9999 -9999 -9999 -9999 -9999 -9999 -9999 -9999 -9999 -9999 -9999 -9999 -9999 -9999 -9999 -9999 -9999 -9999 -9999 -9999 -9999 -9999 -9999 -9999 -9999 -9999 -9999 1.765143 5.190457 6.0386 6.0386 5.4501 5.361544 5.361544 4.568586 5.071256 5.071256 4.997551 4.986234 3.867103 4.018401 4.018401 3.99624 4.546616 5.813593 5.813593 5.396225 5.21303 5.519745 5.519745 4.5371 4.507333 4.507333 4.27659 3.077176 2.575592 3.654464 3.654464 3.40765 3.3873 3.3873 3.190875
-9999 -9999 0 0.3340001 0.7441429 1.159648 1.159648 -9999 -9999 -9999 -9999 -9999 -9999 -9999 -9999 -9999 -9999 -9999 -9999 -9999 -9999 -9999 -9999 -9999 -9999 -9999 -9999 -9999 -9999 -9999 -9999 -9999 -9999 3.092275 5.482231 5.89705 5.89705 5.628295 5.628295 5.446872 5.299721 5.383785 5.383785 5.27985 5.27985 4.695639 4.737576 4.737576 6.04715 6.04715 5.97085 5.4601 5.21505 4.9261 4.651151 4.570442 4.196446 3.685177 3.035875 3.098363 3.098363 2.619215 3.637453 3.637453 3.156475 3.12275 3.04945 3.04945
-9999 0 1.012562 1.044825 1.22275 1.22275 1.198825 1.198825 -9999 -9999 -9999 -9999 -9999 -9999 -9999 -9999 -9999 -9999 -9999 -9999 -9999 -9999 -9999 -9999 -9999 -9999 -9999 -9999 -9999 -9999 -9999 -9999 -9999 2.89532 5.203044 5.37405 5.37405 5.199 5.474224 5.474224 5.168338 4.305089 4.305089 4.101342 4.101342 4.185142 4.721575 5.584097 5.584097 5.4629 5.14485 5.04282 3.910932 3.813289 3.705814 3.60072 3.652725 3.652725 2.753165 2.08615 2.0891 2.357417 2.695079 2.695079 2.46055 2.603 2.72575 2.72575
0.3175001 1.132718 1.3725 1.3725 1.031725 1.081125 1.081125 0.8405001 0.5394416 -9999 -9999 -9999 -9999 -9999 -9999 -9999 -9999 -9999 -9999 -9999 -9999 -9999 -9999 -9999 -9999 -9999 -9999 -9999 -9999 -9999 -9999 -9999 0 3.91215 5.17748 5.6291 5.6291 5.752093 5.87594 5.87594 5.110762 4.442912 4.442912 4.925584 4.925584 4.843342 5.598455 5.901909 5.901909 5.6837 5.6837 5.4247 5.02465 4.45075 4.904825 4.904825 5.105318 5.105318 4.576086 2.28025 2.22 2.299484 2.35173 2.35173 2.377575 2.55345 2.55345 3.95805
0.9690027 1.0286 1.180775 1.180775 0.8808252 0.9619001 0.9619001 0.9474002 0.4784501 -9999 -9999 -9999 -9999 -9999 -9999 -9999 -9999 -9999 -9999 -9999 -9999 -9999 -9999 -9999 -9999 -9999 -9999 -9999 -9999 -9999 0 3.528518 4.14289 5.295853 5.521935 5.521935 5.80605 5.80605 5.687839 5.669266 4.433547 4.286856 4.353282 4.765255 4.765255 5.689194 5.689194 5.271667 5.67125 5.67125 5.5581 5.1877 4.415075 4.3944 4.162903 3.621 3.116175 4.7209 4.7209 3.74435 2.168889 3.524656 3.524656 2.371275 2.645475 2.645475 2.516075 3.036925
0.8909502 0.8909502 0.9249002 0.9763001 0.9763001 0.9378502 0.9995502 0.9995502 0.8885002 -9999 -9999 -9999 -9999 -9999 -9999 -9999 -9999 -9999 -9999 -9999 -9999 -9999 1.297222 2.464746 2.464746 0.9146667 0.73 0.4909091 1.809041 3.135928 5.403945 5.403945 5.545117 5.693789 5.693789 5.932092 6.102907 6.102907 6.08415 5.697238 5.556289 4.043054 3.589566 4.256285 5.438709 5.8035 5.8035 4.589925 4.738525 5.11895 5.11895 4.49695 4.49695 3.710175 3.388319 3.258553 3.601925 3.8916 3.8916 2.81815 2.10335 2.10335 1.9062 2.4561 3.42515 3.42515 3.2628 3.2628
0.8532252 1.0708 1.255925 1.429425 1.429425 1.1214 0.9990502 0.9085502 0.8929502 0.4372468 -9999 -9999 -9999 -9999 -9999 -9999 -9999 -9999 0.8370513 1.470846 1.538567 1.538567 2.448692 2.448692 2.430508 2.379275 2.379275 2.383914 2.755949 4.1417 5.102116 5.102116 5.514483 5.653728 5.75038 5.75038 5.716427 5.716427 5.524408 5.524408 4.862436 4.375114 4.050793 4.662329 5.79725 5.9405 5.9405 4.229025 3.8715 3.38695 3.8679 3.8679 3.050175 2.571486 2.347625 3.477575 4.082175 4.082175 3.7942 3.7942 3.3242 2.723375 2.424725 2.47675 3.116575 3.708775 4.681725 4.681725
0.9428501 1.06945 1.07965 1.2228 1.2469 1.2469 1.07305 1.0486 0.9694002 1.775339 -9999 -9999 -9999 -9999 -9999 0.2 0.7174684 1.409873 1.76105 1.843049 1.843049 1.768677 2.031178 2.09911 2.459491 2.459491 2.207569 3.087154 3.42025 4.198076 4.323766 4.323766 4.26597 4.907832 5.430102 5.67317 5.67317 5.488299 5.488299 5.372097 4.9411 4.010469 5.3214 5.3214 5.4747 5.4747 4.496575 2.223273 1.916175 2.631475 2.989875 3.34505 3.34505 2.7253 3.17865 4.04465 4.349725 4.349725 3.917325 3.917325 3.96235 3.96235 3.243775 3.74355 3.74355 4.524625 4.524625 4.177825
1.08585 1.181875 1.181875 1.1656 1.1656 1.16285 1.09315 1.233225 2.65925 3.364911 3.537701 3.537701 1.530179 1.165846 1.425808 1.643622 1.719949 1.810025 1.810025 1.80599 1.802026 1.588753 2.003581 2.630541 2.630541 2.729724 2.729724 2.682785 2.65041 4.464859 4.464859 4.221458 5.040253 6.026398 6.026398 5.821002 5.114812 5.114812 4.845903 4.2775 4.763131 5.08255 5.08255 4.89495 4.758287 4.740151 3.175175 2.717675 2.33385 2.33385 2.932506 3.34605 3.34605 3.7297 3.766575 3.766575 3.574275 3.574275 3.550275 3.454325 3.454325 3.015825 3.11845 3.586975 3.954775 3.954775 3.7524 2.953675
1.212675 1.06535 1.06535 1.0252 1.034175 2.722525 2.8452 2.8452 3.1195 3.224075 3.278125 3.49025 3.49025 3.541281 3.541281 1.842268 1.842268 1.813325 1.8425 1.908779 1.908779 1.726495 1.923899 3.529008 3.529008 2.94267 2.82095 2.224573 4.046861 5.091167 5.091167 5.313903 5.992233 5.992233 5.648359 5.648359 5.358753 4.403426 4.369745 4.369745 5.7522 5.8952 5.9925 5.9925 5.335101 3.234962 3.122175 3.15665 3.15665 2.629217 2.830276 3.521875 3.54985 3.7863 3.7863 3.5895 3.655325 3.655325 3.410175 3.387175 2.953275 2.922 2.922 2.779175 3.139875 3.139875 3.08615 2.859
1.1814 1.0072 1.0072 1.330625 3.0648 3.5486 3.5964 3.5964 2.907375 1.976025 1.883636 2.515754 2.515754 2.681269 2.681269 1.852893 1.852893 1.900722 2.093454 2.093454 1.82772 1.639442 1.627462 3.714623 3.714623 3.165316 3.4291 3.4291 4.5551 5.288615 5.288615 5.0903 5.4103 5.601771 5.601771 4.678766 4.74235 4.74235 4.83085 4.83085 4.86615 4.86615 4.6896 4.268125 3.593077 3.593077 2.634733 2.538475 2.31975 1.941604 3.113221 3.594875 3.594875 3.588925 3.588925 3.666 3.666 3.5871 3.150525 2.92535 2.80125 2.835825 3.512725 3.512725 3.328125 3.164075 3.16005 3.257625
1.31345 1.3974 2.470825 3.9088 3.9088 2.92105 2.423785 2.423785 2.14301 1.529898 1.571514 1.667201 1.667201 1.626513 1.832634 1.883604 2.045279 2.125788 2.125788 1.972872 1.909721 1.702137 1.4225 3.52935 3.52935 3.58725 4.8636 4.8636 3.472864 3.718136 4.43825 5.2847 5.84965 5.899799 5.899799 5.598094 5.120157 5.105674 4.498 3.96765 5.39985 5.39985 3.78955 2.794135 2.794135 2.606956 2.71035 2.71035 2.1439 2.3279 3.3073 3.3073 3.26035 3.68935 3.68935 3.618875 3.287725 2.8827 2.619225 3.148325 3.335825 3.6094 3.6094 3.303125 3.156875 3.0249 3.07015 3.41
1.465139 2.152595 3.388175 3.388175 2.420475 1.560308 1.560512 1.989392 1.989392 1.587764 1.492097 1.532325 1.716 1.897303 1.897303 1.941637 1.971173 1.971173 1.869646 1.85665 1.85665 1.591192 1.341275 2.4288 3.171538 3.78515 4.2149 4.2149 4.2245 5.08106 5.509447 5.509447 5.6844 5.969215 5.969215 6.155152 6.165063 6.165063 5.58235 4.2713 4.52365 4.52365 3.180725 1.50215 1.609746 2.205075 2.790475 2.790475 2.729147 2.355075 2.903175 3.028025 3.028025 3.1949 3.1949 3.084625 2.33725 2.230525 2.646 2.646 2.966775 3.32605 3.473575 3.599975 3.599975 3.2366 3.22135 3.134325
1.61738 1.94533 1.94533 1.69 2.120203 2.120203 2.142111 2.56801 2.849513 2.849513 2.77524 1.881738 2.177907 2.392821 2.392821 1.89736 1.89736 1.882228 1.830052 1.830052 1.596692 1.521425 1.5734 1.730603 4.336564 4.336564 5.08105 5.265051 5.265051 4.847008 4.726256 4.94733 4.94733 5.111683 6.315275 6.315275 5.994271 5.769326 5.397 5.397 4.21145 2.893075 1.8101 1.34565 1.588225 2.809975 2.842418 3.043394 3.043394 4.1129 4.1129 2.8324 2.8324 2.674475 2.674475 2.6537 1.9719 1.883725 1.980675 2.05245 2.424825 2.703825 2.72195 3.328163 3.407425 3.407425 3.14285 3.026325
1.9124 2.292922 3.236015 3.369499 3.955252 3.956203 3.956203 4.050288 4.296931 4.296931 3.980909 3.614077 3.412832 3.412832 2.608487 1.875937 1.887217 1.887217 1.807449 1.755533 2.495175 2.495175 1.591609 1.591609 3.8832 4.524773 4.76305 4.76305 3.776172 4.133395 4.133395 5.206966 5.81265 5.81265 5.880225 5.880225 5.501913 5.298312 5.298312 4.571035 3.2533 3.72185 3.72185 1.86915 2.220025 2.220025 2.120175 2.8222 2.8222 1.9938 1.9292 1.91795 1.91795 2.173775 3.03775 3.03775 2.565825 2.195975 2.165775 2.165775 2.28395 2.41285 2.41285 2.501875 2.71665 2.91835 3.046375 3.046375
1.54802 3.288016 3.379154 4.154736 4.154736 3.906964 2.636733 2.165208 2.372016 2.372016 3.380619 4.708062 4.708062 4.452872 3.940415 3.487459 2.61295 2.127959 2.066056 1.68045 1.68045 1.6222 2.477968 2.477968 3.316158 3.437912 3.525556 3.536997 4.587364 4.587364 4.9436 5.582138 5.84435 5.84435 5.4684 4.540325 4.000551 5.20495 5.20495 5.109123 4.252674 3.458625 3.458625 2.493225 2.248212 1.925775 1.9246 1.811975 1.811975 1.811975 1.80295 1.8118 1.859525 1.859525 2.101425 3.408575 3.408575 2.17655 2.2157 2.2157 2.20375 2.234725 2.234725 2.183475 2.49155 2.6224 2.798925 2.798925
2.191654 2.478734 2.732078 2.732078 2.268198 1.994675 2.124783 2.136473 2.136473 1.888951 1.772617 2.352033 3.650419 3.650419 3.954962 3.954962 2.674636 2.570545 2.65475 2.65475 2.34705 2.067817 2.067817 2.060675 2.7586 3.97885 3.97885 4.92845 5.11385 5.11385 4.6892 5.394683 5.394683 5.385844 4.12597 3.0514 3.412875 4.41675 4.41675 3.3937 3.184747 3.184747 2.92805 2.432425 1.809025 1.809025 1.877575 1.877575 1.817875 1.80295 1.817875 1.827075 1.827075 1.841825 1.898225 2.677825 2.677825 1.9931 2.098125 2.098125 2.09205 2.09205 2.18645 2.2543 2.4018 2.431475 2.5992 2.634925
2.09743 2.127792 2.995326 2.995326 2.141036 2.141036 2.081148 1.94255 1.655167 1.872514 1.872514 2.225057 2.290914 2.290914 2.782857 3.236522 3.236522 2.509454 2.349375 2.433564 2.433564 2.279924 2.5312 2.5312 2.4995 3.06175 3.82505 5.421175 5.421175 3.816575 4.24785 5.4948 5.4948 4.748152 3.423214 2.92335 3.39955 3.9818 3.9818 3.86865 3.108506 3.108506 2.928583 2.05635 1.85085 1.8059 1.887125 1.887125 1.826725 1.838525 1.838525 1.838525 1.842 2.17175 2.17175 2.090525 2.175925 2.504975 2.504975 2.1363 2.1363 2.08025 2.174825 2.28415 2.405685 2.405685 2.4136 2.5146
2.880709 2.880709 2.478786 2.078582 2.078582 2.063606 1.911155 1.746975 1.518625 1.478271 1.407761 1.422205 1.782206 1.782206 2.629068 2.629068 2.142425 2.217806 2.226718 2.226718 1.898295 2.610325 2.70555 2.7647 2.7647 4.361325 4.361325 4.2158 3.4946 3.80855 5.272225 5.272225 4.406175 2.977739 3.025075 3.7553 3.7926 4.101975 4.101975 3.282675 3.057084 3.023271 3.023271 2.7431 2.231025 1.8236 1.8236 1.888675 2.139625 2.139625 2.056325 1.866125 1.8269 1.926175 2.02805 2.280925 2.280925 2.4425 2.4425 2.182125 2.057175 2.07435 2.07435 2.300125 2.52555 2.52555 2.455075 2.455075
2.687922 2.687922 2.273204 1.994525 2.0049 2.0049 2.281503 2.281503 1.450468 1.34746 1.5445 1.626121 1.9357 1.9357 2.233857 2.489538 2.489538 1.935482 2.05849 2.05849 1.689499 2.0617 2.55705 2.804925 2.804925 2.945725 2.945725 3.0421 4.49635 5.01555 5.01555 4.665175 2.66035 2.9548 3.151675 3.6432 4.0679 4.0679 3.95195 3.056925 3.213592 3.213592 2.94015 3.055425 3.055425 1.883367 1.85605 1.898225 1.898225 1.8564 1.835925 1.8118 1.809025 1.89615 2.0277 2.37655 2.37655 2.126975 2.180225 2.180225 2.08025 2.1599 2.1599 2.2373 2.44015 2.585171 2.68415 2.68415
2.995238 2.995238 1.982416 1.982416 1.90995 2.055014 2.055014 1.648921 1.40425 1.70589 1.964481 2.347778 2.347778 2.243431 2.238059 2.238059 2.124107 2.124107 2.046925 2.046925 1.8395 2.01084 2.635475 2.7344 2.7344 2.40955 2.8613 3.827175 4.875025 4.875025 3.958125 2.759775 3.431725 3.431725 3.310125 4.088425 4.088425 3.84845 3.687875 3.038299 3.915612 3.915612 3.823925 3.823925 2.942725 1.950975 1.9246 1.933275 1.933275 1.87375 1.913675 1.9555 1.9555 1.944225 2.23285 2.2811 2.701625 2.701625 2.394925 2.213 2.275825 2.275825 2.267325 2.213525 2.366575 2.873125 2.873125 2.7617
2.053479 2.553048 2.553048 2.375026 1.721375 2.015379 2.045781 2.045781 1.701705 1.701705 1.593186 1.904212 2.151478 2.151478 2.057931 2.057931 1.893816 2.465097 2.465097 2.132684 2.132684 2.892646 3.006027 3.070854 3.070854 2.5544 3.303875 3.35045 4.92025 4.92025 4.42505 4.2934 3.870075 3.2013 4.1623 4.1623 3.8162 3.5319 3.027325 2.906286 2.906286 3.003258 3.063775 3.063775 2.370925 2.172575 2.172575 1.8977 1.94525 1.94525 2.064325 2.064325 2.05495 1.9109 2.085675 2.413525 2.4451 2.4451 2.209725 2.2163 2.43295 2.43295 2.2493 2.191775 2.2979 2.9585 2.9585 3.049478
2.067868 2.633568 2.633568 2.273138 1.769043 2.246027 2.246027 2.098753 2.047519 1.898277 1.999544 1.999544 2.106683 2.106683 1.790371 1.89223 1.902541 1.902541 1.686425 2.022727 2.550836 2.708467 2.708467 2.597594 2.299524 3.27315 3.27315 3.5543 4.34445 4.34445 3.881325 3.881325 3.760077 3.926295 4.157825 4.157825 3.83855 3.408371 3.33025 4.1978 4.1978 3.136544 2.678398 2.629388 2.3736 2.24565 2.24565 2.4507 2.67485 2.67485 2.628325 2.11625 2.00375 2.291325 2.3703 2.3703 2.2955 2.244125 2.10335 2.14885 2.641875 2.641875 2.507925 2.2975 2.452739 2.798016 2.798016 3.043525
1.720077 1.720077 1.8205 1.861554 2.01273 2.916667 2.916667 2.9061 2.138186 2.103411 2.33783 2.365803 2.365803 2.062929 2.211711 2.246445 2.246445 1.373707 1.28745 2.821296 2.821296 2.5589 2.95156 2.95156 2.5168 2.47385 1.8357 3.791025 3.791025 3.34875 2.8027 3.1344 3.6308 3.90675 3.90675 3.33125 2.420825 2.31655 2.6133 4.373075 4.373075 3.783753 2.75283 2.691629 2.178314 2.07025 2.058128 2.366406 2.887225 2.887225 2.136346 2.136346 2.445288 2.445288 2.5173 2.5173 2.33797 2.463625 2.5931 2.5931 2.529425 2.529425 2.218575 2.813484 2.830696 2.830696 2.834881 3.17738
1.484442 1.527675 1.83065 2.336975 2.336975 3.254985 3.254985 2.767879 1.893455 1.986759 2.355849 2.355849 2.222456 2.041442 2.340439 3.004822 3.004822 2.15676 2.027623 2.79797 2.79797 2.822066 3.131425 3.608 3.608 2.907585 2.556525 3.137183 3.137183 3.053825 3.005525 3.170275 3.170275 3.15185 3.011175 2.67035 2.67035 2.836375 4.027875 4.5281 4.5281 4.156525 3.988456 3.256793 3.115751 2.455175 2.415339 2.203387 2.203387 2.225567 2.284467 2.284467 2.763879 2.763879 2.538045 2.538045 2.210625 2.38745 2.38745 2.4294 2.45405 2.759275 2.953625 3.026375 3.026375 2.975059 2.975059 3.1059
1.581908 1.581908 1.586525 2 2.651498 2.651498 2.531969 2.531969 2.110643 2.110643 1.96608 1.940213 1.999005 1.999005 2.551049 2.551049 2.346553 2.346553 2.657585 2.864425 3.280025 3.92015 3.92015 3.674925 3.60435 3.33755 3.513675 3.65365 3.889799 3.889799 3.354875 3.354875 3.276709 2.601608 3.152825 3.4787 3.4787 2.964687 2.712125 3.59415 3.59415 3.4901 3.64434 4.060225 4.060225 3.4847 2.822955 2.697559 2.48845 2.48845 2.694825 2.694825 3.12265 3.12265 2.526391 2.37185 2.324125 2.324125 2.81745 2.824825 2.9952 3.603875 3.718925 3.718925 3.086375 3.086375 3.110075 3.110075
1.889675 1.889675 2.1988 2.1988 2.158817 1.915126 2.050957 2.17551 2.17551 1.970559 1.973519 1.973519 1.919696 2.08376 2.385884 2.729607 2.729607 2.5735 2.693506 2.693506 3.690875 3.690875 3.412575 3.823575 3.823575 3.566275 3.6034 3.8418 3.8418 3.620859 3.770025 4.174 4.174 2.610614 2.994956 3.583662 3.583662 3.357075 3.113025 3.31775 3.34595 3.34595 3.297506 3.658025 3.658025 2.95265 2.512725 2.289874 2.673534 2.9448 3.647475 3.647475 3.588772 3.428625 3.143825 2.74725 2.74725 3.37845 4.2764 4.2764 3.55165 3.55165 3.280575 3.9747 3.97635 3.97635 2.724111 4.204625
