gis_files/meanticd.asc
ncols         625
nrows         694
xllcorner     895000
yllcorner     515000
cellsize      5000
NODATA_value  -9999
[rows 300 to 329 of 694, columns 0 to 66 of 625]
-9999 -9999 -9999 -9999 -9999 -9999 -9999 -9999 -9999 -9999 -9999 -9999 -9999 -9999 -9999 -9999 -9999 -9999 -9999 -9999 -9999 -9999 -9999 -9999 -9999 -9999 -9999 -9999 -9999 -9999 -9999 -9999 -9999 -9999 -9999 -9999 42.14776 54.13651 54.3 54.3 54.3 54.3 54.3 54.3 54.3 54.3 54.3 54.3 54.3 54.3 54.3 54.3 54.3 54.3 54.22125 51.22875 50.94 50.8 50.8 50.8 50.2965 41.472 40.2 40.2 40.2 40.2 40.2
-9999 -9999 -9999 -9999 -9999 -9999 -9999 -9999 -9999 -9999 -9999 -9999 -9999 -9999 -9999 -9999 -9999 -9999 -9999 -9999 -9999 -9999 -9999 -9999 -9999 -9999 -9999 -9999 -9999 -9999 -9999 -9999 -9999 -9999 10.53556 10.53556 0.93 54.3 54.3 54.3 54.3 54.3 54.3 54.3 54.3 54.3 54.3 54.3 54.3 54.3 54.3 54.3 54.3 54.3 54.3 52.2 50.8 50.8 50.8 50.8 48.1765 44.1485 40.2 40.2 40.2 40.2 40.2
-9999 -9999 -9999 -9999 -9999 -9999 -9999 -9999 -9999 -9999 -9999 -9999 -9999 -9999 -9999 -9999 -9999 -9999 -9999 -9999 -9999 -9999 -9999 -9999 -9999 -9999 -9999 11.85 11.85 -9999 -9999 -9999 -9999 -9999 9.191958 11.85 11.85 11.74713 42.38421 54.3 54.3 54.3 54.3 54.3 54.3 54.3 54.3 54.3 54.3 54.3 54.3 54.3 54.3 54.3 54.3 52.69875 50.8525 50.8 50.8 50.8 49.6605 46.7985 40.2 40.2 40.2 40.2 40.2
-9999 -9999 -9999 -9999 -9999 -9999 -9999 -9999 -9999 -9999 -9999 -9999 -9999 -9999 -9999 -9999 -9999 -9999 -9999 -9999 -9999 -9999 -9999 -9999 11.85 11.85 11.85 11.85 11.85 11.85 11.85 11.85 21.27 21.27 5.2756 2.604274 0.02 1.243793 11.85 54.3 54.3 54.3 54.3 54.3 54.3 54.3 54.3 54.3 54.3 54.3 54.3 54.3 54.3 54.3 54.22085 49.44589 52.1475 52.1475 50.8 50.8 48.2295 43.6715 40.2 40.2 40.2 40.2 40.2
-9999 -9999 -9999 -9999 -9999 -9999 -9999 -9999 -9999 -9999 -9999 -9999 -9999 -9999 -9999 -9999 -9999 -9999 -9999 -9999 -9999 -9999 -9999 11.85 11.85 11.85 11.85 11.85 11.85 11.85 11.85 11.85 14.18333 14.18333 14.0024 8.543956 8.543956 0.2328 0.02 54.3 54.3 54.3 54.3 54.3 54.3 54.3 54.3 54.3 54.3 54.3 54.3 54.3 54.3 54.3 30.23862 30.23862 28.27292 50.81553 51.10625 51.10625 46.719 45.659 42.8765 48.457 48.457 44.7945 44.7945
-9999 -9999 -9999 -9999 -9999 -9999 -9999 -9999 -9999 -9999 -9999 -9999 -9999 -9999 -9999 -9999 -9999 -9999 -9999 -9999 -9999 -9999 -9999 11.85 11.85 11.82297 11.85 11.85 11.85 11.85 5.751905 3.518148 4.085077 11.43146 11.43146 3.68398 0.2691667 1.885455 1.885455 7.122056 20.39319 52.52703 54.3 54.3 54.3 54.3 54.3 54.3 54.3 54.3 54.3 54.3 54.3 50.57562 39.54068 48.06365 48.06365 29.5317 50.46938 50.46938 49.422 48.097 44.8905 48.995 48.995 44.18798 42.3672
-9999 -9999 -9999 -9999 -9999 -9999 -9999 -9999 -9999 -9999 -9999 -9999 -9999 -9999 -9999 -9999 -9999 -9999 -9999 -9999 -9999 -9999 -9999 10.4576 10.4576 10.90699 11.85 11.85 9.120893 6.223901 2.97 2.97 1.960588 4.235838 4.366188 4.366188 1.062684 4.8145 9.829973 9.829973 41.66756 53.88982 54.3 54.3 54.3 54.3 54.3 54.3 54.3 54.3 54.3 54.3 54.3 42.9352 21.16824 29.78552 29.78552 46.48288 50.8 50.8 50.8 48.0705 49.634 49.634 45.81617 45.81617 46.075
-9999 -9999 -9999 -9999 -9999 -9999 -9999 -9999 -9999 -9999 -9999 -9999 -9999 -9999 -9999 -9999 -9999 -9999 -9999 -9999 -9999 -9999 0.5592307 2.450749 7.30006 11.76295 11.76295 10.125 2.676027 6.187391 6.187391 0.4565746 2.01425 3.096338 3.096338 1.869169 1.139694 1.689347 3.046981 3.046981 26.95969 53.7964 54.3 54.3 54.3 53.53447 54.3 54.3 54.3 54.3 54.3 54.3 54.3 54.3 34.0752 33.07293 33.07293 38.62378 50.8 50.8 50.8 50.8 50.8 50.8 45.85 32.125 32.125
-9999 -9999 -9999 -9999 -9999 -9999 -9999 -9999 -9999 -9999 -9999 -9999 -9999 -9999 -9999 -9999 -9999 -9999 -9999 -9999 -9999 -9999 -9999 2.273674 3.58 10.14588 10.14588 -9999 -9999 0.7856522 0.7856522 1.03437 9.089337 9.089337 1.756474 0.1375544 0.9021411 3.955714 3.955714 6.042418 10.48681 18.2909 54.3 54.3 45.52227 47.54107 51.0095 51.0095 34.07492 34.07492 35.79075 54.3 54.3 54.3 52.33057 46.975 50.6875 50.6875 50.575 50.8 50.8 50.8 50.8 50.8 50.8 50.8 47.2
-9999 -9999 -9999 -9999 -9999 -9999 -9999 -9999 -9999 -9999 -9999 -9999 -9999 -9999 -9999 -9999 -9999 -9999 -9999 -9999 -9999 -9999 1.2 1.2 3.37175 3.37175 -9999 -9999 0.01 1.239733 4.096625 10.8696 10.8696 3.212886 0.8085095 4.425218 13.35258 13.35258 9.834397 4.184005 31.82262 41.05305 45.94859 45.94859 33.53013 33.43917 33.43093 7.638056 3.61815 3.61815 8.15185 48.92562 54.3 54.3 53.20231 53.20231 50.8 50.4625 50.8 50.8 50.8 50.8 50.8 50.8 50.8 50.8 50.8
-9999 -9999 -9999 -9999 -9999 -9999 -9999 -9999 -9999 -9999 -9999 -9999 -9999 -9999 -9999 -9999 -9999 -9999 -9999 -9999 -9999 -9999 0.01 0.01 0.09925 0.09925 -9999 -9999 0.9004081 6.714693 6.715383 6.715383 4.06225 3.553375 3.553375 6.0021 7.672677 7.672677 6.030556 2.468875 6.931418 10.1374 46.23842 46.23842 39.4569 39.4569 34.84395 9.557284 9.557284 6.24695 11.97042 22.07849 28.18642 28.18642 43.50135 51.04113 51.04113 50.87875 51.12375 51.12375 50.8 50.8 50.8 50.8 50.8 50.8875 50.8875
-9999 -9999 -9999 -9999 -9999 -9999 -9999 -9999 -9999 -9999 -9999 -9999 -9999 -9999 -9999 -9999 -9999 -9999 -9999 -9999 -9999 -9999 -9999 -9999 0.01 0.01 -9999 -9999 6.194 6.194 5.63566 4.021375 5.457569 8.651257 8.651257 8.227876 5.6879 4.653108 4.653108 0.6525955 6.617708 15.54887 49.18658 52.98901 54.1875 54.1875 54.16393 39.22416 29.21828 31.29945 31.29945 49.4448 49.4448 34.55027 34.55027 51.91216 53.87252 53.95875 53.95875 53.7575 53.71375 53.71375 53.11 53.03125 52.19125 52.17375 51.85
-9999 -9999 -9999 -9999 -9999 -9999 -9999 -9999 -9999 -9999 -9999 -9999 -9999 -9999 -9999 -9999 -9999 -9999 -9999 -9999 -9999 -9999 -9999 -9999 -9999 -9999 -9999 -9999 3.477854 8.358346 8.358346 2.36665 2.36665 3.1719 3.1719 6.976 9.0626 9.0626 3.461825 2.9385 2.558754 2.558754 12.99239 24.86323 37.37046 53.50626 54.3 54.3 54.3 54.3 48.28185 45.45185 45.45185 47.78465 47.78465 38.97235 54.3 54.3 54.3 54.3 54.3 54.3 54.3 54.3 54.3 54.3 53.705
-9999 -9999 -9999 -9999 -9999 -9999 -9999 -9999 -9999 -9999 -9999 -9999 -9999 -9999 -9999 -9999 -9999 -9999 -9999 -9999 -9999 -9999 -9999 -9999 -9999 -9999 -9999 -9999 0.7497458 4.163333 4.759823 4.759823 2.6973 2.6973 2.673278 1.81205 2.37845 2.37845 6.721303 6.721303 2.500404 2.500404 0.564825 6.74358 36.31241 44.61045 44.61045 45.94028 51.24081 54.3 54.3 54.3 52.27385 47.61452 47.7144 47.7144 51.92275 54.3 54.3 54.3 54.3 54.3 54.3 54.3 54.3 54.13443 38.70194
-9999 -9999 -9999 -9999 -9999 -9999 -9999 -9999 -9999 -9999 -9999 -9999 -9999 -9999 -9999 -9999 -9999 -9999 -9999 -9999 -9999 -9999 -9999 -9999 -9999 -9999 -9999 -9999 0.09 6.325115 6.325115 3.707786 1.307437 0.7693484 0.7693484 0.3007342 0.1729156 0.0751654 5.340152 5.340152 3.7926 0.8573 0.3828 10.52552 22.15445 22.15445 3.91581 25.70168 25.70168 40.93861 54.3 54.3 54.3 54.3 53.87352 54.3 54.3 54.3 54.3 54.3 54.3 54.3 54.3 54.3 54.3 34.64627 18.23028
-9999 -9999 -9999 -9999 -9999 -9999 -9999 -9999 -9999 -9999 -9999 -9999 -9999 -9999 -9999 -9999 -9999 -9999 -9999 -9999 -9999 -9999 -9999 -9999 -9999 -9999 -9999 -9999 -9999 1.283333 1.283333 0.7068783 0.9739743 4.035063 4.035063 0.7453093 0.7453093 1.081772 1.7956 1.7956 1.314612 0.996125 0.3558586 0.4372431 0.8126087 3.171021 3.171021 4.794961 7.66399 24.73448 46.63751 46.63751 42.88446 44.02056 44.02056 52.6197 54.3 54.3 54.3 54.3 54.3 54.1417 54.3 54.3 54.3 24.21408 19.27488
-9999 -9999 -9999 -9999 -9999 -9999 -9999 -9999 -9999 -9999 -9999 -9999 -9999 -9999 -9999 -9999 -9999 -9999 -9999 -9999 -9999 -9999 -9999 -9999 -9999 -9999 -9999 -9999 -9999 1.835 1.835 1.573113 3.214137 3.214137 3.20131 0.1867183 0.0767 0.2217293 0.2217293 0.5843216 0.8851386 1.12038 1.12038 0.497425 0.497425 1.06005 2.787375 2.787375 1.61075 12.92306 52.60432 53.175 53.6384 53.6384 47.2887 49.5644 49.5644 50.18958 50.18958 53.01752 54.3 54.3 54.3 54.3 54.3 34.9405 16.52348
-9999 -9999 -9999 -9999 -9999 -9999 -9999 -9999 -9999 -9999 -9999 -9999 -9999 -9999 -9999 -9999 -9999 -9999 -9999 -9999 -9999 -9999 -9999 -9999 -9999 -9999 -9999 -9999 -9999 -9999 2.24125 2.24125 2.091328 3.100575 3.100575 2.399369 0.2918066 0.6056709 1.223904 1.223904 0.2442894 2.391955 2.391955 2.268329 2.163875 2.994899 2.994899 1.595744 0.669375 1.944803 5.757905 29.1083 44.78413 44.78413 41.67548 16.78622 20.76599 20.76599 14.90035 39.16306 45.70938 45.70938 33.29145 25.91405 25.91405 17.89235 16.07282
-9999 -9999 -9999 -9999 -9999 -9999 -9999 -9999 -9999 -9999 -9999 -9999 -9999 -9999 -9999 -9999 -9999 -9999 -9999 -9999 -9999 -9999 -9999 -9999 -9999 -9999 -9999 -9999 -9999 -9999 -9999 -9999 1.475466 3.314949 3.314949 1.412399 2.359824 2.619949 2.619949 2.242117 1.617617 5.678278 5.878005 5.878005 1.855642 1.855642 0.47335 0.6419144 0.6419144 0.2143257 3.039774 3.039774 12.32678 12.32678 16.86567 34.12095 37.74097 37.74097 30.27542 30.27542 28.2255 23.73711 23.73711 13.13251 14.80028 14.80028 12.68647
-9999 -9999 -9999 -9999 -9999 -9999 -9999 -9999 -9999 -9999 -9999 -9999 -9999 -9999 -9999 -9999 -9999 -9999 -9999 -9999 -9999 -9999 -9999 -9999 -9999 -9999 -9999 -9999 -9999 -9999 0.01842105 1.110315 2.968173 2.968173 1.306875 1.306875 0.555425 0.379225 1.022875 1.022875 1.544181 2.057125 4.630332 6.254511 6.254511 5.749653 1.1277 0.3502256 0.3502256 0.3098 1.088095 3.382211 6.20589 6.20589 8.4894 11.35 21.91947 25.62803 31.6551 31.6551 16.40755 15.932 13.3019 13.71653 15.57677 18.48662 18.48662
-9999 -9999 -9999 -9999 -9999 -9999 -9999 -9999 -9999 -9999 -9999 -9999 -9999 -9999 -9999 -9999 -9999 -9999 -9999 -9999 -9999 -9999 -9999 -9999 -9999 -9999 -9999 -9999 -9999 -9999 -9999 1.234435 1.234435 5.44055 6.798523 6.798523 2.775077 2.362875 2.362875 2.72294 2.72294 1.032284 1.566538 3.685847 3.685847 2.964703 1.532685 0.1648 0.149975 1.405836 2.35125 2.35125 3.080975 5.749674 6.478622 7.674376 16.64359 20.93395 20.93395 19.47496 42.9614 42.9614 34.84005 29.17103 20.3128 22.75832 40.34158
-9999 -9999 -9999 -9999 -9999 -9999 -9999 -9999 -9999 -9999 -9999 -9999 -9999 -9999 -9999 -9999 -9999 -9999 -9999 -9999 -9999 -9999 -9999 -9999 -9999 -9999 -9999 -9999 -9999 -9999 -9999 0.01 0.8536752 2.036353 11.06201 11.06201 10.85326 4.468675 4.468675 3.9576 2.5908 3.020703 3.020703 2.905485 2.61964 1.495018 1.455102 1.455102 0.03403509 0.6212814 0.6212814 2.6295 2.6295 1.014787 2.108367 3.091744 8.307708 14.15796 14.15796 12.25902 21.66932 21.66932 27.1145 27.1145 37.5828 48.29285 50.57732
-9999 -9999 -9999 -9999 -9999 -9999 -9999 -9999 -9999 -9999 -9999 -9999 -9999 -9999 -9999 -9999 -9999 -9999 -9999 -9999 -9999 -9999 -9999 -9999 -9999 -9999 -9999 -9999 -9999 -9999 -9999 -9999 -9999 0.1279687 1.435071 3.110551 3.110551 2.991019 2.853149 1.9866 1.212792 0.227675 2.08809 5.111516 5.111516 1.793949 2.0028 2.0028 1.115975 1.160779 1.370128 2.45005 2.45005 1.069975 1.050025 0.7958 0.8996726 11.37638 27.64747 27.64747 12.12127 12.12127 22.16642 42.15575 42.15575 40.6065 44.37907
-9999 -9999 -9999 -9999 -9999 -9999 -9999 -9999 -9999 -9999 -9999 -9999 -9999 -9999 -9999 -9999 -9999 -9999 -9999 -9999 -9999 -9999 -9999 -9999 -9999 -9999 -9999 -9999 -9999 -9999 -9999 -9999 -9999 0.01 0.6874725 0.6874725 2.635946 2.635946 5.971911 5.971911 1.557837 1.258133 1.331765 1.331765 1.028035 1.095281 2.747161 2.747161 2.1879 1.629575 3.661811 3.661811 4.9627 4.9627 2.517475 1.496775 1.218 3.269196 21.70519 32.84763 32.84763 11.30873 33.35992 33.71115 44.81441 49.44029 53.33913
-9999 -9999 -9999 -9999 -9999 -9999 -9999 -9999 -9999 -9999 -9999 -9999 -9999 -9999 -9999 -9999 -9999 -9999 -9999 -9999 -9999 -9999 -9999 -9999 -9999 -9999 -9999 -9999 -9999 -9999 -9999 -9999 -9999 -9999 -9999 0.4895 0.4895 3.419659 10.65583 10.65583 5.815777 5.016531 4.06495 2.714173 1.344887 0.958 1.073784 1.073784 0.935225 1.569296 1.569296 0.66015 0.9469797 2.8367 2.8367 2.11825 2.052689 5.770852 12.42832 18.59523 20.37036 35.88316 37.06607 43.36205 53.80484 53.80484 53.43907
-9999 -9999 -9999 -9999 -9999 -9999 -9999 -9999 -9999 -9999 -9999 -9999 -9999 -9999 -9999 -9999 -9999 -9999 -9999 -9999 -9999 -9999 -9999 -9999 -9999 -9999 -9999 -9999 -9999 -9999 -9999 -9999 -9999 -9999 -9999 -9999 0.01095238 0.2580488 0.9913428 9.247172 9.247172 7.007634 6.875043 3.132392 3.132392 2.536489 1.840705 2.042312 2.042312 3.974135 3.974135 4.88395 4.88395 10.49155 12.06373 12.06373 3.444185 1.831893 6.7978 10.9649 10.9649 42.1508 42.1508 48.4573 48.4573 46.29647 53.24118
-9999 -9999 -9999 -9999 -9999 -9999 -9999 -9999 -9999 -9999 -9999 -9999 -9999 -9999 -9999 -9999 -9999 -9999 -9999 -9999 -9999 -9999 -9999 -9999 -9999 -9999 -9999 -9999 -9999 -9999 -9999 -9999 -9999 -9999 -9999 -9999 -9999 -9999 0.06708334 0.3428028 3.385487 9.496257 9.496257 3.6423 3.6423 3.09755 2.188648 2.188648 0.7491457 1.50145 1.50145 4.14125 11.76442 11.76442 7.323568 7.134106 6.685626 6.685626 2.383893 3.509231 10.85048 26.24462 26.24462 -9999 -9999 48.24709 54.3
-9999 -9999 -9999 -9999 -9999 -9999 -9999 -9999 -9999 -9999 -9999 -9999 -9999 -9999 -9999 -9999 -9999 -9999 -9999 -9999 -9999 -9999 -9999 -9999 -9999 -9999 -9999 -9999 -9999 -9999 -9999 -9999 -9999 -9999 -9999 -9999 -9999 -9999 -9999 0.6623809 0.6623809 4.836247 6.813583 14.15957 14.15957 9.232425 4.912925 1.630301 1.15175 0.491225 1.397526 2.399328 4.628651 4.628651 1.317649 1.218197 1.218197 3.889492 3.889492 1.265431 1.295595 1.449677 -9999 -9999 -9999 52.13991 53.95112
-9999 -9999 -9999 -9999 -9999 -9999 -9999 -9999 -9999 -9999 -9999 -9999 -9999 -9999 -9999 -9999 -9999 -9999 -9999 -9999 -9999 -9999 -9999 -9999 -9999 -9999 -9999 -9999 -9999 -9999 -9999 -9999 -9999 -9999 -9999 -9999 -9999 -9999 -9999 -9999 -9999 0.2359494 0.2359494 0.8946582 1.798875 5.85215 9.003925 9.003925 4.30115 1.0582 1.71736 1.71736 2.030262 2.030262 1.873825 0.2205521 0.1435497 0.01738614 1.162941 1.382 1.382 -9999 -9999 -9999 54.3 54.3 53.71109
-9999 -9999 -9999 -9999 -9999 -9999 -9999 -9999 -9999 -9999 -9999 -9999 -9999 -9999 -9999 -9999 -9999 -9999 -9999 -9999 -9999 -9999 -9999 -9999 -9999 -9999 -9999 -9999 -9999 -9999 -9999 -9999 -9999 -9999 -9999 -9999 -9999 -9999 -9999 -9999 -9999 -9999 -9999 0.285 0.285 0.0347482 0.6746129 0.7923117 0.7923117 0.6703419 1.031125 2.092597 2.092597 0.9491836 0.158949 0.01 -9999 -9999 -9999 -9999 -9999 -9999 -9999 -9999 54.3 54.3 51.67319
