gis_files/meantocd.asc
ncols         625
nrows         694
xllcorner     895000
yllcorner     515000
cellsize      5000
NODATA_value  -9999
[rows 330 to 359 of 694, columns 340 to 407 of 625]
12.65105 17.54166 17.54166 13.2513 14.4731 14.4731 8.91262 12.18078 12.18078 12.71696 12.71696 10.56991 11.40831 11.40831 10.29765 10.29765 8.775236 7.222405 7.222405 6.754691 6.327233 4.796972 3.873422 5.725851 5.725851 5.519857 9.300609 12.36949 12.98422 12.98422 11.07935 11.61453 13.27528 13.27528 14.62029 18.16989 18.16989 11.52513 8.21759 9.303761 10.54531 11.0264 11.8566 11.8566 6.637474 5.742341 5.654955 5.368462 5.368462 5.522693 8.097518 8.36597 10.93973 10.93973 12.27666 13.33432 13.33432 8.53124 13.56423 15.9287 15.9287 9.987504 7.846583 7.846583 7.565856 9.76638 11.04046 11.04046
8.444092 7.646587 8.045242 9.456992 16.28273 16.28273 12.31733 10.98102 10.12729 11.13731 11.13731 8.084925 11.93475 11.93475 12.64181 12.64181 9.534641 7.314274 6.876414 7.915021 10.49309 10.49309 6.208667 8.771909 9.340585 9.340585 11.71032 13.06669 13.8162 13.8162 13.52175 15.14356 17.49612 17.49612 17.28809 13.81652 8.885582 8.866308 5.865575 6.052619 6.14088 6.14088 5.358816 5.788724 5.788724 5.809811 6.051178 6.051178 6.491285 6.491285 7.049668 7.049668 7.382578 11.50388 11.50388 13.43534 13.43534 13.36618 14.98034 15.93383 15.93383 9.916487 6.978128 6.978128 7.01418 9.441035 10.73 10.73
7.636738 7.762179 8.597492 8.597492 10.59941 12.79874 13.19639 13.19639 12.07518 12.07518 10.63364 9.91223 10.50065 10.50065 11.06689 11.06689 8.696082 8.065104 6.753594 6.71704 5.287825 6.248797 8.62856 9.535633 9.541645 10.5464 13.05725 13.05725 13.01976 13.01976 13.6833 13.95725 13.95725 13.03711 11.53484 7.159754 5.69787 5.568775 5.753492 5.753492 5.681825 5.089023 5.089023 4.920232 5.345937 5.648226 6.156737 10.937 10.937 9.776395 9.776395 6.604902 6.652205 10.62813 11.35747 11.97454 12.26378 12.88088 15.65277 15.65277 13.35396 7.201007 7.545975 7.545975 6.944367 10.46824 10.54984 10.54984
9.609075 6.377964 7.941544 11.4063 11.4063 7.30424 5.690105 9.202402 10.68589 10.68589 11.82149 11.82149 11.03283 10.00756 10.00756 11.17865 11.17865 9.128332 7.058593 7.780668 7.780668 7.36136 12.40478 12.40478 11.4641 12.35392 13.34489 13.34489 13.11399 14.04619 14.40498 14.40498 13.62109 13.29631 10.66186 6.25393 5.826842 5.614835 5.3734 5.323844 5.2006 5.132065 5.159457 5.378385 5.525975 5.525975 5.885589 5.885589 6.207593 8.311066 10.66976 10.66976 8.134792 8.342861 9.2515 9.2515 6.136605 10.97184 10.97184 9.44521 7.175498 7.648658 7.648658 6.429271 6.88015 11.22373 11.22373 10.5296
17.90762 10.46149 19.65972 23.69669 23.69669 8.223964 5.02701 13.70909 13.70909 8.490527 9.843597 9.843597 7.62096 7.937868 7.937868 11.6479 11.6479 9.46529 8.720218 10.12285 10.12285 6.72809 13.25322 13.25322 11.34687 10.44291 12.30552 12.30552 10.94722 14.109 14.109 13.17866 14.07605 14.07605 12.08543 6.257 8.898491 8.898491 8.664353 7.66102 5.648947 5.373018 5.373018 5.59645 5.766844 5.766844 5.786036 5.786036 5.731717 7.507867 8.59324 13.06643 13.06643 8.595227 7.196179 6.639481 7.063718 11.65157 11.65157 8.917287 6.110763 7.90345 7.90345 7.437633 6.902565 8.930182 11.48228 11.48228
6.482253 6.482253 14.35239 15.56076 15.56076 15.30681 11.46443 11.46443 9.084385 6.607095 6.82968 6.82968 6.586512 6.809098 8.576132 9.636849 10.77039 10.77039 8.125025 13.7304 13.7304 6.07982 12.53491 12.53491 10.01059 11.63444 11.76058 11.76058 11.30618 11.54827 11.64041 11.64041 10.99485 7.96829 6.17567 7.667078 9.916965 13.9232 13.9232 11.83741 5.289975 5.33143 5.33143 5.569602 8.320336 8.320336 6.402596 5.644124 5.869134 13.46508 13.46508 14.42886 14.42886 11.79832 6.563358 6.421469 6.421469 9.490598 9.490598 7.651197 6.03332 6.03332 7.628481 7.628481 6.925333 7.049923 10.46603 12.06038
6.40619 6.40619 7.212525 13.21639 13.21639 8.777083 9.088725 9.088725 6.17461 6.17461 3.811925 3.386897 5.24124 6.897062 8.312341 8.312341 9.765595 9.765595 10.26291 13.80878 13.80878 15.34534 15.34534 13.38087 13.38087 9.666326 11.39357 11.39357 11.34775 9.909451 10.57782 12.11852 12.11852 6.9131 7.149033 10.314 12.66643 12.66643 11.0348 5.942255 5.767309 5.767309 5.200769 6.063708 7.807167 7.807167 7.078744 7.078744 6.338698 14.21547 14.21547 13.64729 13.64729 12.74303 6.065217 6.295945 7.764376 7.784678 7.784678 6.15541 6.15541 6.54821 8.30552 8.511865 8.511865 7.043211 7.542856 10.29863
8.20401 8.20401 4.999593 7.3469 8.63988 8.63988 7.68989 6.976095 6.789436 3.92712 5.493655 10.44471 10.44471 10.24989 7.582196 9.04018 10.51891 10.51891 16.09273 18.85838 18.85838 14.71977 14.71977 11.75841 11.75841 9.69784 9.69784 9.353995 10.25163 12.31052 12.31052 11.76648 7.466185 10.49499 12.13025 13.06676 13.06676 12.68923 11.94521 7.895639 7.895639 5.7487 5.518444 5.670825 5.838884 7.007959 11.4587 11.4587 11.99004 11.99004 11.46495 11.46495 9.887678 7.771325 9.069137 9.069137 6.36384 9.162797 9.162797 7.648995 10.45749 11.83337 11.83337 9.117555 11.64895 11.64895 8.78705 8.029357
6.82958 6.82958 5.226666 5.090125 5.177394 5.247015 5.247015 4.284175 4.389598 6.653848 13.16187 20.55307 20.55307 13.4633 9.192315 9.192315 9.793885 10.1104 19.4174 24.61249 24.61249 22.64022 15.8296 8.229955 5.495278 7.895085 7.895085 6.817003 6.817003 11.04954 13.37269 13.37269 11.73633 13.40398 13.40398 13.23893 12.63812 11.97224 10.24605 5.903232 5.903232 5.523233 5.6368 5.6368 5.807549 6.067651 6.634945 6.653205 9.382283 11.89148 13.66159 13.66159 8.567533 9.57993 13.69805 13.69805 10.48668 10.55877 10.55877 5.839218 9.977758 9.977758 10.11835 10.11835 8.882065 11.30383 11.30383 9.427145
4.350855 5.23982 6.362092 6.45606 6.45606 5.232453 7.06002 7.461745 10.36841 10.74552 13.81348 13.81348 10.94031 10.076 9.860477 6.80111 8.756001 11.8905 18.4866 18.4866 16.09705 13.07885 6.84556 5.241003 5.241003 7.763226 8.715261 8.715261 7.653695 11.78811 12.47091 12.89324 12.89324 12.85788 12.96072 12.96072 12.44468 12.44468 8.878345 6.078628 5.376962 5.864676 5.864676 6.37192 6.37192 5.740382 6.45295 7.576592 9.129667 9.129667 10.46629 13.30558 13.30558 10.6438 10.6438 13.42388 13.42388 9.383723 8.333975 8.524471 8.524471 9.20536 9.20536 9.827186 10.91003 10.91003 9.84887 9.697435
7.466167 7.717721 9.724453 9.724453 10.74264 12.6307 12.77384 12.77384 9.709094 10.08475 10.08475 5.23473 16.02392 16.02392 13.98217 10.0497 7.3873 4.732505 5.399875 5.399875 5.67555 5.67555 4.800269 3.767025 4.589097 10.27931 10.83306 10.83306 6.193478 11.90932 11.90932 11.59973 12.72239 12.76799 12.76799 12.2254 11.79652 12.41559 12.41559 10.05692 10.05692 7.237478 7.237478 5.76604 5.804545 5.804545 5.747728 6.60318 8.842867 8.842867 12.01651 12.72246 12.89522 12.89522 9.876985 13.48161 13.74673 13.74673 6.92805 8.791066 8.791066 10.70411 10.70411 8.743341 11.25224 11.25224 10.78227 8.31392
6.181765 6.181765 4.036582 6.816782 6.816782 8.638025 8.638025 8.689742 8.689742 13.82976 17.68867 17.68867 16.34625 12.37177 5.893403 4.130445 4.10795 5.181098 7.455434 7.455434 6.947284 6.947284 6.079639 4.115207 4.296885 7.00393 7.00393 8.106515 8.871667 15.58339 15.58339 12.79356 12.79356 13.26205 13.26205 12.61504 15.46207 15.89858 15.89858 11.24931 11.24931 14.56985 14.56985 5.8611 5.978584 6.1664 6.1664 6.08922 6.08922 10.08471 13.51481 13.51481 13.39281 12.95263 12.95263 9.48049 7.832165 6.266779 5.871058 5.960529 6.392197 6.621658 7.867649 7.867649 7.061273 6.645787 6.33466 9.036925
4.667625 5.118825 5.742544 5.742544 5.308789 4.938705 9.431607 13.21644 13.40718 16.95712 21.9785 21.9785 17.54762 9.518685 6.049145 6.109994 6.109994 5.895104 4.397255 2.756462 7.638196 7.638196 6.27664 4.068553 4.132532 8.431887 8.431887 13.25267 14.81922 15.02633 15.02633 14.29726 12.97627 14.7299 14.7299 10.13649 6.412235 8.54419 8.54419 9.588918 9.588918 15.35356 15.35356 10.64044 10.64044 7.082189 6.086683 5.90213 5.90213 7.444215 12.60703 12.60703 11.74106 11.76813 11.76813 8.575625 7.40763 6.354276 6.354276 6.18921 6.208222 6.873892 6.873892 6.688764 6.688764 6.595125 6.59862 8.11488
6.636627 6.636627 6.106225 8.207634 8.207634 4.739887 4.739887 9.296625 15.3409 15.3409 9.46499 9.46499 8.449141 4.600583 5.518625 5.518625 6.196473 6.196473 5.179557 3.433086 7.038094 7.038094 4.064171 3.876595 4.596187 6.626443 15.55859 22.99512 22.99512 20.26124 17.47551 15.58523 20.40683 20.40683 13.82108 6.852571 6.852571 5.1543 5.1543 6.211915 8.191163 8.728073 8.728073 15.19162 17.58738 17.58738 8.881518 5.69335 5.69335 5.82379 7.41722 10.62242 10.92422 12.58981 12.82988 12.82988 6.626595 6.276205 6.182529 7.488413 7.574947 7.574947 8.813145 10.54691 11.22773 11.22773 8.467845 6.929143
9.196105 6.213485 6.789083 10.52488 10.52488 6.729048 10.14165 11.42893 11.42893 9.173083 7.36036 7.36036 4.25499 5.239585 6.053476 6.488827 6.488827 6.501096 6.501096 5.683351 5.473372 5.473372 5.30729 6.414465 10.42374 19.98785 26.03 26.03 26.03 23.8425 18.78855 14.57114 14.57114 13.58224 10.65759 10.21407 10.21407 7.90251 5.595525 7.010015 7.010015 5.183739 5.323409 9.739565 17.88764 17.88764 9.49442 5.711965 6.155849 8.156564 8.156564 7.333707 7.19 11.64298 16.08275 16.08275 7.006834 6.810775 6.751291 8.035052 8.035052 6.58623 10.46793 10.46793 12.52129 16.12699 16.12699 6.80529
9.066607 10.52438 13.00201 13.00201 8.212451 6.834468 13.64022 14.99853 14.99853 12.13226 9.196425 4.414207 5.500126 7.157176 7.157176 6.839743 6.152633 9.215079 9.215079 7.353209 6.673665 6.910527 10.86875 12.7567 13.58019 15.17865 24.60857 25.93388 25.93388 25.55845 25.55845 17.31318 17.31318 15.99057 15.99057 14.24074 10.71026 8.85028 8.85028 6.667315 5.924381 6.811225 6.811225 19.69865 19.69865 16.33613 6.204826 6.204826 11.92917 11.92917 6.99435 9.70606 17.79594 17.79594 17.65524 7.523414 7.523414 7.068085 7.12987 9.185045 9.185045 7.2251 6.309192 8.37683 11.03444 11.03444 11.9254 11.9254
17.47881 17.47881 16.09444 10.85616 10.85616 4.569614 15.29695 15.29695 8.841175 8.841175 6.303445 5.452531 6.490505 6.490505 6.58342 6.58342 7.707574 11.80309 14.74769 14.74769 10.76795 6.482898 9.361584 12.62442 13.16343 13.16343 21.46039 25.0144 25.26623 25.26623 23.80271 17.10478 11.283 11.2136 11.2136 10.72793 10.72793 5.628633 5.876985 5.876985 5.389025 5.307075 5.486616 22.6101 22.6101 15.63448 9.102 17.85436 17.85436 10.89354 19.70861 23.66076 23.66076 20.62266 15.03844 11.47707 11.33742 11.33742 6.926401 7.450843 7.450843 6.970716 9.470483 9.470483 8.549891 8.549891 10.24054 10.24054
7.377168 7.377168 7.284595 5.898363 4.951308 9.741187 17.04256 17.04256 11.25842 9.49061 6.369896 6.689975 7.190645 9.750775 11.51103 11.51103 12.73768 13.00717 13.00717 12.41369 10.20382 6.377278 7.413035 12.21581 12.21581 12.33714 15.03483 21.04559 23.48795 23.48795 23.48637 12.22256 10.31645 9.396805 6.824005 5.40375 5.87902 6.05405 6.324291 6.324291 5.82709 6.208797 16.1897 16.1897 11.98316 15.01611 15.02633 15.02633 13.32765 18.33072 19.40259 19.40259 13.78842 16.22066 16.22066 10.90813 11.62509 11.62509 7.394727 7.0293 6.79105 6.823739 7.551178 8.252215 8.47836 8.47836 8.687002 8.687002
9.161695 5.428491 5.428491 4.700987 4.930453 11.51376 11.80085 11.80085 7.505443 5.50109 7.120575 11.42803 12.29799 12.29799 12.48782 13.13103 13.13103 12.73927 11.42327 11.31826 10.66152 9.225855 11.14576 13.04976 13.04976 12.26548 12.26548 18.5694 19.11063 21.27964 21.27964 10.61682 10.61682 7.99889 6.256529 6.256529 6.501859 6.653975 6.653975 7.67068 7.833459 11.42684 11.42684 8.448668 7.086842 7.219699 9.229045 14.36576 22.40433 22.40433 17.3127 13.51704 13.51704 13.62481 13.73846 13.73846 13.53606 13.53606 8.203225 7.345611 7.0506 7.01435 7.464855 7.464855 7.083143 9.66176 9.66176 6.27833
11.69582 8.701439 6.493338 4.547175 5.641684 12.61133 12.61133 8.454848 5.44595 7.678601 7.81764 9.82039 10.78658 12.46841 13.15216 13.4613 13.4613 12.78028 12.13414 12.80932 12.80932 12.69776 12.43477 10.79922 10.55915 11.56364 11.56364 14.47618 18.89118 18.89118 12.66186 15.00306 15.00306 8.37354 9.898682 9.898682 5.964131 5.984759 5.984759 5.647644 5.206639 5.442225 6.357309 7.608575 7.608575 10.17745 10.17745 8.679005 11.65483 12.76451 12.91494 12.91494 13.00955 13.38944 13.41439 13.62046 13.62046 13.42683 9.238629 7.04114 6.939665 7.125715 7.125715 6.812481 7.601315 8.547 8.547 6.947795
11.42763 9.902255 5.511438 4.03 4.325876 5.655367 5.881146 6.679924 7.363452 7.363452 7.51567 11.04387 11.04387 10.68081 11.09926 11.94556 13.64847 13.64847 13.26421 12.64682 13.36015 13.36015 11.68729 9.874426 10.59889 11.43507 11.43507 15.53857 17.58668 17.58668 12.40729 11.52368 11.52368 6.937995 9.045035 9.045035 8.384096 6.252349 6.094827 5.466075 5.415651 6.088734 6.088734 6.692925 6.72696 7.361345 7.361345 10.53605 12.06067 13.15702 13.15702 13.2981 13.2981 12.54475 13.00913 13.33603 13.69129 13.69129 8.66105 7.13249 9.769449 9.769449 8.32043 7.674488 7.207708 7.207708 7.866375 7.866375
12.46177 12.20705 7.456341 5.7228 4.813873 4.554427 7.136136 7.136136 8.146386 8.146386 9.05093 10.18513 10.37963 10.37963 11.79111 12.86635 13.36607 13.36607 13.36588 12.83574 12.82345 12.2712 11.28962 7.962317 11.09543 12.67321 12.67321 13.961 13.961 11.6695 11.6695 12.45528 12.45528 7.39076 6.960914 6.960914 5.998296 6.567068 6.567068 5.602351 5.602351 5.958645 6.999949 9.542075 9.542075 8.257794 8.390005 13.3749 13.53479 13.53479 13.1497 13.26894 13.26894 12.54748 12.69671 12.69671 12.63993 11.98922 7.51685 6.884262 8.692718 9.019545 9.95645 9.95645 9.67186 7.475895 7.22779 9.98106
12.34884 12.27773 9.83985 6.884506 6.194805 6.97642 6.97642 6.561975 6.378894 6.510628 10.28969 10.28969 8.574656 10.1117 11.9593 12.92021 13.10716 13.19295 13.19295 12.93857 12.51681 10.96107 8.016049 6.51925 8.418927 12.76779 12.76779 17.24099 20.1882 21.73733 21.73733 16.55439 12.69513 9.96018 7.736107 7.736107 5.194685 5.194685 5.528901 5.528901 5.309468 5.353589 6.159446 8.519175 9.665775 9.665775 8.619145 12.66397 13.0079 13.25984 13.25984 13.25104 13.40928 13.40928 13.38154 13.2008 12.47798 7.758855 7.145635 7.145635 7.727417 9.205741 9.205741 7.167065 8.17234 8.17234 7.71386 8.206985
12.52777 10.02397 9.69097 6.5474 6.84074 7.136603 7.318605 7.499785 7.499785 7.090185 6.979945 6.80667 7.546797 8.266827 10.31112 13.05958 13.1757 13.1757 13.06836 13.06836 12.93779 12.73475 8.797859 6.302581 7.349535 10.15149 11.99961 17.98836 23.24737 23.24737 21.62008 15.43509 15.43509 9.842135 9.842135 9.473849 4.966176 5.238451 5.238451 5.282859 5.282859 5.10067 4.752857 10.7212 10.7212 8.464625 10.3453 12.15346 12.66088 13.23386 13.28141 13.39217 13.39217 13.06316 13.38725 13.38725 10.62833 7.410545 7.410545 7.24133 9.218542 9.218542 8.237373 6.69442 8.433905 8.433905 7.577508 7.11825
12.3778 7.087825 6.244618 6.750639 6.84544 9.115335 9.115335 6.727995 7.772 8.575065 8.575065 7.548215 7.548215 9.398295 9.398295 10.63909 12.42669 12.42669 11.96998 12.77911 12.77911 11.71519 9.21693 6.665431 6.686756 9.77058 13.78193 15.79817 20.51015 20.51015 13.54914 13.54914 13.17803 10.61679 13.13976 13.13976 5.8468 6.467959 6.467959 5.580076 5.580076 5.357625 5.402732 5.402732 5.582381 8.24084 9.986265 12.35337 13.47866 13.47866 13.36448 13.17037 12.99724 12.47604 13.73523 13.73523 9.29498 7.411375 7.698515 8.06162 8.82641 8.82641 8.643459 7.973915 7.41927 7.57852 7.640945 7.640945
8.410065 6.296066 6.892678 7.31573 7.31573 8.147293 10.9123 10.9123 7.100346 8.274578 8.274578 7.171623 8.108315 8.58789 8.58789 9.77558 12.85488 12.85488 13.02657 13.02657 11.69388 8.651035 8.043965 7.244176 7.705863 12.31686 12.78061 19.91413 19.91413 19.62387 14.03435 10.42147 10.42147 7.51466 9.903013 9.903013 5.938872 5.395487 7.004327 7.004327 6.13643 6.13643 4.769939 4.769939 5.27865 5.86751 7.43033 11.27387 12.84288 13.47575 13.47575 13.40771 12.80637 12.54705 12.81406 12.81406 7.71443 7.71443 7.033852 7.612998 7.612998 7.12797 9.391168 9.391168 7.967203 8.3889 8.3889 7.1778
9.024793 8.053171 6.967372 7.232896 7.232896 7.77833 12.65017 12.65017 8.597565 7.121658 7.121658 7.07619 11.16399 12.47746 12.47746 13.56809 13.56809 13.52514 11.97109 10.3422 11.78251 11.78251 10.2674 10.2674 10.24616 13.05883 13.05883 17.44117 19.51693 19.51693 12.2438 9.330765 9.494495 9.494495 9.331575 9.607183 9.607183 6.805558 6.586086 6.586086 6.579674 6.524667 5.044112 5.317914 6.54455 6.54455 6.823834 10.07828 10.95838 13.17175 13.17175 12.55976 12.32295 13.02723 13.02723 11.2495 8.56021 8.56021 7.742845 7.154844 6.950555 7.633685 8.136325 9.56489 9.56489 7.15755 7.15755 7.072201
7.437472 7.138031 6.897071 9.676614 9.676614 8.702222 7.63972 9.989705 9.989705 9.1547 9.36437 9.36437 9.120175 10.7481 11.76622 11.76622 10.52618 11.62973 11.62973 10.49364 13.09769 13.09769 12.29412 10.91779 9.372699 12.49643 12.49643 18.64675 18.64675 18.31429 11.10124 8.436895 8.31662 8.31662 9.410407 9.617234 9.617234 9.271238 8.831766 8.831766 8.416369 7.16644 6.21713 5.834742 5.537217 5.80594 7.900885 9.858006 9.858006 11.38023 12.63916 12.63916 12.93479 12.93479 12.83827 8.008697 6.757042 6.978061 6.978061 7.257058 7.701226 8.477588 10.0087 10.0087 8.634365 7.777959 7.422675 6.666734
9.231981 9.231981 7.534886 8.235627 8.620375 8.620375 9.770905 9.770905 12.71079 12.71079 10.07584 9.936193 10.93937 11.83817 13.46028 13.46028 12.80932 12.33257 12.15162 12.15162 11.97554 10.59385 12.96405 13.5743 13.5743 12.40104 12.40104 18.68645 19.90833 19.90833 13.29818 11.45195 11.00988 9.914335 7.80307 9.13994 10.57956 10.57956 8.912443 8.529554 8.529554 6.078333 6.810875 6.810875 6.892652 9.264979 10.16915 10.16915 9.85793 10.51991 13.51891 13.59783 13.59783 13.3722 11.21162 7.844971 6.771276 6.735018 6.671706 8.961635 8.961635 7.867203 7.688561 7.987749 9.108301 9.108301 7.022344 8.359806
13.586 13.586 12.34313 8.157733 8.157733 8.159405 10.05618 10.05618 12.74756 12.74756 12.09711 10.52096 10.57221 10.57221 12.836 12.836 11.07935 12.84912 12.84912 12.62257 12.12664 12.12664 9.626206 9.626206 9.231258 9.431415 13.83239 18.03969 18.03969 13.201 13.201 12.44383 12.07907 10.52223 10.52223 11.63541 12.14776 12.14776 8.3894 6.208108 8.245626 8.245626 6.01679 8.085844 15.38918 15.38918 11.39265 10.09063 9.3927 11.78756 11.78756 11.96228 12.11879 12.11879 11.6597 10.43763 7.99173 8.34338 9.150729 9.156796 9.156796 7.911195 7.911195 7.44605 7.778136 7.778136 7.166308 15.66444
